1 5
1999 10 94651 99307
887 282 509 675 816 675 816 412 633 675 
44 633
61 345
48 675
51 816
59 977
48 509
51 633
53 509
47 675
47 345
56 887
61 143
47 509
47 675
58 412
53 675
44 977
62 345
53 816
39 143
43 675
44 345
41 282
40 345
62 816
41 816
56 675
51 143
45 887
44 345
52 509
47 816
50 675
50 282
38 412
48 412
42 412
48 412
50 412
51 509
66 633
54 143
66 509
47 143
47 509
54 282
56 887
39 887
44 282
38 977
58 887
44 633
42 675
46 143
45 816
44 887
64 633
43 816
49 412
51 282
53 412
47 282
59 633
44 633
54 282
45 977
44 345
53 509
38 143
56 675
56 509
45 345
57 345
55 887
52 675
38 633
42 282
42 412
65 509
52 143
64 633
61 509
41 887
46 675
52 345
52 509
53 633
59 282
46 345
38 282
49 887
42 887
47 282
55 509
53 412
51 282
39 282
40 675
56 143
44 675
51 675
38 412
40 633
41 887
50 282
59 816
45 509
54 282
61 887
57 412
50 282
47 887
63 675
35 509
45 675
57 412
50 977
45 675
59 282
50 977
44 887
62 816
55 977
41 509
60 977
43 282
41 887
50 633
50 412
61 633
51 143
43 977
55 675
60 887
58 509
56 816
45 977
60 977
48 345
48 977
57 509
45 887
54 633
42 633
56 282
47 143
59 509
49 816
53 345
45 509
47 345
43 816
49 887
53 345
43 887
44 509
70 675
60 143
38 345
48 509
41 675
54 633
47 282
37 509
37 509
59 675
55 816
59 977
43 143
43 412
52 633
46 887
56 887
48 977
55 816
48 675
52 633
48 887
44 977
57 887
62 675
61 887
51 887
43 887
54 816
40 675
49 675
46 816
49 282
51 412
47 633
46 977
53 282
41 412
64 412
52 977
58 887
51 509
57 345
39 675
50 509
38 509
53 143
59 633
42 633
48 675
43 816
49 977
52 143
62 816
54 887
35 143
52 977
56 143
48 977
51 345
46 816
52 509
44 816
46 143
54 412
54 816
48 509
39 509
42 816
44 143
59 412
59 816
43 675
53 509
53 345
58 887
34 143
49 633
56 282
43 345
43 143
46 412
47 143
55 887
42 345
48 633
47 282
53 675
37 282
52 412
38 977
47 887
47 816
50 633
49 412
57 345
42 509
54 816
48 633
47 412
44 887
56 887
38 887
43 509
56 816
69 816
51 282
51 887
57 412
52 282
37 633
42 675
47 977
46 887
53 675
46 509
53 977
47 887
56 412
50 816
39 675
43 282
44 345
51 412
49 345
51 345
52 509
53 675
59 412
56 509
53 675
46 977
45 977
43 282
50 675
45 977
47 412
56 977
45 887
60 282
47 887
53 977
44 633
43 143
51 282
53 143
37 816
54 282
29 816
44 345
46 509
44 887
39 412
55 816
37 977
48 509
42 816
51 509
47 345
45 345
60 633
43 633
44 977
39 816
46 412
42 345
44 887
48 633
41 412
58 345
52 816
44 345
56 977
67 887
43 509
45 633
51 977
39 509
47 977
41 412
61 282
47 816
50 816
52 675
41 143
47 143
63 143
47 816
53 509
44 143
49 887
63 345
43 282
51 977
53 633
45 509
44 345
45 816
50 675
49 509
42 509
47 633
52 345
49 675
45 675
42 282
48 509
51 282
45 143
54 977
57 509
49 412
43 509
48 816
53 509
51 675
64 345
45 977
45 143
43 345
46 887
58 143
52 143
52 633
58 509
47 282
65 816
64 977
55 633
56 345
49 412
49 345
54 345
38 816
49 675
60 675
42 887
54 887
46 887
54 887
52 633
50 412
42 633
28 509
53 143
45 412
64 977
52 345
52 412
59 633
49 412
46 412
60 675
55 816
56 143
53 143
59 143
54 977
37 816
40 633
47 509
55 509
60 633
53 345
61 143
46 633
56 412
30 143
53 282
54 412
56 887
39 675
50 977
60 977
37 675
43 633
59 977
45 977
61 887
47 816
36 816
57 675
43 282
57 977
51 345
44 816
42 282
54 887
47 977
59 412
51 633
56 977
50 887
40 509
60 675
44 633
50 816
47 675
54 412
54 887
56 412
42 282
59 675
54 887
48 977
40 816
62 816
49 633
49 816
46 816
44 412
50 143
42 675
57 675
47 412
55 816
47 509
46 633
70 977
61 887
40 816
45 675
57 633
36 412
62 675
62 887
53 282
50 143
65 412
36 675
52 633
55 509
48 345
42 633
55 887
51 509
45 816
48 282
42 509
35 633
35 633
57 977
52 143
48 412
51 143
58 633
53 816
47 345
60 887
45 675
55 675
62 345
49 143
45 633
53 282
46 816
53 143
55 977
48 282
42 887
43 345
60 143
49 509
54 412
47 977
54 816
39 282
52 412
41 282
75 345
51 816
58 282
50 345
41 412
39 412
49 977
61 633
46 675
71 633
48 977
36 143
49 509
56 977
50 412
51 633
49 977
38 282
45 143
47 977
48 633
42 345
62 509
62 633
40 345
47 887
45 282
54 509
57 633
56 143
48 282
42 977
45 345
58 633
45 345
57 412
52 509
39 816
46 633
64 977
52 633
54 816
58 887
61 345
45 816
49 977
51 282
56 345
50 412
46 282
57 887
46 509
50 633
47 977
49 887
66 143
44 977
47 633
48 633
39 143
49 633
54 633
45 816
57 675
46 412
56 509
49 143
36 412
48 633
51 345
45 816
43 633
61 345
58 675
50 977
49 345
47 282
50 816
41 816
48 143
38 887
42 977
53 143
55 412
46 282
54 345
45 345
53 143
56 345
50 412
52 412
43 282
43 887
54 977
36 412
43 816
53 345
39 675
49 633
43 977
48 887
39 675
45 143
48 345
52 143
50 282
54 816
47 509
42 887
41 816
58 412
54 675
44 816
49 509
56 143
63 143
41 345
37 633
48 675
51 143
56 143
45 977
41 675
41 509
44 282
55 143
50 816
58 977
48 345
51 887
48 143
48 345
43 412
50 633
52 412
49 345
60 143
42 345
43 143
62 345
55 143
45 977
50 345
46 412
41 977
42 345
54 509
42 977
40 816
50 977
63 412
52 816
47 887
44 633
52 977
49 143
44 412
53 816
47 977
44 282
51 509
47 412
56 143
53 345
46 509
44 816
47 412
49 816
64 509
46 977
41 675
46 675
46 412
65 143
66 675
44 887
59 633
57 887
56 345
53 412
58 143
49 816
52 633
55 633
54 633
58 633
51 816
46 887
45 345
54 345
39 633
52 816
43 675
44 633
46 412
50 509
45 816
48 282
53 675
43 887
55 887
57 412
51 887
54 816
55 509
43 887
44 977
46 509
70 509
54 977
51 345
49 887
61 887
43 633
47 143
49 345
43 887
46 345
47 143
51 977
48 345
46 345
46 412
47 345
37 633
57 412
44 509
52 412
38 675
59 345
49 816
46 143
55 675
52 412
49 143
46 143
42 887
50 887
40 887
48 509
58 412
51 412
53 887
47 509
50 633
48 816
50 345
43 633
43 977
48 675
54 412
49 675
52 633
61 633
48 816
50 282
67 675
69 282
47 816
54 412
44 509
52 675
57 345
48 816
41 887
58 675
53 675
55 345
38 675
44 887
57 412
47 412
50 282
49 633
46 412
49 816
50 345
51 977
52 816
43 282
49 675
49 345
45 633
42 633
48 509
50 675
45 816
42 509
45 282
50 345
51 816
42 816
51 143
51 887
31 675
46 282
52 816
32 509
52 633
39 633
51 509
56 282
41 887
39 816
42 977
51 675
31 282
55 887
51 633
44 412
53 509
50 143
47 816
50 143
49 887
49 816
43 887
46 412
53 509
32 816
37 887
52 887
51 887
59 282
51 887
53 887
50 887
47 977
45 412
38 412
53 675
61 282
54 143
50 412
54 887
59 816
44 633
53 816
53 509
44 282
46 816
42 282
57 887
51 633
45 412
62 345
53 345
51 509
58 887
53 887
50 675
49 887
50 282
52 412
44 412
53 282
63 345
58 412
61 345
56 282
61 282
50 675
44 345
42 412
49 977
43 345
45 816
45 633
54 345
43 509
46 977
61 675
53 345
44 509
55 412
51 143
51 816
58 345
50 977
40 633
40 816
57 887
37 816
49 282
43 633
50 282
45 282
43 816
53 509
60 143
54 816
45 977
40 887
50 887
38 412
40 816
54 816
43 887
53 633
51 345
47 143
59 816
54 633
48 345
54 675
59 816
55 816
53 143
66 143
50 633
49 345
42 143
44 412
50 816
48 887
48 633
41 633
38 675
49 633
38 143
55 412
34 887
49 143
61 675
60 143
50 977
45 633
47 509
42 675
48 675
57 345
58 143
47 143
50 977
62 675
50 887
53 675
42 816
39 887
54 282
46 282
46 977
57 887
48 977
37 345
47 143
46 887
60 412
53 509
56 345
52 675
51 977
45 675
60 412
41 977
45 887
43 143
55 977
51 887
42 887
63 143
42 282
56 633
48 509
50 887
57 412
55 412
61 633
47 509
48 509
43 282
44 633
64 509
39 633
50 412
63 345
45 816
49 143
61 345
46 345
44 345
62 816
53 143
54 675
52 675
47 675
61 282
52 282
58 509
43 143
57 345
59 887
61 345
46 816
55 633
46 345
47 509
40 977
54 345
68 345
50 816
63 412
49 345
54 345
50 282
50 412
53 282
49 633
45 887
49 887
67 412
38 345
47 282
54 345
54 143
52 345
46 633
50 509
46 143
42 633
55 412
55 412
52 412
57 282
48 345
53 509
41 816
40 675
42 633
55 143
49 675
54 345
43 633
53 412
55 816
57 509
49 345
48 887
46 282
47 633
41 977
53 282
42 887
55 816
40 412
41 412
49 509
41 345
59 143
43 977
45 675
34 345
46 345
48 633
50 977
45 509
56 345
43 633
57 509
61 887
47 509
53 633
65 143
47 977
43 675
47 675
47 282
53 412
34 412
43 143
47 412
53 887
42 675
45 816
70 633
52 977
34 345
49 509
42 675
54 143
42 887
48 282
44 977
51 412
46 509
50 633
56 977
52 675
42 412
48 977
47 675
59 143
56 977
44 143
41 816
55 345
49 143
43 633
42 633
51 282
50 412
58 345
48 143
47 345
43 345
47 675
45 143
43 816
57 633
50 345
44 816
47 282
61 633
50 633
48 412
57 633
45 282
54 887
54 282
62 345
38 282
36 816
43 887
55 977
57 887
48 887
49 633
44 282
56 282
41 633
62 345
48 412
51 887
48 816
52 977
59 282
49 675
52 143
49 633
57 509
51 633
59 143
62 143
46 887
46 816
68 345
38 143
48 345
44 143
53 412
57 633
40 816
48 887
46 633
44 143
53 816
49 633
55 633
57 282
38 143
52 282
31 509
59 143
51 345
49 509
62 675
60 675
66 675
64 412
54 509
46 345
47 977
62 412
56 675
52 143
69 816
47 977
42 816
50 412
54 675
36 345
47 345
49 977
32 282
48 282
51 509
44 816
37 509
51 282
47 412
55 675
51 143
49 816
56 675
55 675
49 412
58 887
51 816
49 887
58 633
43 509
59 816
38 412
53 509
58 143
48 816
40 633
48 977
62 412
57 675
44 675
50 633
46 977
45 675
39 977
58 509
46 633
56 143
50 143
54 143
58 282
43 345
51 509
41 282
50 977
55 412
49 282
40 345
54 633
52 143
46 282
50 412
48 345
37 282
52 509
51 143
52 977
51 675
50 633
48 282
54 816
52 816
37 509
48 509
48 412
52 633
48 633
47 887
54 887
51 282
51 282
45 412
44 887
52 816
39 816
35 412
46 675
48 633
46 345
43 977
56 143
61 816
51 633
43 675
57 282
50 143
49 816
56 977
42 282
54 345
59 412
51 345
38 977
53 977
54 633
44 509
37 633
47 977
49 887
55 509
40 509
56 816
59 887
56 887
52 977
33 143
55 143
47 887
42 509
61 633
53 887
44 509
59 977
42 143
46 633
35 412
43 282
50 345
47 509
52 143
58 887
45 816
60 977
58 977
53 887
67 675
62 345
47 412
56 977
53 977
51 143
52 633
50 509
40 509
53 345
51 675
48 816
45 345
47 143
62 816
54 633
67 412
58 633
54 143
46 143
60 675
60 977
51 345
59 633
41 675
50 816
51 633
39 633
42 412
53 633
45 633
51 509
55 977
41 816
46 143
40 509
42 509
54 412
54 887
51 412
52 345
44 345
45 412
50 412
55 887
36 345
52 345
49 977
47 282
40 282
40 816
58 509
50 143
38 633
41 977
47 887
54 282
46 675
65 633
47 509
30 816
56 633
35 816
52 143
57 816
52 675
35 675
50 282
47 509
45 412
41 816
45 977
37 887
39 282
47 675
49 675
57 143
49 143
49 633
54 633
48 887
52 345
55 143
50 887
54 345
40 887
50 675
54 412
52 345
55 282
38 816
43 143
52 675
41 675
55 977
42 816
49 633
51 509
47 412
53 143
51 282
45 816
59 887
44 509
46 675
50 675
55 816
56 509
39 345
53 977
54 282
52 633
43 345
60 509
48 143
57 977
46 509
48 977
49 887
39 143
49 633
49 412
49 282
47 282
45 509
54 633
36 143
54 675
53 816
50 633
53 143
49 143
57 345
56 977
43 412
49 675
56 143
53 412
57 345
39 633
44 143
54 282
52 345
58 345
47 282
45 412
54 143
57 633
57 633
51 633
54 633
58 977
64 509
53 887
56 143
61 675
41 977
45 977
58 633
49 345
39 977
57 816
51 675
48 282
51 282
35 509
63 143
42 977
59 675
43 345
40 345
45 977
61 282
51 633
44 977
55 282
43 345
53 143
41 143
48 412
42 887
52 509
65 143
48 675
43 633
56 143
46 633
50 509
53 282
46 412
53 887
51 887
44 412
45 977
56 509
47 887
68 509
59 816
50 816
57 282
55 675
52 143
48 509
54 509
53 143
53 816
45 282
50 412
37 887
38 633
54 887
54 633
48 816
57 509
49 675
56 675
49 977
51 143
58 509
37 282
34 633
57 143
68 816
44 887
50 977
54 887
54 816
53 143
57 816
54 887
44 633
56 633
35 633
52 509
44 509
59 816
45 977
40 345
47 633
57 887
61 887
41 509
47 633
45 509
69 887
46 633
51 675
44 977
43 977
49 143
50 887
47 412
52 143
40 143
42 509
51 282
49 509
54 675
49 816
59 282
50 412
48 977
54 143
48 282
52 412
30 412
58 633
58 345
59 675
63 412
45 816
52 887
37 345
56 282
58 345
48 282
47 143
47 509
44 816
59 509
55 816
50 345
56 633
64 887
42 675
54 675
52 412
46 816
49 633
51 345
56 509
53 509
46 282
57 412
60 509
48 412
53 887
35 675
45 977
45 816
61 509
50 816
70 633
36 633
38 675
48 412
47 633
51 143
47 412
48 887
46 977
48 143
29 887
66 282
47 143
40 675
55 282
51 412
53 345
56 509
54 282
47 282
57 887
40 977
58 633
49 887
50 412
45 412
45 675
42 675
53 412
54 509
46 977
49 887
57 509
53 816
54 977
56 143
36 412
47 816
53 633
52 816
52 633
43 887
53 143
47 633
46 412
45 412
63 633
46 887
63 282
42 887
50 675
51 509
36 977
44 345
52 509
40 509
65 633
50 675
56 412
62 509
65 412
58 412
49 675
47 633
55 816
57 816
42 633
37 675
68 977
52 633
43 887
50 887
41 282
53 143
46 412
48 977
50 345
38 345
47 887
52 887
51 412
44 977
55 143
54 282
54 509
40 977
60 816
51 977
51 887
51 509
35 977
40 282
50 412
46 633
66 977
49 633
52 412
55 887
43 816
65 633
43 887
40 143
61 509
50 143
47 282
57 675
44 282
46 143
47 633
52 633
45 977
46 887
41 412
51 345
53 412
45 412
42 282
57 345
46 509
46 143
45 887
48 412
58 412
54 633
44 977
52 412
47 345
50 977
43 509
50 675
57 143
47 816
46 509
39 412
53 412
56 345
58 282
51 887
64 143
55 412
37 977
45 143
52 282
49 143
54 509
50 633
48 675
47 412
48 412
54 675
50 412
54 887
46 887
37 675
44 887
52 345
40 143
39 675
55 345
50 509
35 887
56 887
39 282
45 509
45 345
48 412
52 675
36 509
51 633
56 816
58 412
52 412
60 282
44 675
52 143
48 143
45 143
49 509
53 412
64 345
55 345
40 412
46 675
48 509
69 675
50 509
47 887
51 633
51 282
43 887
67 977
64 675
45 977
53 345
37 633
47 977
53 143
43 282
37 412
52 509
48 816
46 412
45 816
54 675
59 887
50 345
53 816
44 412
45 633
47 345
46 412
53 816
50 633
50 282
57 675
41 887
51 633
51 675
49 509
45 977
36 143
76 412
54 509
56 412
46 633
55 977
47 282
52 816
54 977
46 977
53 412
43 887
56 345
53 816
42 412
42 816
45 887
60 633
60 143
43 509
56 143
57 509
39 345
48 816
41 977
50 675
60 412
50 282
43 675
66 633
49 977
52 977
42 509
42 633
47 509
57 282
44 816
54 282
55 633
47 977
54 816
50 887
51 675
36 143
44 633
56 977
40 816
52 282
46 143
42 977
55 509
56 345
46 282
59 282
59 282
50 887
50 143
54 977
56 675
45 633
54 675
54 345
42 143
50 887
56 345
43 509
50 977
51 509
65 887
62 675
48 816
40 977
51 633
49 143
70 633
53 887
49 345
42 412
52 675
48 887
64 143
51 816
48 633
59 345
56 816
51 412
50 143
59 345
61 412
55 816
44 143
47 412
50 509
56 633
45 633
51 412
51 633
60 887
44 143
52 977
56 509
52 675
42 345
54 282
35 282
49 633
42 143
40 509
40 977
40 633
52 816
51 633
48 345
50 633
43 887
56 345
46 282
52 633
49 977
50 412
59 816
44 675
55 412
57 816
52 675
53 675
42 345
54 282
55 887
51 633
60 282
45 412
44 143
56 977
36 887
37 633
40 675
48 143
51 675
46 887
52 345
57 816
52 412
42 509
61 345
49 412
58 887
1980 8 3439 98920
512 656 524 88 512 691 512 656 
40 728
47 88
48 490
46 138
59 138
40 691
52 524
49 691
53 138
60 656
53 512
39 656
42 512
63 512
48 88
44 524
48 512
46 656
53 524
52 88
57 656
46 524
65 656
40 88
48 691
42 656
41 512
46 512
52 88
48 490
36 88
46 88
40 88
52 656
60 490
44 728
58 490
39 524
53 728
62 490
43 138
48 691
53 691
50 524
39 728
49 512
52 524
54 88
61 490
56 656
52 512
55 138
52 728
49 728
37 524
48 88
70 524
42 656
48 490
57 728
46 691
51 524
50 88
43 656
47 490
62 728
67 691
51 512
55 490
51 490
44 512
46 88
52 691
77 490
30 138
49 691
47 656
59 656
62 524
57 88
59 656
66 691
49 512
52 728
45 138
48 138
52 524
39 138
50 490
45 138
51 88
43 512
39 138
42 88
50 656
52 656
66 88
54 88
55 656
43 88
49 490
38 138
38 656
49 512
41 88
57 728
50 524
55 656
45 490
54 138
44 656
49 691
51 691
45 524
48 88
45 728
53 691
49 138
53 490
59 138
42 524
49 88
49 728
50 138
49 728
48 88
59 691
52 490
54 728
47 138
37 138
57 88
46 524
62 512
47 88
56 138
52 512
54 138
43 490
57 728
52 490
60 490
49 88
77 88
46 691
50 138
45 88
57 728
47 656
48 656
60 490
49 490
62 656
58 88
62 88
45 88
42 512
50 512
48 691
51 88
54 490
49 691
61 728
55 524
55 490
45 728
56 656
42 524
52 656
44 512
44 728
58 656
46 691
41 88
48 512
52 691
44 512
43 728
40 490
51 490
45 691
37 691
49 656
53 728
49 691
55 490
40 138
53 728
47 138
51 138
36 728
52 656
56 691
46 88
42 138
42 524
47 88
50 691
40 524
46 691
48 490
52 490
61 138
50 138
54 512
47 524
51 138
52 524
51 512
52 728
45 524
51 524
52 524
50 728
62 138
47 138
55 691
50 88
52 138
56 512
41 512
43 656
52 490
52 88
41 691
65 138
52 656
47 524
45 490
56 138
55 524
47 490
48 691
48 490
47 728
42 138
59 524
54 512
63 524
53 512
39 691
54 490
50 656
50 728
50 691
52 524
47 691
59 691
47 656
57 656
46 524
55 88
46 138
52 691
58 138
63 512
44 490
46 138
46 656
46 691
59 656
53 490
62 524
61 691
43 524
36 524
49 691
47 728
58 656
40 512
54 138
49 728
54 88
46 728
60 524
50 512
48 691
47 88
58 691
40 512
46 691
51 88
50 88
56 524
49 512
46 490
43 691
52 524
37 691
39 138
47 728
44 88
52 524
59 691
56 490
37 490
44 524
53 138
43 512
36 512
48 490
40 138
49 490
49 512
46 691
44 691
58 490
48 512
41 490
50 656
48 88
49 656
60 490
58 524
48 512
55 88
42 728
42 728
44 524
57 88
59 490
49 512
59 512
49 512
43 88
45 728
55 524
58 490
45 656
66 490
50 512
48 524
57 656
48 656
48 490
54 490
49 490
48 656
51 728
50 88
58 691
47 490
58 691
60 490
62 691
52 691
62 138
37 728
56 88
51 88
54 88
45 728
40 88
49 691
43 88
62 728
55 728
44 512
49 691
45 138
52 728
49 524
36 656
58 512
59 138
44 512
38 656
45 512
44 524
58 656
55 656
44 88
38 728
42 512
55 524
44 490
57 138
49 691
70 524
44 138
54 88
52 524
53 490
53 138
46 512
51 728
48 138
43 728
53 490
48 88
47 138
56 88
50 138
49 728
39 88
58 728
45 691
46 490
54 691
44 691
43 138
41 524
50 691
48 656
42 691
53 512
50 656
50 656
60 691
38 728
34 524
50 138
49 728
48 728
43 138
49 524
52 490
67 88
44 728
61 138
39 524
45 138
55 490
61 728
49 656
48 524
56 728
48 490
47 512
51 524
52 656
50 490
44 88
51 88
50 138
47 138
51 691
47 88
36 88
47 138
61 88
54 138
48 512
53 490
52 138
47 691
48 512
65 691
46 728
51 656
49 88
53 512
59 138
59 691
47 656
47 512
49 691
45 512
50 691
50 728
55 88
50 138
43 138
60 490
53 728
56 524
41 138
66 656
61 656
44 88
63 524
47 691
43 490
52 524
57 524
56 728
50 656
43 524
54 138
61 490
47 728
41 512
50 656
50 656
54 138
48 524
56 490
39 524
55 524
50 490
42 728
51 524
43 524
58 728
55 138
52 512
39 512
44 656
59 524
58 691
49 691
39 490
43 656
47 88
58 728
53 490
46 138
54 512
56 691
70 490
49 524
43 88
46 656
55 728
48 138
39 138
45 728
49 524
55 728
48 524
38 691
51 512
53 88
54 524
48 656
51 490
55 88
57 524
38 656
55 88
34 138
59 88
51 656
47 88
52 512
56 656
41 728
54 490
57 524
48 656
47 524
51 691
61 524
51 728
53 524
39 656
51 512
59 490
43 138
47 691
48 88
55 656
57 512
57 88
48 88
49 490
57 656
44 524
57 524
31 88
42 524
55 524
44 512
45 728
38 512
46 728
52 490
52 88
62 728
54 728
55 490
53 138
59 490
42 490
43 512
53 656
42 656
31 524
56 691
52 512
53 524
61 524
53 88
42 512
51 512
46 138
50 88
50 656
51 512
64 728
55 524
63 728
41 524
56 88
53 656
54 656
52 88
70 728
57 512
53 524
59 524
53 728
35 490
51 728
50 88
48 691
39 728
38 490
59 691
47 88
48 490
54 728
49 490
47 138
54 524
44 88
72 524
46 691
50 728
52 138
54 88
51 728
46 524
40 88
60 138
45 691
48 656
52 656
59 138
58 691
44 512
60 524
44 691
46 88
54 138
45 138
48 524
50 691
49 138
47 691
48 656
57 490
54 656
56 138
60 512
44 138
51 524
42 88
55 512
52 691
52 490
44 512
33 138
49 490
57 524
57 728
53 691
50 138
45 728
44 490
58 691
49 656
49 138
54 728
45 88
56 138
54 138
47 88
44 656
49 512
55 728
46 88
54 138
46 138
47 88
56 691
49 691
57 728
45 512
49 512
42 524
49 691
44 524
54 512
58 490
51 88
36 728
51 524
56 524
58 88
57 88
48 656
52 728
41 512
55 656
43 490
48 728
43 512
45 490
53 512
49 138
36 512
48 88
54 524
60 512
47 656
47 512
33 691
49 656
52 656
52 728
60 524
40 490
45 512
58 691
55 524
52 728
49 656
49 490
48 656
47 691
48 138
59 691
62 138
41 138
48 728
42 512
43 138
42 656
48 524
69 524
59 656
57 524
45 728
55 88
43 138
52 524
59 656
56 656
65 512
49 490
54 88
47 524
52 524
46 512
40 490
42 88
57 490
44 728
43 88
46 691
47 524
30 512
52 656
60 524
36 138
45 728
63 728
49 490
50 88
46 524
47 88
45 691
47 138
48 728
50 88
49 138
52 88
44 138
48 656
39 691
38 691
59 691
43 691
47 88
57 656
50 138
51 88
50 656
43 524
48 656
48 490
53 512
43 524
59 512
44 656
50 656
61 138
59 656
52 728
54 512
40 524
50 88
59 656
51 88
51 656
43 691
32 512
58 490
37 524
57 691
53 691
40 728
56 691
47 691
41 88
57 88
52 88
38 138
58 524
51 138
45 138
42 728
63 512
50 490
51 490
42 728
45 88
44 138
50 691
48 656
48 490
48 691
37 691
60 656
43 138
50 524
54 728
48 88
49 524
54 88
56 691
53 656
54 656
59 88
52 88
46 512
52 88
37 138
45 691
56 728
46 691
40 490
57 490
55 138
60 524
51 524
45 524
52 691
53 656
55 656
53 490
40 728
61 138
57 656
60 656
42 728
44 728
46 490
47 490
49 728
48 728
50 490
53 728
55 490
56 88
65 691
32 728
31 490
59 728
46 656
55 691
70 490
51 512
41 138
40 728
55 512
55 512
47 138
42 88
60 512
44 88
40 524
51 524
62 88
45 524
34 138
44 524
44 656
51 656
43 88
48 88
52 490
56 138
51 656
50 691
52 88
42 138
57 490
51 728
58 490
56 138
52 490
47 490
43 138
71 88
53 524
48 728
44 524
57 524
60 728
52 138
59 512
47 656
62 691
58 691
41 512
58 138
42 524
59 728
51 512
43 512
31 138
52 512
47 691
40 656
65 88
43 656
49 691
46 138
63 656
49 691
46 728
40 728
36 691
50 691
65 490
51 512
48 138
45 512
43 490
47 88
54 524
53 512
52 512
55 138
56 691
32 656
58 490
48 524
61 656
68 138
38 88
49 138
49 691
51 691
41 524
52 512
58 524
45 138
51 88
41 138
49 512
52 656
56 656
56 691
50 138
56 691
46 728
51 88
45 490
56 88
41 512
51 512
59 88
53 691
55 138
53 490
37 524
55 490
60 512
54 656
55 728
54 656
56 691
60 490
49 728
50 138
44 88
48 656
49 524
45 524
47 138
44 728
50 524
47 691
50 138
56 656
48 728
55 691
58 490
41 490
59 524
57 691
60 728
55 88
61 656
52 88
51 512
44 524
51 490
44 691
36 691
56 656
53 490
44 691
44 138
47 728
48 490
41 138
49 512
56 524
45 656
50 728
50 524
55 656
48 691
40 512
43 691
48 524
66 524
49 512
51 656
51 490
47 524
60 728
50 512
51 490
57 512
63 656
48 656
40 88
55 691
50 656
44 138
54 728
54 490
49 691
53 490
49 88
46 691
45 88
57 88
51 512
43 728
46 88
43 88
54 512
41 88
43 88
50 512
41 656
45 138
49 88
46 691
50 728
50 512
52 691
46 524
51 512
57 490
52 524
41 138
62 512
60 728
49 490
42 691
42 138
49 524
61 728
54 490
54 490
61 656
44 656
46 728
60 138
43 512
51 524
54 691
64 490
53 691
54 138
45 656
51 691
45 512
48 656
37 88
46 656
58 512
56 691
52 656
36 88
50 490
46 691
49 138
44 691
35 691
43 512
61 490
58 138
53 88
52 691
60 656
43 691
51 524
47 138
47 728
49 728
50 691
52 656
53 728
50 524
49 490
53 524
67 512
53 490
42 691
45 656
48 490
54 88
47 490
62 490
59 691
58 656
44 728
45 138
62 88
52 691
56 524
65 524
63 138
45 512
51 656
47 88
52 512
46 88
49 490
51 490
62 490
44 656
57 524
50 138
45 691
57 524
42 88
65 728
55 490
57 512
50 490
60 490
45 88
64 490
40 490
48 728
46 656
43 138
48 656
45 512
46 490
48 728
40 728
47 138
61 656
51 138
56 490
53 691
51 512
58 138
38 691
61 512
40 88
48 490
47 88
43 728
50 138
43 512
57 88
57 691
46 88
44 490
51 656
43 728
61 691
38 88
60 524
41 524
44 88
57 524
52 656
52 490
49 728
66 691
53 524
44 656
44 728
41 512
49 512
36 656
52 490
50 728
58 490
51 138
47 138
49 656
44 656
51 490
53 691
56 512
58 524
38 524
51 88
61 512
48 524
53 512
38 512
45 728
51 656
65 512
49 691
55 490
41 512
54 512
46 88
43 512
44 691
47 512
50 524
56 656
47 524
46 691
51 88
54 138
61 490
45 524
60 728
40 138
53 88
52 138
47 691
55 138
51 138
45 512
57 656
51 524
44 656
66 88
51 728
59 728
35 512
47 691
45 691
51 490
45 656
47 728
42 88
52 656
60 490
46 524
55 490
60 728
43 138
50 88
46 524
48 512
55 656
49 88
45 728
44 88
55 138
53 691
61 728
58 524
46 656
49 490
32 512
43 490
60 88
36 88
48 138
66 524
39 728
69 728
53 524
40 656
50 88
53 138
46 88
32 490
44 524
53 138
43 138
43 728
46 138
54 512
41 490
53 524
48 512
56 88
45 691
37 88
40 88
39 490
44 691
44 728
50 524
56 691
52 138
54 691
46 524
45 88
46 728
53 88
48 138
49 656
59 138
54 728
49 490
52 524
54 656
42 490
58 490
48 691
60 138
52 728
58 656
48 490
55 138
42 88
53 691
53 490
44 728
45 512
59 691
50 656
50 728
46 88
47 524
55 691
64 88
55 88
47 728
57 88
43 728
56 524
53 691
29 656
46 728
53 138
46 524
55 490
58 691
45 728
41 728
36 88
45 656
58 512
49 656
38 512
44 490
63 490
60 656
44 512
41 656
51 512
47 524
58 88
59 88
40 691
44 728
60 656
46 512
47 691
50 490
48 691
47 656
55 656
57 656
52 490
60 88
45 524
56 138
41 524
57 88
61 512
53 656
36 490
45 138
55 728
41 691
49 691
53 524
43 88
58 524
64 691
38 490
56 138
48 88
56 728
59 490
40 512
48 691
59 656
55 524
56 656
55 490
48 524
55 88
64 138
64 524
49 728
51 524
59 524
55 524
51 656
49 524
39 512
54 524
55 728
43 512
58 88
62 490
49 138
58 88
44 656
50 656
34 728
61 138
59 728
50 728
52 138
58 728
49 524
47 512
38 138
57 138
37 728
52 88
50 490
41 691
35 512
43 728
63 728
47 691
52 656
55 728
50 691
51 490
51 656
53 490
38 524
54 728
52 656
42 88
47 490
45 88
34 512
47 88
49 512
59 490
45 88
52 138
44 691
45 88
42 656
47 524
65 512
53 524
48 691
45 656
46 691
48 138
51 524
40 490
45 691
51 691
54 490
52 691
51 656
43 691
48 691
41 691
47 138
48 88
44 656
41 490
47 88
42 524
55 138
54 524
53 656
43 490
46 490
55 88
52 490
56 728
42 691
41 490
53 512
51 138
38 88
49 88
49 524
49 691
64 512
49 524
47 524
48 524
55 728
42 691
47 512
52 656
65 656
53 490
53 524
49 88
60 138
46 524
51 512
52 88
39 512
38 88
55 728
57 691
49 490
45 490
53 490
47 524
74 728
37 490
48 138
49 691
42 138
52 490
63 524
44 88
52 490
49 512
60 512
51 524
49 728
50 490
62 656
44 512
51 490
57 656
53 88
52 691
48 88
44 656
55 88
63 88
49 512
44 728
47 138
56 524
55 656
50 512
46 691
55 691
55 138
59 512
53 490
45 490
57 88
60 691
58 728
47 138
48 512
60 138
57 656
47 88
41 512
61 691
44 656
48 138
50 490
49 490
48 691
49 88
51 728
48 656
38 656
58 656
47 138
42 728
42 728
48 524
43 728
42 691
47 88
58 88
51 691
56 490
34 524
62 490
41 691
40 728
45 138
55 524
52 512
45 656
59 728
55 728
46 490
49 524
52 524
47 138
51 138
65 138
50 138
45 656
45 138
61 691
63 728
52 138
51 691
45 512
63 88
46 490
47 524
34 490
61 512
44 656
55 490
63 524
53 490
43 512
47 728
45 512
51 524
51 728
45 138
50 524
42 512
46 524
41 728
61 512
58 656
44 490
37 691
42 88
54 490
50 88
56 512
41 691
57 512
48 728
51 524
54 88
44 88
42 524
47 512
51 656
41 691
51 490
53 728
57 88
48 524
55 728
46 490
43 524
35 728
72 88
55 656
54 138
43 512
37 656
57 656
53 512
50 524
45 728
56 656
51 490
58 691
56 512
53 728
40 138
46 524
63 728
43 524
42 138
49 524
55 512
58 728
58 691
51 88
44 524
54 512
52 728
55 512
45 512
41 490
64 728
44 88
46 512
57 138
54 524
50 691
42 524
60 691
50 691
38 138
37 691
44 524
44 524
57 656
51 524
54 656
61 138
47 728
59 490
56 512
42 728
45 88
54 512
54 490
66 512
50 490
44 656
48 524
52 88
49 728
50 88
36 728
64 490
46 524
38 728
53 524
52 88
74 138
63 524
48 691
54 88
68 656
47 656
47 512
59 656
43 88
46 138
44 656
46 691
68 490
48 656
58 490
52 656
57 138
55 691
56 88
41 512
56 490
56 88
53 656
58 138
50 512
48 524
43 524
44 691
51 490
60 691
62 691
58 512
56 88
42 490
37 512
53 88
50 691
46 656
48 728
45 88
48 524
46 524
50 728
55 524
36 138
43 512
40 512
41 728
42 512
47 691
52 691
43 524
46 512
42 490
49 512
55 728
52 524
59 138
45 728
48 691
48 490
45 490
48 88
44 728
49 728
39 691
52 728
50 512
49 138
51 88
59 138
41 490
48 691
49 524
53 728
58 728
60 691
48 691
51 88
61 490
57 512
43 656
52 728
37 88
43 728
50 490
55 138
50 490
59 88
49 656
49 524
44 524
53 691
54 691
47 490
49 490
48 490
44 490
58 490
40 88
52 691
41 138
46 512
60 691
41 728
58 512
52 524
40 728
65 728
51 490
55 656
44 512
44 138
45 512
55 656
40 728
41 524
37 512
58 88
48 88
44 88
56 512
48 88
45 88
62 138
40 728
37 138
44 88
41 138
38 524
47 691
53 656
45 656
52 512
39 524
55 490
50 728
46 656
47 691
53 656
51 524
45 88
52 490
47 656
55 524
58 691
52 88
41 138
45 728
43 490
53 138
42 490
57 138
41 88
50 691
54 691
40 728
31 138
55 691
46 138
51 490
56 88
48 728
44 524
59 138
57 691
45 524
44 490
56 691
61 524
50 138
37 728
52 512
45 728
54 524
45 490
48 88
54 728
52 691
43 88
43 88
46 88
68 524
49 88
46 656
62 524
49 524
50 691
49 88
46 490
44 524
46 490
49 728
62 490
40 512
52 691
51 512
48 490
47 138
50 656
41 490
46 656
51 138
59 88
37 490
51 490
61 88
47 656
39 691
54 512
50 490
44 691
55 728
52 490
43 138
43 88
55 524
46 656
47 490
61 88
51 490
57 88
48 691
49 656
43 490
50 512
52 656
46 88
63 512
47 88
61 138
50 691
46 691
58 88
48 728
53 524
59 512
51 728
49 138
42 524
46 490
1999 9 17219 98180
110 225 985 110 896 713 531 985 110 
43 531
41 985
53 110
51 969
54 225
47 985
54 531
42 110
66 713
52 201
41 110
51 201
45 985
57 896
36 896
48 445
52 713
61 713
40 110
51 445
58 531
58 445
41 445
43 969
49 110
59 201
49 896
51 985
52 713
48 225
48 110
54 201
60 110
46 713
39 985
44 201
54 225
50 110
46 225
63 985
48 713
43 225
54 201
44 896
53 225
52 445
46 969
42 110
62 969
52 110
43 969
47 896
49 713
61 225
61 969
52 896
52 110
46 445
52 445
46 201
58 445
49 969
45 985
44 225
55 969
47 225
44 896
49 969
30 969
43 110
46 445
45 225
42 969
45 713
46 225
50 445
42 985
40 713
48 225
63 985
65 445
49 896
39 201
56 531
55 201
52 225
51 110
55 713
50 225
50 985
45 896
47 985
43 110
50 201
47 225
51 896
53 225
53 445
50 896
52 445
61 201
39 225
49 713
46 110
49 713
62 985
50 201
48 896
53 445
60 110
42 969
54 225
31 713
49 201
54 985
64 896
48 531
54 896
48 969
54 201
50 110
54 985
39 201
55 225
50 896
50 985
53 896
51 445
40 713
38 225
48 713
69 225
52 896
43 985
56 985
58 531
54 110
43 110
47 985
35 201
56 225
48 110
42 225
58 445
47 201
42 713
48 201
48 896
45 531
44 531
55 445
54 713
53 445
43 896
51 985
60 531
44 531
50 985
44 531
56 969
49 985
63 445
39 896
51 985
47 225
48 225
49 445
48 445
53 531
42 445
44 225
56 531
46 531
39 985
42 110
54 201
50 201
45 110
31 896
49 896
49 225
60 713
52 201
42 201
37 110
38 110
55 201
48 225
58 225
53 110
55 713
58 896
48 896
49 985
47 225
49 225
48 896
46 985
50 531
44 896
47 713
45 531
45 896
48 201
45 445
59 225
57 985
47 896
38 969
41 713
54 531
48 445
33 985
46 713
55 225
50 445
47 445
48 896
53 969
73 445
45 896
50 445
45 531
57 110
60 445
56 110
51 531
42 531
51 896
63 531
39 969
43 896
46 713
44 896
47 985
44 110
49 445
46 531
42 110
45 445
47 969
48 969
54 969
49 201
53 201
66 110
59 969
42 225
69 225
63 985
47 445
39 985
44 445
58 969
35 969
42 985
50 531
62 969
63 896
45 445
48 985
43 110
49 985
52 985
46 110
46 969
48 985
40 445
43 225
43 969
49 531
55 225
45 110
47 445
42 225
50 985
46 445
53 713
46 445
40 713
46 985
42 201
45 225
42 445
43 531
32 713
43 201
50 225
48 110
52 985
53 110
37 985
55 531
58 201
44 445
54 201
39 445
45 110
59 201
47 713
45 713
51 985
37 201
50 896
42 713
60 201
59 445
46 713
41 969
53 110
54 985
45 225
55 713
38 713
52 531
46 969
59 985
46 531
58 445
46 445
46 896
43 713
55 225
54 985
51 713
57 969
42 531
46 985
42 985
61 225
57 445
31 225
47 896
61 110
40 713
61 445
44 201
38 445
57 531
56 969
45 445
49 713
49 225
56 713
41 985
61 225
56 201
51 201
44 985
40 985
52 985
41 110
57 969
48 985
46 985
64 713
43 896
59 110
49 531
47 225
48 969
56 531
38 225
52 225
49 445
63 969
48 445
49 445
37 896
47 225
43 445
57 969
50 445
49 225
49 110
49 225
55 969
56 969
51 713
53 201
54 445
45 110
46 225
48 713
47 985
42 110
46 201
61 225
48 110
51 713
49 225
41 985
44 110
46 531
49 201
61 713
55 445
40 713
65 985
57 969
47 110
61 531
54 201
50 985
59 896
44 110
58 110
53 985
44 225
44 225
48 225
39 201
35 896
55 201
56 896
45 110
45 225
58 531
46 201
67 713
56 110
53 896
55 201
41 201
41 531
40 985
48 201
38 531
38 713
61 225
57 896
42 225
48 969
39 969
48 225
45 225
49 225
47 110
45 445
49 713
55 445
40 969
50 985
61 713
55 225
52 985
49 445
48 985
46 531
43 969
46 985
59 201
47 985
45 713
56 110
41 713
47 713
39 969
58 201
51 985
42 985
60 969
50 531
55 896
49 445
42 531
47 713
48 969
47 969
61 896
51 531
52 985
53 445
43 896
43 445
49 110
53 969
64 713
43 110
48 201
60 201
52 896
48 531
38 896
57 896
48 445
51 896
53 985
64 896
48 110
46 896
47 225
47 969
48 110
44 713
46 713
52 201
44 985
56 110
42 985
43 110
44 713
48 969
54 713
52 201
39 110
49 985
44 896
44 985
56 225
65 201
53 201
48 531
48 445
47 201
51 985
52 896
51 201
51 445
50 110
41 445
47 225
40 969
42 713
48 445
47 445
47 531
39 445
49 201
57 531
40 531
35 985
57 531
43 110
54 985
44 225
46 201
60 110
46 531
44 969
54 225
47 969
44 225
40 225
51 110
52 225
57 969
44 110
43 225
50 201
47 985
46 985
39 531
52 110
40 985
45 110
43 969
42 713
42 531
43 969
45 713
39 896
54 225
51 713
49 896
53 201
54 201
50 445
48 225
50 969
44 713
49 985
41 531
58 713
51 110
49 531
42 896
52 969
55 225
59 713
54 225
36 445
53 969
40 985
68 445
42 985
52 531
60 985
38 201
55 896
48 445
41 985
48 896
42 969
50 985
53 985
51 713
61 713
49 713
42 225
39 985
54 225
44 896
51 531
50 969
52 445
49 225
57 713
53 225
47 445
67 445
72 110
56 985
54 531
54 985
57 713
52 110
52 985
52 225
42 110
60 713
65 896
35 531
37 225
61 445
55 531
49 896
45 225
43 896
48 445
60 896
57 225
64 969
44 985
45 896
54 110
45 110
54 531
50 110
47 110
50 896
54 445
47 713
36 531
55 110
48 110
54 225
44 445
43 713
51 225
45 445
60 985
46 201
53 110
56 985
54 445
59 110
55 225
46 969
46 225
46 896
53 201
43 201
53 110
57 201
54 110
56 201
44 896
54 110
57 201
50 713
49 896
60 969
40 896
40 225
38 969
51 896
46 445
49 110
55 445
46 110
58 110
50 896
56 225
45 985
60 110
35 201
46 201
57 201
55 969
43 225
43 985
46 969
49 896
46 713
67 985
51 445
56 985
49 531
53 225
40 896
48 110
53 969
52 531
45 713
44 201
35 713
37 896
46 985
53 225
52 225
54 713
41 531
48 985
52 969
58 225
48 896
55 969
41 445
50 110
58 713
44 713
39 445
53 969
58 985
62 985
47 713
64 531
56 896
55 225
44 445
68 445
53 896
54 531
51 969
59 713
54 531
47 445
51 531
53 201
53 969
50 445
52 713
51 201
55 969
38 985
49 896
56 713
56 445
37 969
50 110
48 531
47 225
44 531
58 531
56 225
57 713
47 225
47 531
51 110
48 985
53 969
51 110
46 531
52 225
55 896
47 969
52 896
48 713
50 531
45 985
43 985
43 531
34 713
41 201
51 201
42 531
50 969
45 713
68 896
51 110
46 896
42 969
58 896
43 985
44 969
42 225
46 969
51 201
54 201
41 531
54 110
55 110
57 225
46 110
47 985
56 110
56 713
56 531
45 445
52 969
46 713
44 969
47 713
44 225
52 445
42 985
51 531
52 110
59 225
62 713
50 969
58 445
46 445
50 110
39 445
52 985
51 445
49 531
52 201
54 110
43 225
49 985
54 969
45 969
43 201
55 225
43 713
44 110
58 531
56 445
41 445
48 713
44 445
48 201
58 969
35 201
46 531
54 110
37 201
37 110
49 969
48 985
48 985
55 969
34 445
63 445
42 969
41 969
53 445
38 969
44 969
56 110
43 713
53 225
46 985
62 985
54 201
52 445
70 896
48 896
56 713
48 985
46 985
59 201
51 445
41 110
51 110
51 445
50 201
56 713
42 896
48 713
54 201
50 531
51 985
56 985
46 969
47 969
54 445
50 110
41 201
63 713
58 713
43 985
55 110
44 985
48 985
57 531
55 713
49 896
36 969
61 985
49 713
48 713
53 969
47 225
55 985
44 225
44 985
50 985
63 531
56 713
51 110
47 713
43 225
46 225
59 896
46 225
36 225
42 201
53 110
51 201
54 445
62 225
47 531
50 985
49 896
43 225
50 201
56 985
50 445
56 445
59 110
48 201
47 896
51 985
50 110
49 201
46 896
49 201
51 445
45 531
45 713
59 225
46 225
53 969
48 969
53 110
35 896
38 201
42 969
57 110
49 531
47 445
49 896
48 445
58 985
50 713
51 201
51 110
57 531
62 969
37 713
53 985
46 985
50 713
50 201
55 531
52 110
41 225
42 445
54 445
45 713
42 985
35 985
58 445
48 531
39 531
48 201
48 985
52 713
43 713
42 110
47 531
46 201
50 969
57 445
49 201
57 896
58 201
43 201
52 985
42 896
46 985
46 445
46 445
42 969
56 985
55 713
46 985
60 201
49 896
38 531
35 969
51 225
54 969
43 896
40 445
57 985
52 896
50 969
47 110
52 896
51 445
62 110
54 110
60 713
49 985
49 201
38 110
39 969
61 225
41 896
42 985
53 201
52 110
51 201
46 985
48 531
50 110
40 110
36 110
45 445
50 445
52 531
47 985
36 445
46 201
61 445
60 985
46 445
49 110
56 985
58 985
43 713
44 110
50 969
46 201
48 896
45 445
52 985
57 445
49 896
48 201
47 201
46 201
36 201
45 896
42 445
56 985
50 985
58 531
51 985
47 445
48 896
48 110
45 531
48 713
55 531
46 985
48 713
42 225
53 531
43 225
44 969
46 445
46 531
51 445
45 531
59 110
47 896
48 896
58 969
65 201
43 445
51 896
48 445
45 110
57 225
48 896
51 110
52 531
68 969
50 201
53 985
53 985
45 110
60 969
37 201
45 201
34 985
44 969
44 201
42 531
43 225
66 969
48 445
39 110
48 969
56 445
47 969
42 969
35 531
39 713
56 713
42 110
46 969
48 531
54 110
59 713
40 531
40 110
52 985
44 201
55 969
65 985
55 445
40 969
50 985
53 531
52 225
52 713
50 896
40 969
62 445
49 985
50 531
61 201
51 201
48 225
48 225
49 110
56 985
44 201
47 110
59 531
39 531
51 713
43 713
60 969
37 985
63 445
51 531
51 201
45 531
49 896
45 531
40 531
73 110
40 985
35 445
34 201
46 896
52 985
40 985
51 225
44 531
37 201
58 201
53 969
50 713
53 531
51 225
45 110
51 985
60 969
33 201
41 201
60 713
46 225
48 969
50 110
52 896
54 969
39 225
50 531
48 225
55 110
38 713
40 445
40 985
45 110
45 713
48 445
48 713
45 531
47 201
51 896
56 969
44 531
48 896
53 713
38 225
56 110
54 531
42 445
40 445
59 985
42 201
47 985
46 713
50 445
55 531
57 985
47 445
50 985
40 985
44 896
44 225
61 531
47 201
53 445
57 110
62 985
49 896
53 110
53 445
48 531
49 110
54 225
41 201
48 201
63 896
42 985
55 985
57 201
53 225
39 985
65 985
44 201
51 445
46 110
53 225
48 110
41 713
55 445
52 896
47 201
49 896
40 110
50 531
44 201
50 969
28 969
43 445
56 985
42 985
56 896
42 969
59 445
56 445
43 531
57 225
54 969
48 225
66 969
43 445
46 985
44 896
55 110
55 713
51 713
45 110
36 985
46 896
40 969
52 969
54 445
53 225
36 225
52 110
49 445
47 531
51 225
52 531
43 969
37 225
43 985
36 445
49 110
56 896
47 225
47 896
45 531
36 110
51 969
53 969
38 969
34 110
57 969
30 896
50 985
55 201
60 713
51 110
43 225
39 531
42 985
49 445
45 531
57 110
55 531
59 201
51 713
56 110
40 531
53 969
49 969
52 445
49 713
39 445
34 896
45 713
44 896
43 969
45 713
60 896
51 896
34 445
51 985
44 110
52 201
54 201
49 713
55 713
48 969
44 896
37 713
50 713
45 110
49 201
52 969
59 713
54 445
57 201
40 713
55 713
44 201
54 531
54 225
55 713
47 225
58 985
52 985
47 713
49 531
46 201
43 713
52 896
51 110
58 110
48 531
49 713
42 985
55 201
62 201
43 445
61 201
40 225
48 225
43 110
56 445
50 713
32 531
37 225
48 110
31 110
48 445
54 110
50 445
48 225
44 985
47 969
43 445
51 201
53 896
56 110
38 445
60 445
46 969
44 110
52 225
36 110
53 201
49 445
44 985
42 985
47 445
40 201
36 969
55 201
49 445
45 445
49 713
44 445
54 531
41 985
43 969
50 969
57 445
53 110
49 969
47 201
55 896
48 969
44 531
55 985
46 225
44 445
50 531
47 201
47 225
55 110
50 201
51 896
53 713
54 201
44 896
55 713
48 713
53 110
57 713
59 531
57 445
55 201
49 985
51 201
48 201
62 225
49 110
48 969
47 969
54 896
51 985
54 896
42 985
59 531
48 201
49 713
50 201
52 713
66 110
55 445
46 225
51 896
51 969
53 969
52 713
63 225
69 445
49 896
55 201
61 225
42 713
45 969
47 110
50 531
48 110
47 531
47 201
53 201
34 985
39 896
61 110
51 225
63 225
54 969
47 201
56 201
51 110
56 225
41 445
45 110
50 985
47 896
48 969
62 110
41 201
46 531
60 969
47 445
63 225
39 985
37 713
40 110
47 985
51 225
61 896
40 445
45 225
57 969
59 225
46 225
53 531
45 531
39 713
54 985
44 713
41 985
51 445
53 225
47 201
41 713
69 531
52 985
46 713
53 445
38 110
36 201
40 201
60 896
50 531
58 225
53 445
60 445
57 969
38 985
39 969
45 985
59 713
53 110
42 110
47 225
43 201
51 969
40 110
51 713
57 713
33 445
57 985
50 201
39 713
46 110
60 896
38 969
52 225
52 985
43 985
44 445
49 201
35 531
42 713
46 969
49 201
47 969
60 531
38 713
44 531
65 896
51 445
42 896
50 445
39 225
45 985
52 531
45 713
40 225
50 985
52 969
53 225
48 225
57 985
43 985
42 896
47 225
62 531
52 110
30 713
38 896
44 713
55 225
50 985
47 985
49 713
35 445
53 225
48 201
45 531
64 445
44 713
51 110
44 445
48 201
47 896
52 445
52 201
46 531
42 225
53 225
47 969
42 110
51 713
48 201
45 110
56 531
45 110
42 713
63 445
53 201
53 225
39 201
71 225
50 110
66 531
49 201
54 110
54 531
52 985
35 110
51 225
58 201
41 201
55 445
58 201
41 985
46 969
40 985
40 531
49 969
52 445
54 225
53 985
50 225
50 531
56 110
45 445
48 985
32 985
52 225
34 201
52 225
57 201
45 985
51 985
46 969
52 896
52 985
45 531
55 201
44 896
42 713
53 445
51 201
33 110
50 713
44 110
61 531
59 110
48 896
47 225
49 985
49 969
48 201
52 110
49 896
45 201
54 201
57 985
37 225
44 445
50 896
42 225
48 445
60 201
61 896
47 713
55 201
43 896
48 896
45 445
54 531
58 985
43 985
48 985
37 985
46 445
35 985
53 985
42 969
34 225
45 896
37 713
57 969
56 896
58 713
51 969
49 445
43 445
63 110
50 531
42 713
48 445
49 531
51 713
64 110
56 531
59 445
52 225
59 713
37 201
49 969
49 713
64 896
51 896
55 531
54 201
47 985
45 985
47 896
44 896
52 531
36 969
44 969
41 201
50 445
51 225
47 969
50 896
54 713
52 985
45 896
48 985
40 969
55 896
51 969
49 985
41 969
44 110
58 445
48 225
52 985
47 110
52 225
64 445
37 201
57 896
44 531
46 445
41 110
51 985
47 713
51 985
44 531
56 969
59 225
43 225
43 225
34 531
50 969
60 985
52 713
44 225
48 531
59 445
47 110
46 531
55 985
64 225
47 713
49 985
41 969
47 985
41 201
49 201
48 531
51 969
52 969
54 445
47 713
41 713
59 713
55 110
49 531
54 225
45 201
37 896
38 713
72 896
53 531
50 896
45 201
51 985
43 445
43 896
54 896
61 201
48 110
36 531
57 445
50 531
42 531
57 225
59 969
48 445
52 713
50 896
58 225
41 713
47 110
60 896
48 985
52 445
45 201
38 225
55 225
46 225
54 201
51 225
67 985
42 896
42 969
37 896
27 531
53 110
47 201
44 896
53 713
41 225
55 713
42 531
46 713
52 896
33 713
54 713
57 969
43 531
52 531
43 531
38 225
39 531
43 969
41 985
53 969
50 201
53 969
39 985
44 445
63 985
42 713
54 713
57 445
61 445
54 445
51 445
54 985
50 985
43 896
44 201
53 713
45 110
48 985
48 969
42 201
51 445
52 110
36 225
47 110
48 713
59 531
54 713
42 201
53 985
47 713
48 531
41 225
63 225
50 896
37 531
46 225
50 896
47 531
54 985
58 531
58 713
52 201
44 896
48 445
42 969
39 531
58 110
49 985
49 531
44 985
50 531
38 225
50 201
48 201
49 969
53 969
45 531
37 110
56 201
63 445
55 713
52 445
61 713
61 896
52 713
53 201
44 969
52 969
50 225
45 713
27 896
53 969
48 896
47 713
48 445
50 445
47 896
57 531
67 531
35 225
46 225
44 713
49 969
45 713
51 225
48 713
41 969
54 896
59 531
51 969
56 985
53 713
51 896
56 531
49 110
42 531
51 713
59 896
46 896
50 110
46 713
49 445
54 201
55 969
33 531
48 713
51 531
42 531
43 225
54 985
46 531
43 201
44 531
44 985
61 110
44 531
48 445
41 985
49 110
69 896
47 969
51 201
38 531
52 201
48 531
49 713
50 985
42 713
70 896
53 110
47 896
49 110
51 201
59 896
40 531
48 445
51 896
47 110
45 713
45 110
56 445
50 201
45 445
39 445
48 969
54 896
52 969
47 896
55 969
47 201
59 985
47 985
53 713
36 985
43 969
63 985
55 896
64 531
43 531
43 110
39 110
56 445
55 201
58 531
48 896
1991 9 84429 95869
44 602 44 644 694 636 602 44 644 
45 636
46 636
53 44
46 644
58 97
41 694
48 644
47 636
47 389
51 694
52 244
56 644
47 389
58 389
49 644
38 44
44 636
42 132
45 389
48 389
52 636
53 602
52 132
45 602
48 132
41 636
44 244
49 636
47 44
47 44
63 694
57 44
41 644
49 602
43 602
49 97
44 644
56 389
55 132
53 602
50 244
39 44
55 44
51 602
39 132
43 389
44 636
35 97
57 602
46 44
53 602
41 602
44 636
52 694
38 244
43 44
47 636
53 602
58 636
42 602
52 44
52 644
47 636
34 44
51 97
44 244
40 644
41 694
41 389
35 636
56 244
39 132
44 636
52 97
49 644
44 97
51 97
49 97
44 636
49 244
45 44
57 644
52 244
41 97
48 132
49 636
38 694
51 644
50 244
52 132
57 389
43 602
53 244
46 389
53 97
44 44
51 389
47 132
56 389
48 44
58 389
43 389
45 244
56 132
45 644
42 132
37 44
44 132
48 694
39 97
55 644
34 97
41 97
44 44
50 389
63 244
48 636
54 389
42 44
45 636
49 244
56 636
44 44
36 244
44 97
59 694
51 44
42 132
46 44
52 602
53 97
48 644
56 694
53 389
49 644
46 389
49 602
50 132
45 602
47 636
37 602
53 132
48 644
46 644
45 97
48 636
48 636
47 602
46 44
51 132
47 244
43 44
52 244
50 602
44 636
46 44
46 97
56 694
62 244
41 644
54 694
49 97
46 389
38 389
48 389
59 44
53 244
44 389
50 97
45 244
48 132
67 694
52 389
41 97
50 389
61 389
49 132
33 389
51 244
48 389
47 636
32 389
42 244
47 636
46 97
59 694
48 389
49 694
48 44
53 636
50 44
50 244
52 244
43 644
49 44
46 602
56 694
41 44
54 389
51 44
39 132
55 644
50 602
62 636
39 97
48 132
63 97
40 644
43 97
57 97
58 132
46 244
47 244
49 132
55 132
45 389
61 644
60 132
51 694
54 602
57 644
39 636
42 602
58 97
53 694
55 97
44 244
40 389
47 636
37 389
35 44
47 97
42 44
53 44
49 636
55 97
44 97
48 389
38 44
49 44
44 694
58 244
49 694
43 636
62 244
44 97
56 389
53 389
44 636
58 602
37 97
48 132
53 132
52 602
45 694
50 132
50 694
49 97
50 132
49 694
47 389
51 636
57 44
52 636
50 97
40 694
45 132
53 694
55 644
42 644
51 644
44 389
55 132
45 694
47 244
47 132
44 132
49 244
35 97
53 389
54 644
51 636
47 602
39 244
61 636
49 644
54 602
55 244
52 694
43 132
43 44
37 602
57 244
53 694
43 389
38 644
63 644
53 602
49 389
51 644
39 97
49 132
48 244
43 602
58 389
33 44
48 644
42 389
43 602
46 644
52 389
50 644
50 602
48 389
50 389
57 644
54 244
56 694
45 636
58 44
41 244
48 389
56 389
41 244
44 97
53 244
68 602
45 644
62 389
51 602
48 636
49 602
59 694
48 602
43 694
43 602
41 636
44 244
61 132
57 132
50 602
54 644
50 97
50 636
46 44
48 244
50 644
47 389
44 636
50 694
53 244
53 644
45 389
40 644
67 636
46 244
55 602
67 132
46 636
41 694
46 644
53 244
50 244
42 602
38 132
52 694
52 644
39 694
53 132
54 244
38 644
37 694
51 389
55 389
42 244
46 244
41 132
35 694
49 132
72 44
53 602
48 602
38 389
41 636
55 44
45 602
39 602
48 132
63 602
59 644
60 644
66 694
42 644
34 97
50 644
45 636
40 132
63 244
56 97
57 244
47 97
56 244
48 44
52 602
49 602
50 636
48 389
51 644
39 44
48 602
58 97
49 644
53 244
57 602
50 694
53 132
45 244
53 636
56 44
45 694
39 244
32 132
46 694
54 602
49 602
54 694
61 44
46 694
51 644
46 132
43 97
43 44
49 389
47 389
49 97
48 244
51 244
56 644
48 389
46 389
49 644
40 244
61 244
48 44
53 389
50 97
50 244
56 132
53 97
47 44
54 644
36 644
46 644
57 97
45 389
55 44
41 389
47 389
52 636
39 44
45 694
50 44
49 244
59 44
49 602
54 44
47 132
49 644
45 694
36 636
40 44
47 694
46 602
50 389
51 694
55 97
41 694
43 644
71 602
45 694
42 244
54 694
49 694
48 97
53 97
34 644
42 389
60 644
46 636
63 636
55 132
42 389
49 389
64 636
34 132
62 97
52 602
41 97
46 97
41 132
43 694
39 602
57 644
43 389
53 244
47 636
39 644
53 132
66 602
49 389
45 644
40 44
40 44
53 97
45 132
53 694
45 389
46 644
34 44
46 389
39 44
40 602
37 244
50 132
47 389
51 602
39 644
69 602
58 636
49 389
49 97
63 97
39 636
47 97
42 602
54 602
38 97
61 244
45 44
50 244
44 602
42 602
59 636
43 694
37 694
43 694
51 644
55 44
55 636
42 44
36 132
42 244
54 636
43 97
50 644
54 244
48 694
56 44
44 636
43 636
46 44
31 244
59 97
48 97
53 44
49 244
55 602
57 644
39 636
41 644
52 389
59 132
40 602
65 389
37 132
46 97
52 636
50 132
49 132
34 636
47 132
55 602
57 97
45 602
53 602
45 694
58 244
49 694
46 132
43 132
46 97
50 44
44 244
52 389
55 636
45 389
51 389
45 244
51 44
45 44
47 389
52 636
52 636
46 44
43 636
32 389
57 389
51 44
55 602
49 644
40 602
44 636
55 97
50 44
50 636
47 244
64 636
44 97
41 389
64 636
48 44
40 602
39 244
49 244
60 44
45 694
50 694
43 602
54 602
38 694
52 132
48 244
42 636
46 389
43 694
53 44
49 636
51 694
60 644
42 389
48 244
50 644
45 132
39 644
56 132
47 44
40 644
46 244
45 244
57 244
41 44
57 244
53 389
45 132
57 44
40 602
41 44
49 97
45 602
47 97
46 132
39 389
44 97
43 644
36 644
51 132
44 132
45 602
52 636
52 244
48 636
47 389
38 694
46 602
54 602
53 694
48 389
48 244
60 44
53 244
40 694
42 389
59 97
47 636
47 602
47 44
47 694
43 132
53 244
49 389
49 644
47 602
46 389
60 97
40 389
58 44
49 602
37 97
54 389
44 644
44 636
41 244
52 389
57 244
50 244
57 132
57 636
53 244
38 97
51 244
60 389
57 132
52 44
42 602
40 389
47 389
42 694
44 694
46 602
56 694
45 694
43 694
47 44
44 602
41 389
47 132
48 644
45 644
46 636
45 602
46 644
54 244
45 644
62 602
58 636
32 97
56 636
58 694
46 644
41 389
39 44
37 244
48 44
58 694
55 132
50 244
41 389
51 389
38 636
48 644
52 132
47 44
42 132
42 44
39 389
43 244
55 44
55 644
47 389
50 97
50 97
50 244
39 44
48 132
59 97
43 132
45 132
57 602
45 636
50 44
59 44
59 244
52 389
47 244
55 44
43 132
52 694
60 602
46 244
34 644
46 97
43 602
50 389
62 694
60 602
38 644
51 636
51 636
48 602
40 44
42 694
40 644
58 389
41 132
42 602
55 602
45 244
42 694
40 97
45 97
48 44
49 636
54 44
38 602
50 389
46 694
58 44
52 636
54 644
50 132
58 132
53 389
46 244
38 644
54 244
44 602
46 694
39 389
58 97
46 602
43 132
44 694
48 389
55 44
51 132
50 44
50 389
51 97
43 636
47 44
45 97
35 602
50 636
45 389
55 602
51 636
53 636
42 132
47 636
49 389
54 644
44 97
51 97
58 644
48 602
43 132
55 132
44 644
43 636
47 602
63 389
42 132
53 389
59 694
51 132
52 44
49 97
64 244
47 244
41 132
41 694
48 244
53 602
42 644
47 132
43 602
45 602
45 132
48 244
50 97
58 644
39 389
46 644
52 132
48 132
46 244
41 244
40 244
45 636
41 244
43 636
38 389
47 389
46 389
46 132
45 694
44 97
48 636
46 636
47 97
50 44
34 602
44 97
53 389
46 244
55 602
52 636
45 97
46 132
44 636
51 44
39 644
46 97
48 636
47 389
37 602
47 636
42 44
42 244
61 97
46 644
44 644
41 244
44 389
53 636
41 636
46 44
56 389
43 97
50 132
41 602
50 644
43 694
50 97
38 644
49 694
59 389
43 132
56 97
50 132
39 602
55 694
42 389
42 644
45 389
43 132
55 602
53 644
51 132
43 97
56 644
58 694
45 244
43 694
37 97
43 97
53 132
60 636
51 244
54 694
51 602
43 97
54 602
58 132
44 244
57 244
41 97
47 389
37 44
49 97
46 636
45 132
57 602
62 44
49 636
61 244
52 244
49 644
44 694
51 636
55 244
47 44
52 132
61 132
64 97
38 97
44 602
51 132
51 389
49 694
38 694
52 636
54 389
44 244
47 97
47 132
51 244
58 44
50 602
52 389
45 389
49 636
45 636
54 132
53 132
48 602
52 644
44 389
57 97
50 389
49 694
37 44
41 694
50 244
55 244
46 694
41 636
54 132
39 44
44 636
44 97
57 602
54 389
53 602
51 389
42 694
50 389
53 97
42 44
47 602
41 602
41 644
62 644
41 694
52 602
40 44
44 389
49 636
46 97
46 97
55 694
44 644
48 244
52 44
53 97
49 644
53 694
56 694
36 97
37 389
55 44
38 44
55 644
42 44
52 602
42 389
58 644
40 97
56 636
50 636
46 97
44 602
55 244
52 244
45 244
39 244
41 694
41 389
41 97
52 97
39 636
52 389
41 389
51 389
46 389
47 694
56 389
47 644
40 389
41 644
54 97
45 644
47 97
54 244
61 44
48 602
50 44
42 244
53 97
47 636
48 694
37 694
40 244
39 244
36 244
52 244
47 694
39 636
57 694
45 602
40 97
49 389
51 694
55 602
51 132
56 602
46 389
40 132
46 44
38 694
48 44
49 644
48 97
49 244
40 636
35 694
48 244
51 389
54 644
47 644
54 694
57 389
47 244
53 602
49 44
48 636
42 132
43 694
50 694
51 389
51 244
40 644
40 636
35 97
54 132
39 44
35 97
44 389
46 389
38 636
41 97
41 694
59 244
55 694
38 244
41 44
49 132
56 44
53 389
46 602
51 244
47 97
40 636
48 636
54 44
48 644
46 694
30 44
58 389
42 602
54 132
68 44
53 389
38 602
47 97
46 44
60 389
47 636
58 97
39 602
45 44
43 636
44 602
51 694
48 602
50 244
34 636
45 389
49 97
49 389
37 244
54 636
44 602
42 132
52 132
40 602
52 97
47 636
34 244
51 636
58 389
38 389
57 97
29 389
46 97
46 644
43 694
59 244
46 636
63 244
49 244
56 602
45 97
47 44
62 389
35 389
57 132
56 132
52 97
51 97
47 389
61 636
51 244
54 97
49 389
41 644
36 132
52 636
45 389
39 636
48 97
58 644
54 44
40 132
58 44
59 389
43 97
49 694
46 244
47 97
45 97
33 44
42 97
45 44
54 97
52 644
57 694
33 97
36 602
43 244
51 694
40 694
43 97
54 244
37 97
46 602
54 636
34 636
46 644
48 644
47 644
54 644
39 389
56 644
52 694
30 602
49 97
45 44
55 636
51 132
39 644
43 132
50 244
35 636
48 644
33 244
58 694
49 97
41 636
39 44
53 132
55 44
54 636
57 132
48 244
44 132
54 644
40 44
62 636
47 244
42 644
42 602
53 694
42 602
53 244
58 132
55 644
39 389
51 97
58 644
50 602
45 644
42 389
60 644
49 389
48 602
48 244
54 44
42 97
41 636
58 636
54 44
39 132
38 636
60 694
55 132
47 132
42 644
53 644
45 636
64 244
41 132
52 389
57 244
58 694
36 636
48 97
34 389
50 644
60 644
57 636
64 97
40 644
53 44
39 644
44 694
52 244
30 602
49 44
39 132
62 602
49 97
47 636
41 389
53 44
51 132
54 602
52 602
55 602
46 602
54 132
37 694
55 244
57 44
52 132
55 602
54 132
48 389
41 97
48 244
44 97
43 644
53 694
39 602
48 44
37 244
56 636
55 644
50 389
44 636
45 636
63 602
44 644
44 132
58 636
50 97
45 389
51 389
44 44
45 694
40 244
44 636
45 132
38 132
46 132
48 97
50 389
55 132
40 636
52 389
39 389
52 244
51 602
55 636
54 132
50 132
51 44
39 97
51 694
35 636
50 132
40 97
55 694
55 602
46 132
41 694
48 97
55 244
58 602
50 602
58 636
43 644
40 97
44 694
52 44
39 97
36 44
53 244
47 636
44 644
46 244
51 602
45 694
62 694
52 132
59 602
48 44
47 602
37 636
57 602
43 602
53 602
43 97
28 644
37 636
56 132
53 389
49 644
40 44
52 389
50 132
54 389
55 97
52 132
42 97
44 636
51 602
50 97
41 244
52 244
51 636
47 44
48 636
47 132
48 602
52 694
55 132
38 97
35 389
51 389
58 636
56 132
42 244
41 644
50 694
43 244
45 694
49 636
50 244
55 644
55 694
65 636
54 644
59 602
44 44
51 644
48 602
53 44
40 644
66 244
49 644
51 602
51 694
44 97
39 694
55 97
47 44
52 644
47 97
55 644
47 44
47 389
54 636
55 132
53 132
46 132
55 97
48 644
51 97
50 636
52 97
39 602
53 636
58 636
45 44
51 602
45 602
49 644
40 602
36 694
52 636
49 132
50 602
48 97
46 389
63 602
49 602
47 244
50 602
57 244
53 44
36 602
47 644
48 644
61 132
49 636
55 636
49 644
45 602
40 636
53 602
41 602
46 97
43 44
40 44
47 132
47 244
41 694
48 132
52 44
51 694
53 602
50 244
38 644
49 244
57 97
60 602
50 644
55 602
48 389
47 97
46 644
49 636
42 44
38 97
50 636
47 602
57 636
44 389
47 694
43 44
50 389
42 694
46 97
50 97
58 244
46 602
54 244
55 636
48 389
52 44
53 602
49 389
52 132
49 694
49 694
50 132
46 636
59 636
59 644
54 602
59 97
49 132
37 389
48 636
40 602
48 694
55 602
45 244
46 132
40 602
28 132
38 244
30 97
45 132
52 44
57 132
48 97
41 244
52 244
49 44
63 636
47 636
37 602
48 694
33 602
56 244
49 97
52 44
50 44
48 694
56 602
39 44
39 644
39 644
56 97
39 132
45 636
37 636
58 636
38 97
49 389
49 602
41 636
52 636
48 636
47 44
50 44
46 602
54 97
52 132
59 389
48 97
56 44
54 389
46 389
49 97
48 97
55 694
50 132
43 644
50 602
64 602
56 132
58 602
34 694
50 244
52 694
56 389
42 636
53 636
53 44
50 636
49 694
53 602
44 694
43 389
37 644
62 97
45 694
45 389
35 244
43 389
40 97
43 389
41 644
61 44
50 644
48 389
47 602
50 44
41 97
51 44
67 44
44 602
31 44
54 132
48 97
50 97
53 132
46 644
35 44
54 132
50 97
46 244
50 602
44 132
57 636
34 389
50 602
47 644
59 389
45 389
51 389
50 636
48 694
49 132
48 644
39 132
54 132
43 97
51 694
53 44
54 389
55 132
60 694
48 244
59 389
58 44
36 694
48 132
48 694
45 644
48 694
45 132
33 389
62 602
37 244
47 244
50 97
49 636
44 636
43 244
34 644
44 132
47 132
47 132
47 644
48 694
46 389
51 602
51 97
48 694
36 636
52 97
42 44
48 244
50 694
47 132
51 636
56 244
53 644
48 244
46 132
37 244
48 389
46 644
47 694
41 694
45 389
46 244
55 389
51 602
57 602
36 602
53 636
46 244
55 44
50 132
46 389
45 244
44 389
49 44
53 602
58 132
49 636
49 44
38 132
46 132
48 602
50 97
39 389
44 97
57 132
55 97
54 644
42 644
48 244
37 636
52 389
45 244
46 694
33 602
45 132
45 244
45 636
39 389
51 97
45 636
52 44
47 244
41 636
50 244
56 644
48 694
50 602
42 97
52 97
28 44
41 602
44 44
43 694
57 602
55 44
49 694
41 636
46 644
60 389
49 132
41 389
45 636
46 602
50 636
53 602
52 602
45 97
54 97
49 132
54 389
50 44
33 636
49 694
56 694
49 244
51 389
46 636
49 694
48 694
55 636
52 644
45 694
50 602
49 44
50 644
51 389
47 636
41 636
41 636
49 644
59 389
54 97
46 636
44 244
37 44
61 694
40 602
50 132
44 389
59 132
51 644
53 694
44 389
60 602
40 132
30 44
51 644
43 694
47 244
59 44
52 694
35 644
52 694
38 244
37 602
47 132
50 97
55 389
45 44
43 97
40 389
53 44
55 694
46 389
51 644
45 44
37 389
51 636
53 389
47 644
45 132
54 132
54 389
45 97
57 694
40 694
51 132
50 389
54 602
51 389
42 244
42 44
42 132
51 132
42 97
42 244
44 132
43 97
57 636
47 389
48 97
44 602
55 694
40 244
50 97
43 602
34 694
53 636
45 244
40 602
47 636
53 644
56 602
62 244
46 44
40 132
45 644
55 44
42 244
55 132
52 97
47 132
45 389
46 644
56 97
48 644
46 389
43 644
46 132
48 389
52 636
52 694
55 602
45 602
38 644
50 97
52 44
46 389
61 636
61 644
49 244
53 389
49 244
57 97
55 132
53 244
52 132
49 602
55 97
44 132
50 44
46 44
49 389
44 97
41 694
49 636
41 694
46 97
42 132
48 389
42 602
48 44
62 389
57 389
42 602
53 389
49 44
50 44
42 602
61 44
42 644
47 636
57 44
50 694
37 694
51 636
64 636
43 694
59 694
44 244
42 636
46 44
50 602
59 132
43 132
46 694
41 644
44 636
49 636
55 389
34 389
45 244
41 644
53 244
43 694
50 97
56 644
55 644
53 636
45 132
55 636
58 636
43 694
43 97
45 244
53 636
46 244
53 694
54 602
40 644
44 602
39 244
1988 8 25874 96617
93 194 859 76 859 93 93 137 
47 750
46 194
48 451
36 654
44 93
38 76
44 654
31 750
49 451
59 750
52 76
51 76
50 93
44 137
49 93
51 137
54 654
50 76
42 194
51 654
46 859
47 137
45 451
51 137
41 76
44 137
50 750
50 654
46 93
47 93
48 194
53 859
56 859
48 194
65 654
54 93
60 76
46 750
47 137
57 93
39 76
40 859
55 654
56 194
49 750
48 654
47 451
38 76
52 654
49 137
50 137
50 93
49 750
47 93
47 76
49 654
46 654
50 137
50 194
47 859
58 93
40 137
46 194
54 750
47 93
50 451
56 750
54 137
42 859
43 654
42 451
46 859
52 654
48 750
48 859
54 194
46 194
47 76
43 137
48 194
57 451
45 76
53 654
55 750
57 654
52 654
46 137
49 859
50 93
45 194
44 93
40 451
45 194
55 76
45 194
42 451
53 194
45 194
58 194
57 859
50 93
40 654
58 93
48 137
60 93
51 76
37 137
49 76
49 859
61 859
56 137
42 137
51 750
40 451
58 750
52 137
64 76
44 194
58 76
45 859
38 859
56 451
53 194
42 859
53 451
49 76
60 750
58 93
51 750
56 451
54 451
55 654
48 194
51 76
43 76
43 137
42 451
39 859
54 654
47 76
48 859
41 859
47 750
47 93
45 750
48 451
46 76
61 750
39 654
58 137
46 137
50 750
44 137
48 859
39 76
59 750
50 750
60 654
61 859
63 76
29 194
47 76
43 654
46 859
58 750
50 137
47 76
38 451
41 93
43 451
59 93
45 137
42 451
42 194
45 451
50 76
37 194
56 93
36 750
39 750
51 654
46 76
44 451
45 93
58 76
46 93
48 750
44 194
60 137
53 859
43 93
53 859
50 194
56 194
52 76
41 137
45 93
53 451
46 76
54 76
48 654
45 194
50 451
46 859
47 654
56 451
48 93
59 451
44 194
48 194
53 137
51 451
33 93
51 93
41 93
51 194
52 859
39 93
38 76
41 654
51 137
60 750
48 194
33 451
47 137
44 93
60 137
50 654
48 93
51 654
56 194
47 194
47 194
47 93
37 194
55 451
45 76
54 451
42 859
53 194
47 654
44 859
47 859
50 654
53 451
50 750
39 137
52 750
40 137
58 137
43 76
58 76
45 654
36 451
45 76
37 654
52 750
42 451
38 451
47 451
61 750
64 750
47 859
50 93
43 194
39 750
49 750
56 76
43 76
54 654
49 750
55 194
57 76
45 750
60 451
45 859
47 194
48 859
49 93
47 93
43 451
59 93
46 76
57 451
35 451
61 451
52 76
50 93
57 93
43 654
55 654
49 137
47 93
45 137
54 750
40 654
42 194
41 137
38 93
48 859
48 859
41 93
50 93
44 750
34 654
49 750
50 76
50 76
38 76
45 137
47 194
45 137
49 76
37 194
55 76
46 137
38 76
44 750
59 76
49 451
55 654
40 859
37 76
40 750
49 93
61 137
53 194
50 451
57 859
40 451
50 76
61 451
59 137
47 93
37 93
40 859
59 859
46 750
35 750
55 93
50 93
47 194
40 859
40 654
47 859
49 76
40 750
45 750
51 451
56 137
58 654
44 76
52 76
42 750
53 451
63 654
41 859
48 137
53 137
44 137
30 194
56 654
47 76
65 76
42 859
50 750
49 137
48 859
45 194
46 859
42 750
49 451
51 76
41 750
46 654
33 859
43 654
52 93
52 93
53 654
49 654
57 859
49 750
62 451
38 654
50 137
42 750
45 194
47 451
43 859
46 451
49 859
44 137
52 93
53 859
46 93
52 750
49 750
46 859
42 76
44 451
61 76
36 451
50 451
58 750
39 194
48 654
48 859
50 76
41 451
46 93
48 76
44 451
50 137
48 76
46 859
43 859
50 76
41 750
49 93
46 859
36 76
51 194
50 750
52 137
50 859
65 750
48 93
39 451
48 76
48 76
56 750
47 750
45 654
45 859
45 137
49 859
39 76
35 137
45 76
51 93
32 76
69 654
56 750
48 654
51 194
57 654
43 750
57 451
41 654
47 93
42 654
59 451
54 750
39 194
42 750
44 451
48 76
50 654
47 750
43 93
55 76
64 194
39 859
49 93
46 76
44 93
62 137
51 654
48 76
51 137
41 859
45 194
47 750
42 859
40 76
50 137
44 194
48 76
61 76
44 859
44 137
38 654
52 76
37 750
44 76
47 137
41 76
47 93
69 654
38 137
45 750
58 750
56 194
49 76
44 194
43 93
37 859
46 194
55 137
54 859
60 93
39 859
55 194
47 93
36 76
43 137
56 76
32 654
63 750
45 859
53 137
45 654
53 93
47 859
58 451
40 654
48 194
63 137
40 750
45 654
56 76
65 93
51 93
48 654
41 93
48 137
62 194
54 76
57 451
47 859
53 654
46 750
50 194
48 859
48 750
34 76
41 194
38 194
50 137
51 137
52 859
42 654
47 859
48 451
54 76
43 194
53 654
37 654
41 76
42 654
42 137
38 93
42 859
46 76
48 137
47 76
38 194
34 451
48 654
44 654
57 194
46 451
48 137
40 451
54 137
56 76
50 137
55 93
45 194
48 137
54 194
53 194
36 750
53 76
43 194
51 654
52 654
55 859
44 654
42 76
45 137
41 654
37 137
47 93
45 750
49 859
49 750
45 750
40 137
58 750
42 137
38 654
37 750
51 76
51 194
48 137
47 654
45 451
56 76
53 194
39 859
58 137
47 859
54 76
50 654
45 137
51 194
54 194
52 194
49 76
49 76
48 194
58 194
35 137
49 859
57 451
43 76
40 750
49 750
57 750
49 654
56 451
41 194
56 93
56 451
48 654
64 93
45 76
37 194
47 137
44 859
55 76
44 750
46 654
48 194
55 654
54 93
46 194
64 859
50 859
41 451
43 859
61 451
46 451
45 93
44 750
47 654
49 859
49 93
62 194
39 137
48 76
48 451
44 859
45 654
53 451
52 76
47 859
51 93
47 76
59 750
60 750
48 76
46 654
54 137
40 750
55 750
47 137
42 93
36 76
51 76
47 76
55 750
42 93
37 750
55 137
47 93
50 654
50 750
53 750
43 93
46 750
52 93
60 194
42 76
58 93
48 451
42 451
37 76
47 859
41 93
62 76
45 93
55 750
49 76
43 654
53 859
41 451
46 451
46 194
59 859
35 93
41 451
54 93
41 76
49 194
50 750
51 451
54 859
42 93
50 93
39 93
53 451
49 451
49 654
49 194
46 137
49 750
45 859
48 194
56 451
58 93
44 93
60 451
59 137
48 750
53 451
49 194
51 654
41 859
43 654
52 194
40 859
57 137
46 750
52 750
58 654
47 654
37 750
41 859
50 194
52 859
42 137
47 137
51 76
51 93
35 137
47 859
48 451
46 859
41 137
48 137
51 137
55 137
45 750
45 137
49 194
43 859
41 194
62 194
54 654
43 451
57 76
51 137
52 137
53 76
44 859
55 93
43 76
51 451
48 654
54 654
48 654
51 654
46 750
43 76
52 76
46 76
45 194
55 750
56 93
48 654
34 76
52 451
53 76
46 451
56 451
38 654
47 654
52 654
53 76
51 137
43 654
39 750
50 451
59 137
42 750
39 194
52 750
57 750
41 654
50 859
49 194
57 93
45 194
68 750
58 859
42 194
44 654
42 654
40 194
51 76
42 750
50 654
46 451
51 750
41 194
48 76
53 76
39 194
52 654
49 654
49 451
38 76
41 654
43 137
44 750
52 654
60 859
52 137
51 137
50 859
48 654
55 93
42 93
40 859
39 76
34 76
45 451
46 137
43 76
42 76
52 451
37 194
47 93
47 451
64 654
53 859
42 750
41 750
46 76
50 451
55 194
53 750
51 137
38 93
53 76
58 93
40 859
42 137
55 859
51 750
47 451
53 137
49 137
57 76
55 137
49 194
42 859
38 194
39 750
45 451
52 750
56 654
40 194
51 750
49 451
47 750
60 137
61 194
41 750
56 93
38 654
50 76
51 76
37 76
53 76
56 654
46 194
46 93
35 194
49 194
51 137
48 194
47 137
49 859
50 194
49 859
47 76
58 654
59 76
69 451
53 859
36 750
43 859
54 451
52 750
53 451
45 194
65 93
49 654
44 137
56 654
53 93
48 654
37 654
41 750
43 76
47 859
45 93
46 451
39 93
43 654
55 76
46 137
42 194
56 451
42 194
47 137
49 859
60 859
45 93
43 750
43 194
55 194
47 451
53 93
53 194
46 859
42 750
51 137
38 137
55 76
37 137
50 76
51 93
56 451
43 93
54 654
48 859
63 654
39 451
69 194
57 750
52 93
44 654
44 76
43 137
63 76
56 137
41 76
54 451
43 76
45 137
52 76
50 750
50 137
45 137
46 654
45 137
49 76
63 859
50 654
38 137
53 859
54 451
58 451
46 451
45 194
52 137
48 93
48 451
48 750
49 654
55 859
39 451
49 76
48 654
47 194
40 750
43 451
43 137
57 750
43 750
50 451
46 137
43 859
51 451
41 859
40 137
38 750
40 451
46 194
45 137
47 137
43 654
51 750
34 76
53 194
40 654
62 137
46 750
48 750
44 194
45 93
55 76
43 137
61 654
46 750
51 137
49 451
42 750
51 93
44 859
39 859
62 137
54 137
48 654
53 194
54 451
59 451
41 750
56 76
47 93
50 750
49 76
65 750
56 859
40 137
51 194
55 76
55 859
50 194
50 750
48 194
39 859
50 451
53 750
37 76
48 750
60 194
28 654
47 137
48 194
50 451
35 750
51 137
51 137
40 859
42 194
40 654
46 137
37 859
45 76
46 451
41 750
60 654
44 93
39 137
45 654
47 137
48 137
48 93
53 76
48 654
56 451
46 194
54 93
55 750
41 137
46 750
50 451
55 451
51 194
42 750
42 93
48 750
49 654
36 859
53 137
53 137
64 93
61 750
60 137
44 859
58 76
55 654
54 451
60 137
50 93
58 137
44 750
32 654
46 194
54 750
41 750
47 194
59 137
55 654
58 750
50 750
48 137
43 859
45 654
64 93
56 451
50 750
45 750
46 194
42 859
43 194
47 654
41 194
54 137
59 750
52 859
49 93
39 654
46 93
51 859
55 93
49 451
50 194
38 137
48 137
49 93
43 451
59 137
45 654
42 76
53 137
39 859
52 194
46 451
49 654
56 137
43 137
50 859
49 654
43 93
51 750
49 750
47 194
39 859
50 93
46 194
61 750
43 137
55 750
53 859
42 76
50 137
54 859
49 93
49 451
52 451
53 750
52 137
60 451
49 76
56 93
63 859
49 451
48 859
36 76
60 451
44 93
44 137
50 859
53 76
59 194
56 859
53 137
42 194
42 194
46 76
45 137
46 451
41 137
50 194
52 93
57 654
55 93
47 93
51 93
43 93
50 859
63 93
37 76
55 194
47 76
49 93
51 194
53 750
53 451
46 137
55 451
48 93
46 451
65 194
44 654
49 76
42 859
40 76
45 194
47 859
63 654
53 194
50 654
45 93
46 654
47 76
55 137
51 137
51 654
50 654
64 93
56 194
52 76
55 859
43 76
42 451
56 750
64 194
43 750
51 194
47 750
53 451
51 137
49 654
44 76
53 93
54 93
46 451
51 654
61 859
66 451
45 451
52 137
44 654
48 451
51 76
54 194
53 76
42 76
47 194
33 137
49 137
55 137
48 750
51 76
47 137
45 76
31 654
58 76
40 93
44 137
42 859
52 76
47 750
64 750
54 137
52 750
36 137
46 137
56 76
56 859
56 194
45 137
58 750
62 859
55 76
55 654
46 76
37 750
38 451
50 451
47 137
45 451
37 194
40 859
59 859
40 76
42 137
59 76
55 76
58 194
43 137
47 93
53 194
51 451
52 93
44 137
57 194
48 859
51 93
41 194
40 93
49 859
43 859
42 137
48 137
62 654
47 750
56 750
41 451
42 859
39 750
43 750
53 194
52 654
44 76
42 93
55 93
38 750
47 859
44 76
42 194
51 654
37 859
54 93
48 859
39 654
40 194
50 194
50 750
48 859
47 194
41 750
55 451
69 654
42 750
54 859
47 137
39 654
52 194
36 76
45 750
48 137
45 194
58 194
39 194
48 76
65 859
52 76
58 76
60 76
45 451
50 76
49 76
50 451
58 93
55 76
45 93
42 137
47 93
48 750
51 137
45 654
54 750
43 654
42 194
51 76
42 451
41 654
47 859
48 451
51 750
44 76
60 654
44 654
49 859
55 76
47 859
49 137
55 194
42 137
59 194
52 137
55 451
57 750
63 750
46 750
55 750
44 750
46 93
43 451
44 859
43 750
45 654
46 137
51 451
57 750
53 654
43 93
46 76
51 76
49 750
56 93
44 859
47 750
59 859
38 859
55 451
46 137
38 93
59 93
54 750
40 654
56 859
49 859
46 750
53 93
58 194
54 859
53 93
42 76
38 859
59 76
63 194
39 76
52 76
62 859
53 137
51 654
43 137
57 93
49 859
52 76
58 194
41 76
40 93
62 451
59 194
50 654
52 654
61 859
50 137
58 451
43 750
41 137
46 194
45 76
41 451
44 194
48 76
50 654
42 76
49 137
48 194
56 137
40 137
57 451
39 451
40 451
55 859
46 194
62 654
42 194
43 137
42 859
60 750
45 654
47 93
50 76
58 859
63 93
50 194
51 451
43 451
47 137
48 194
47 451
58 859
45 859
48 194
68 194
55 654
46 654
61 654
50 137
44 859
57 93
44 654
47 654
49 750
33 76
55 93
48 451
41 451
49 654
29 750
52 93
31 750
35 750
46 194
46 859
46 137
48 451
54 93
54 194
53 750
50 76
57 137
52 750
50 750
52 859
47 76
52 750
59 750
52 194
47 750
56 750
49 750
49 750
37 451
47 750
42 76
49 859
49 194
55 451
48 137
44 76
50 194
48 750
49 859
46 451
49 194
37 93
47 654
58 750
42 93
38 93
42 451
44 137
40 76
45 451
51 76
44 654
49 137
54 194
46 654
45 93
55 451
42 859
38 137
38 76
41 859
46 654
48 194
55 750
52 93
46 194
55 859
46 76
51 750
52 93
53 76
52 76
60 859
43 859
55 194
46 451
49 76
41 137
42 93
46 194
47 194
46 93
47 93
56 451
54 654
52 654
53 451
49 194
53 859
56 194
52 451
46 859
43 750
51 451
50 76
62 76
46 194
42 859
62 750
45 137
59 859
47 654
39 76
50 451
65 76
50 194
44 76
46 750
49 654
47 451
57 451
47 859
59 76
42 654
50 93
57 859
37 76
59 451
42 194
49 93
41 750
51 451
47 750
43 76
54 654
49 76
58 76
46 859
67 194
50 859
65 93
48 750
53 194
40 654
41 93
37 93
35 76
45 451
53 76
45 654
52 93
53 451
60 76
51 859
51 93
46 137
41 76
45 76
52 194
64 93
55 93
36 750
47 137
44 93
45 76
43 654
40 76
48 750
46 859
40 137
46 750
51 76
51 137
49 93
45 859
51 137
55 93
44 859
52 750
48 451
48 93
43 451
46 76
60 194
57 451
31 194
53 93
49 76
41 750
50 654
50 654
39 859
63 654
47 451
48 76
45 654
48 750
53 750
56 859
50 859
45 451
48 76
49 750
42 859
60 859
43 750
54 137
45 76
39 194
53 194
57 654
56 654
50 137
54 654
47 93
49 194
38 654
45 654
38 137
65 451
56 654
43 654
55 859
51 93
51 654
54 137
42 750
47 194
49 76
51 137
51 750
50 750
64 451
48 194
49 137
43 137
43 194
58 194
52 859
46 137
51 654
48 76
46 93
52 451
62 137
50 137
60 93
51 76
52 194
49 137
45 750
43 76
48 451
53 750
59 194
54 451
46 654
49 750
43 451
50 859
57 654
52 137
54 93
48 451
52 451
44 137
62 93
49 194
49 76
56 750
59 76
45 451
50 451
53 859
46 750
47 654
51 451
37 194
57 859
40 750
39 750
44 76
45 194
56 194
48 654
44 76
49 194
56 93
43 654
46 859
72 93
52 137
51 76
56 76
49 137
59 654
52 451
54 194
41 654
51 859
59 76
42 76
59 451
47 750
38 859
39 137
58 93
40 451
55 750
59 750
51 194
42 194
48 654
45 194
58 76
60 93
52 194
46 194
42 76
53 194
43 654
43 137
45 451
45 451
47 451
49 76
43 451
56 137
50 93
55 451
58 137
51 859
52 93
55 93
45 137
54 76
50 93
46 451
43 750
47 76
45 93
40 194
40 451
47 654
49 93
47 654
65 654
47 451
54 451
51 654
47 76
46 654
57 654
37 76
48 137
47 194
48 654
47 654
56 451
50 750
46 750
51 451
44 194
55 859
47 451
55 451
60 76
44 859
55 859
46 750
49 451
40 93
48 750
54 76
47 859
46 194
49 750
56 76
28 76
54 654
39 93
46 137
43 137
54 859
63 654
51 76
62 137
49 654
41 654
47 194
41 750
53 137
49 93
51 859
40 93
56 194
50 654
48 750
41 654
48 859
48 76
60 750
54 859
43 750
57 76
60 750
65 194
52 93
42 194
55 137
45 451
55 194
34 451
40 76
46 859
50 750
49 451
36 137
61 137
44 76
52 76
46 654
64 76
44 76
48 859
47 76
49 93
51 194
58 76
48 451
38 859
53 750
41 859
44 654
43 137
57 93
64 859
47 654
43 750
47 859
45 859
51 194
56 137
54 859
57 654
41 859
40 137
42 859
52 194
47 750
59 137
48 451
64 194
42 750
55 750
51 93
51 859
43 451
42 451
43 137
48 859
45 750
43 451
54 137
51 750
40 451
48 654
39 750
42 137
49 750
56 194
54 137
45 137
54 654
43 194
37 194
46 194
49 859
44 750
52 750
43 76
40 93
60 654
60 194
28 859
47 93
52 451
44 93
55 137
52 137
43 93
39 451
59 93
46 654
59 93
45 750
58 194
51 76
46 137
46 93
