5 5
1999 2 982795228 982795685
1 2 
465559 1
551837 2
572609 1
494505 2
478098 1
572979 2
524498 1
555727 2
566852 1
435463 2
643186 1
464828 2
492085 1
547377 2
539730 1
473070 2
484129 1
477559 2
471285 1
516177 2
486997 1
483058 2
560788 1
533461 2
540129 1
482816 2
547566 1
555499 2
476575 1
533143 2
513015 1
488647 2
483394 1
475760 2
410022 1
596866 2
439586 1
518947 2
511266 1
485202 2
477426 1
461803 2
428539 1
520441 2
582835 1
483017 2
458200 1
455119 2
481984 1
426090 2
544263 1
428474 2
494497 1
424668 2
441482 1
478464 2
459321 1
489618 2
490457 1
508082 2
540521 1
521365 2
502231 1
517738 2
431156 1
411953 2
522375 1
452894 2
525331 1
514140 2
559955 1
456529 2
539417 1
398111 2
496654 1
538151 2
499200 1
540619 2
470388 1
496935 2
591272 1
521899 2
460491 1
464853 2
509001 1
541662 2
447256 1
388966 2
565277 1
511680 2
396233 1
498791 2
448996 1
549789 2
444934 1
473047 2
511631 1
522657 2
551432 1
485819 2
473486 1
502412 2
539607 1
539002 2
495893 1
511673 2
543646 1
445168 2
482190 1
476270 2
469347 1
538788 2
442882 1
493908 2
470746 1
598641 2
576630 1
527477 2
506303 1
446533 2
430806 1
560465 2
463851 1
497752 2
429928 1
458507 2
413271 1
487589 2
436343 1
542081 2
512015 1
522679 2
509373 1
400770 2
482174 1
461951 2
463554 1
492057 2
371275 1
468419 2
479606 1
471567 2
412490 1
569591 2
463112 1
484784 2
541303 1
516733 2
453375 1
473432 2
454732 1
436136 2
464085 1
493922 2
412460 1
540354 2
486106 1
510878 2
485178 1
446867 2
517514 1
403711 2
576504 1
549320 2
483326 1
595593 2
457105 1
495919 2
509766 1
488747 2
497438 1
555956 2
407480 1
519897 2
592423 1
376685 2
553827 1
467127 2
485567 1
417318 2
482545 1
504394 2
455495 1
611565 2
478811 1
509537 2
487580 1
425070 2
549600 1
511258 2
469509 1
439826 2
518750 1
454427 2
485384 1
515702 2
401639 1
538069 2
541957 1
427550 2
570239 1
478766 2
475805 1
565681 2
528013 1
428489 2
502108 1
482500 2
481257 1
485766 2
471179 1
434219 2
509547 1
458538 2
497581 1
473198 2
516797 1
555262 2
642606 1
526486 2
462694 1
496156 2
491970 1
555515 2
540471 1
563380 2
397288 1
427587 2
447851 1
422472 2
511831 1
525900 2
503774 1
479562 2
482197 1
405461 2
502347 1
528700 2
545494 1
447119 2
586939 1
455700 2
449380 1
556360 2
447734 1
537272 2
508695 1
545231 2
460244 1
427852 2
521110 1
443129 2
435274 1
445185 2
474518 1
468420 2
450242 1
381864 2
595625 1
518378 2
536557 1
444860 2
487864 1
588429 2
570258 1
486767 2
549806 1
429415 2
475819 1
498919 2
534018 1
497388 2
543909 1
481206 2
462844 1
498796 2
513077 1
527008 2
505073 1
536918 2
447195 1
399455 2
501318 1
548040 2
553132 1
553931 2
533301 1
471818 2
453189 1
591671 2
469452 1
428057 2
515323 1
582571 2
512487 1
410686 2
504718 1
472999 2
497157 1
440630 2
509377 1
568799 2
456769 1
549488 2
466204 1
484767 2
464652 1
496351 2
421059 1
573042 2
496981 1
497659 2
499404 1
547418 2
532527 1
556255 2
464390 1
455212 2
428124 1
428823 2
469214 1
520992 2
516207 1
515848 2
543196 1
550174 2
536048 1
470660 2
428751 1
549302 2
520357 1
437143 2
535970 1
509042 2
484209 1
604461 2
505497 1
498459 2
492942 1
555293 2
409996 1
542898 2
510587 1
497187 2
485188 1
453581 2
528124 1
485427 2
468244 1
474533 2
536039 1
391490 2
501689 1
575564 2
563876 1
421844 2
488178 1
576964 2
485477 1
540048 2
461064 1
488075 2
534063 1
495671 2
544085 1
450517 2
463350 1
466620 2
414921 1
522782 2
465207 1
494839 2
541899 1
547133 2
503602 1
491482 2
521399 1
572373 2
472257 1
469904 2
450742 1
492117 2
414175 1
556279 2
497671 1
597598 2
404777 1
551559 2
556193 1
429219 2
471414 1
537932 2
480617 1
544748 2
489594 1
493776 2
547062 1
507811 2
471512 1
577767 2
433392 1
429317 2
441166 1
483026 2
505354 1
491727 2
505322 1
488099 2
452091 1
451037 2
482166 1
583514 2
399986 1
467984 2
494355 1
443199 2
551204 1
525161 2
397785 1
456340 2
550114 1
433686 2
494406 1
509104 2
515129 1
521692 2
522369 1
564380 2
453212 1
481583 2
411373 1
428224 2
510410 1
480768 2
401061 1
494583 2
491589 1
495813 2
471853 1
462102 2
436613 1
425681 2
408928 1
503217 2
425412 1
546970 2
452849 1
458334 2
428913 1
498754 2
473866 1
521370 2
516619 1
560898 2
590930 1
612872 2
491134 1
470026 2
436758 1
468964 2
413205 1
480000 2
462968 1
511413 2
615709 1
531425 2
467259 1
551748 2
386783 1
500646 2
389159 1
548240 2
604076 1
481238 2
540989 1
524678 2
469336 1
478912 2
506917 1
487829 2
365435 1
420607 2
451676 1
538193 2
447650 1
467515 2
491288 1
464786 2
499037 1
498854 2
489748 1
519992 2
618578 1
545034 2
403385 1
536173 2
527185 1
487389 2
499878 1
443085 2
568115 1
474153 2
472187 1
492393 2
468448 1
505556 2
454934 1
462793 2
490368 1
497132 2
525006 1
490859 2
456419 1
467005 2
436400 1
530450 2
588334 1
512250 2
582315 1
456847 2
577184 1
465175 2
457520 1
513202 2
420407 1
573484 2
523936 1
528560 2
466800 1
424355 2
409655 1
563073 2
493552 1
496958 2
506595 1
486627 2
511853 1
528670 2
474561 1
588912 2
452523 1
495704 2
496965 1
504402 2
424837 1
522536 2
537464 1
625289 2
527048 1
478850 2
455111 1
454109 2
436459 1
441410 2
452340 1
519160 2
511550 1
466380 2
466777 1
582206 2
512980 1
505647 2
321191 1
427039 2
576310 1
582326 2
504637 1
501613 2
522329 1
432186 2
500191 1
524035 2
488226 1
465193 2
466224 1
520737 2
530813 1
482723 2
500672 1
493556 2
504557 1
484149 2
530818 1
470215 2
497889 1
594628 2
493954 1
401699 2
524066 1
522649 2
480660 1
523847 2
545310 1
482415 2
481044 1
476233 2
407084 1
413069 2
433976 1
458787 2
528670 1
524995 2
497513 1
613337 2
522053 1
473300 2
480802 1
456447 2
539466 1
576993 2
425104 1
491729 2
474233 1
579516 2
576298 1
513857 2
517695 1
511821 2
553881 1
458723 2
458435 1
393386 2
497358 1
482456 2
435605 1
470376 2
498035 1
514586 2
485601 1
488209 2
477113 1
516010 2
490277 1
516329 2
544841 1
446630 2
606927 1
424619 2
477330 1
519496 2
551829 1
485145 2
606031 1
469599 2
401812 1
462476 2
497634 1
545694 2
425798 1
582982 2
414854 1
500647 2
498851 1
447577 2
517983 1
604738 2
484238 1
422880 2
496067 1
492295 2
472411 1
513411 2
480690 1
447689 2
488059 1
578246 2
443991 1
480274 2
406257 1
444439 2
411978 1
488024 2
504853 1
453729 2
521276 1
533352 2
510859 1
511950 2
537755 1
477647 2
556887 1
570486 2
501857 1
593457 2
520453 1
468625 2
493504 1
473198 2
509279 1
547380 2
486790 1
549871 2
460019 1
517851 2
479021 1
497383 2
494908 1
569077 2
468254 1
542210 2
534521 1
552059 2
527123 1
402713 2
544815 1
503577 2
509715 1
541034 2
472106 1
461800 2
516033 1
449150 2
451472 1
436931 2
491955 1
548876 2
479584 1
465683 2
532196 1
595851 2
530593 1
428433 2
494509 1
543040 2
515751 1
527860 2
440357 1
450933 2
465494 1
456891 2
479483 1
415236 2
524797 1
522308 2
395896 1
508392 2
529966 1
460624 2
490093 1
616914 2
473529 1
536608 2
430804 1
536603 2
498928 1
588275 2
504389 1
561678 2
476011 1
460960 2
529800 1
400573 2
422841 1
623186 2
548832 1
429370 2
495706 1
419974 2
442209 1
447714 2
471262 1
487606 2
522946 1
477687 2
488801 1
460646 2
526387 1
574797 2
472648 1
496889 2
547617 1
481256 2
483610 1
536035 2
529651 1
419266 2
434463 1
549948 2
436453 1
579279 2
371805 1
481046 2
513692 1
466858 2
563145 1
497467 2
559670 1
400137 2
514332 1
493900 2
454917 1
539110 2
536872 1
475017 2
429196 1
492968 2
373889 1
487889 2
575541 1
395993 2
516715 1
664078 2
467255 1
493733 2
440482 1
477420 2
414873 1
456481 2
567048 1
456967 2
459030 1
527501 2
481654 1
426066 2
465130 1
463180 2
542991 1
493176 2
503287 1
479782 2
552359 1
449331 2
440941 1
499690 2
506049 1
503046 2
397029 1
481039 2
455130 1
516142 2
451059 1
437322 2
467482 1
419766 2
558025 1
521011 2
457656 1
475339 2
522846 1
506240 2
500238 1
480894 2
521718 1
437992 2
549638 1
531950 2
563427 1
495679 2
445359 1
444846 2
550394 1
459129 2
459488 1
354750 2
520830 1
426694 2
485532 1
485992 2
537694 1
467480 2
367378 1
537269 2
435904 1
504123 2
453234 1
510682 2
510035 1
562891 2
466632 1
509258 2
379880 1
479967 2
566216 1
500213 2
597418 1
490402 2
587629 1
423143 2
592164 1
455704 2
607676 1
529519 2
454293 1
467080 2
479388 1
402591 2
454868 1
482523 2
482275 1
534710 2
467180 1
412199 2
501233 1
452608 2
524019 1
476039 2
564775 1
502581 2
558228 1
564042 2
496971 1
481896 2
499191 1
484369 2
429209 1
418848 2
481155 1
438611 2
492394 1
564391 2
456246 1
459312 2
498918 1
421607 2
421798 1
604127 2
404569 1
449560 2
471894 1
494797 2
512820 1
529014 2
446229 1
479140 2
543424 1
508956 2
438514 1
558620 2
536285 1
393176 2
509003 1
509728 2
464775 1
467619 2
517550 1
529114 2
437587 1
518525 2
440760 1
510045 2
492161 1
507400 2
412008 1
559663 2
496282 1
496190 2
485672 1
565235 2
522242 1
459923 2
471534 1
449928 2
517699 1
524381 2
519366 1
486415 2
520735 1
516673 2
491446 1
449827 2
574270 1
650283 2
504415 1
541317 2
522727 1
417682 2
440827 1
489263 2
460953 1
452868 2
448256 1
424078 2
486945 1
416103 2
495010 1
523292 2
520461 1
481436 2
479753 1
489087 2
530258 1
475998 2
464223 1
581880 2
547001 1
449765 2
491240 1
486868 2
500356 1
503709 2
529319 1
432288 2
557238 1
490083 2
502723 1
494596 2
485509 1
451955 2
519133 1
521129 2
605651 1
432082 2
495710 1
580743 2
463365 1
584032 2
468586 1
475345 2
455432 1
433769 2
521085 1
507760 2
397481 1
559011 2
518299 1
474319 2
527013 1
498725 2
530442 1
549057 2
579092 1
520330 2
455232 1
404751 2
443608 1
570289 2
455204 1
438356 2
504579 1
503929 2
530559 1
470812 2
569865 1
574620 2
475436 1
390345 2
409578 1
556595 2
514821 1
500542 2
414314 1
554900 2
527220 1
447678 2
504116 1
552391 2
509731 1
489546 2
488014 1
473303 2
448928 1
475928 2
447758 1
368849 2
444671 1
513906 2
472970 1
540273 2
502493 1
445877 2
469929 1
487514 2
494290 1
478150 2
464886 1
427772 2
590995 1
509273 2
491018 1
400866 2
570003 1
542224 2
484722 1
541164 2
489019 1
519372 2
494430 1
561401 2
454434 1
485318 2
477076 1
513253 2
490578 1
465742 2
521417 1
585246 2
508000 1
502185 2
475767 1
496710 2
391478 1
517212 2
469090 1
405088 2
522693 1
410092 2
547298 1
501883 2
479525 1
490388 2
467798 1
413403 2
472604 1
532134 2
525291 1
480095 2
499851 1
545876 2
466988 1
487631 2
523339 1
601293 2
538274 1
473499 2
520248 1
519148 2
443699 1
508187 2
450478 1
423731 2
453553 1
476471 2
515624 1
497707 2
493693 1
459804 2
476347 1
459796 2
423367 1
486236 2
479651 1
512280 2
491736 1
440302 2
431350 1
551264 2
503496 1
486820 2
566873 1
464683 2
548760 1
519541 2
410818 1
493376 2
446232 1
446858 2
430766 1
543582 2
595115 1
518915 2
586654 1
523346 2
541276 1
471152 2
492707 1
570969 2
439445 1
433002 2
520378 1
464792 2
501172 1
486406 2
504043 1
472385 2
452706 1
655980 2
476617 1
527427 2
419642 1
424161 2
500930 1
474583 2
512170 1
535522 2
450216 1
446850 2
441552 1
493613 2
484745 1
508371 2
469839 1
424457 2
496956 1
513534 2
432790 1
510917 2
426710 1
492658 2
442521 1
506524 2
482701 1
463927 2
465760 1
460681 2
480681 1
493480 2
578646 1
491461 2
548342 1
517298 2
476024 1
453841 2
443507 1
380250 2
500235 1
510753 2
525907 1
472504 2
503422 1
493784 2
505011 1
458806 2
549621 1
537621 2
508516 1
487657 2
556158 1
472448 2
527151 1
474502 2
485774 1
492082 2
492014 1
555673 2
469390 1
503080 2
550075 1
464338 2
392374 1
605292 2
435863 1
350467 2
505013 1
528210 2
500865 1
572695 2
497239 1
471997 2
456934 1
466063 2
500208 1
460198 2
507329 1
512861 2
412372 1
549993 2
498059 1
454735 2
554076 1
427652 2
487319 1
440284 2
449383 1
506387 2
446326 1
433902 2
468287 1
526223 2
462533 1
462121 2
451024 1
553698 2
439805 1
439526 2
500824 1
532202 2
483143 1
562903 2
495555 1
514301 2
502460 1
527583 2
461751 1
492071 2
515010 1
575955 2
565173 1
546680 2
490832 1
434959 2
531930 1
440412 2
400117 1
434293 2
472306 1
527296 2
488626 1
481708 2
434274 1
444276 2
496458 1
512738 2
469499 1
523286 2
541394 1
540497 2
531587 1
614493 2
493391 1
498575 2
478497 1
501535 2
492222 1
432740 2
524000 1
554747 2
517748 1
397826 2
507561 1
464480 2
508713 1
475609 2
428689 1
456536 2
470528 1
456053 2
471605 1
512108 2
477613 1
531045 2
537633 1
433256 2
439731 1
449354 2
432879 1
435875 2
578391 1
584624 2
432927 1
490561 2
469022 1
523474 2
534468 1
412705 2
500441 1
502683 2
474571 1
543264 2
461349 1
485856 2
528959 1
436012 2
526713 1
481534 2
509674 1
464505 2
498369 1
555428 2
509705 1
471889 2
490939 1
479111 2
490350 1
353639 2
527829 1
390264 2
476526 1
518050 2
431844 1
453531 2
533345 1
428335 2
542148 1
498306 2
451859 1
469562 2
599611 1
479753 2
436139 1
545149 2
460521 1
490809 2
502090 1
448029 2
492200 1
526383 2
490070 1
467147 2
442508 1
501480 2
433299 1
430589 2
529089 1
525614 2
476264 1
479107 2
482761 1
448058 2
474234 1
581059 2
527370 1
465512 2
569126 1
463693 2
469969 1
535827 2
485643 1
413974 2
492851 1
443964 2
463731 1
512790 2
506267 1
448758 2
463042 1
511001 2
575795 1
471171 2
506827 1
498828 2
537394 1
497770 2
525439 1
527158 2
469394 1
502191 2
468949 1
504977 2
515377 1
472697 2
444287 1
472648 2
476179 1
405835 2
539904 1
642193 2
584406 1
476508 2
513878 1
528271 2
495475 1
521185 2
520635 1
554380 2
407343 1
444302 2
454788 1
507177 2
412466 1
506063 2
518182 1
383850 2
434956 1
443634 2
533259 1
434734 2
582535 1
433553 2
476053 1
543807 2
475649 1
605267 2
525855 1
530345 2
439141 1
539532 2
473889 1
424199 2
412769 1
513677 2
400355 1
490007 2
469731 1
543490 2
509704 1
502210 2
469508 1
468020 2
550230 1
470262 2
573796 1
436552 2
421696 1
406443 2
462012 1
507493 2
501869 1
492869 2
528550 1
562440 2
476572 1
509992 2
572780 1
530393 2
508631 1
417837 2
442487 1
503024 2
525011 1
473268 2
497139 1
450748 2
502007 1
523736 2
546241 1
522840 2
530427 1
547135 2
552233 1
499001 2
507903 1
539274 2
548753 1
564368 2
497992 1
458102 2
443019 1
525826 2
515500 1
573333 2
459214 1
492656 2
498292 1
498967 2
550084 1
460747 2
495302 1
512411 2
459452 1
482927 2
446053 1
436799 2
411345 1
432801 2
483846 1
420394 2
488310 1
522621 2
546599 1
426146 2
434218 1
481085 2
472610 1
448306 2
474429 1
504994 2
428415 1
480361 2
485603 1
578604 2
430696 1
575653 2
510757 1
488731 2
530023 1
521389 2
431242 1
503276 2
536391 1
415173 2
450564 1
509893 2
478500 1
558316 2
490388 1
506166 2
497840 1
514897 2
506090 1
498565 2
437181 1
543346 2
490814 1
552325 2
462425 1
520204 2
399098 1
518128 2
502887 1
466655 2
479143 1
448772 2
449843 1
502594 2
511909 1
463505 2
460349 1
462694 2
464702 1
552006 2
429569 1
486476 2
512771 1
513555 2
507367 1
494042 2
474423 1
554955 2
469197 1
393579 2
496326 1
387054 2
479316 1
568633 2
468390 1
519311 2
512060 1
504868 2
495380 1
523900 2
488014 1
468083 2
512804 1
508822 2
512645 1
517654 2
543684 1
433654 2
455268 1
544453 2
514622 1
525060 2
449435 1
516285 2
483836 1
397986 2
557110 1
527534 2
527751 1
451103 2
569936 1
493058 2
450975 1
458642 2
459644 1
512599 2
482151 1
480333 2
502826 1
524985 2
541145 1
536886 2
448677 1
440926 2
452260 1
436570 2
472150 1
511631 2
443917 1
414001 2
437120 1
412478 2
447691 1
417406 2
526629 1
473216 2
555679 1
455566 2
484022 1
503147 2
559053 1
575396 2
546975 1
361674 2
582893 1
515805 2
490395 1
425129 2
424737 1
488227 2
534719 1
487463 2
421176 1
567018 2
446005 1
482040 2
497571 1
557135 2
392204 1
513158 2
535200 1
572001 2
455941 1
504229 2
578260 1
472694 2
497084 1
446942 2
481896 1
586829 2
485553 1
523209 2
544628 1
430382 2
508853 1
567409 2
552116 1
597947 2
551751 1
453528 2
461053 1
541961 2
482543 1
494804 2
418709 1
455461 2
567252 1
497976 2
472541 1
526676 2
451306 1
495914 2
487338 1
572523 2
481689 1
459022 2
562316 1
591530 2
386526 1
468330 2
522578 1
495355 2
499749 1
484641 2
452288 1
529152 2
452451 1
481008 2
416191 1
457563 2
480356 1
438610 2
457716 1
458993 2
597407 1
457168 2
536840 1
483646 2
550664 1
503117 2
545566 1
563074 2
455981 1
499547 2
451925 1
564106 2
422241 1
513096 2
479302 1
468054 2
409911 1
443361 2
538192 1
449415 2
410792 1
537071 2
487750 1
450532 2
422418 1
477720 2
515747 1
488172 2
483046 1
464089 2
466898 1
542424 2
486552 1
572497 2
486144 1
535435 2
459007 1
524067 2
519087 1
576853 2
443240 1
512118 2
417805 1
480511 2
579316 1
547680 2
489662 1
458548 2
434945 1
427083 2
554287 1
460274 2
470496 1
469533 2
560853 1
493202 2
501610 1
440888 2
511594 1
528771 2
504667 1
531898 2
475960 1
530181 2
582802 1
458839 2
468292 1
439351 2
406952 1
513694 2
493264 1
482205 2
558725 1
521921 2
478493 1
364611 2
483891 1
484097 2
521024 1
453040 2
502896 1
515151 2
528603 1
427998 2
456024 1
381956 2
510241 1
481932 2
443829 1
451003 2
552704 1
421759 2
452879 1
490240 2
523141 1
532941 2
558493 1
464250 2
422982 1
445979 2
404823 1
506470 2
546093 1
531415 2
495440 1
562098 2
475442 1
436217 2
462927 1
533717 2
433791 1
386781 2
477753 1
460198 2
476609 1
429099 2
458662 1
645717 2
560624 1
473293 2
467443 1
529673 2
424353 1
537779 2
438378 1
560441 2
597120 1
504855 2
405722 1
509157 2
524790 1
534759 2
538924 1
526657 2
445821 1
439344 2
426655 1
500422 2
465300 1
487388 2
497766 1
546754 2
525979 1
430558 2
539383 1
540210 2
455633 1
412599 2
510264 1
477767 2
498615 1
423910 2
563190 1
489268 2
390654 1
464206 2
512331 1
535327 2
434810 1
510111 2
353544 1
487326 2
472049 1
414436 2
399408 1
504441 2
454846 1
475543 2
503731 1
539766 2
494431 1
446093 2
524246 1
453780 2
490075 1
439018 2
467484 1
536560 2
433512 1
467072 2
666799 1
530453 2
438748 1
424024 2
522167 1
484272 2
560974 1
478719 2
447591 1
407608 2
462490 1
398958 2
438178 1
386244 2
447097 1
484591 2
431964 1
441491 2
427241 1
455896 2
531787 1
453552 2
529178 1
529499 2
422696 1
505436 2
413006 1
521896 2
438466 1
461094 2
452967 1
464953 2
512243 1
455819 2
458142 1
499817 2
427148 1
425076 2
507976 1
458929 2
489944 1
598800 2
524387 1
509910 2
534840 1
502534 2
487682 1
503215 2
447409 1
552193 2
483059 1
576816 2
513695 1
480720 2
476438 1
439792 2
409791 1
485885 2
534980 1
478809 2
459602 1
439157 2
553741 1
580373 2
455137 1
520417 2
516182 1
399178 2
563790 1
471096 2
433381 1
535576 2
593765 1
594485 2
417436 1
481629 2
517058 1
522095 2
509189 1
428456 2
500498 1
505542 2
478328 1
597773 2
471220 1
469435 2
443809 1
491125 2
463061 1
476053 2
564831 1
464540 2
492202 1
462493 2
418190 1
2000 2 577303693 942645996
1 2 
518932 1
384330 2
437081 1
589988 2
485061 1
490780 2
455050 1
476816 2
492724 1
467785 2
479279 1
453696 2
500991 1
481975 2
408192 1
440877 2
554784 1
483763 2
494182 1
427467 2
425267 1
399102 2
476523 1
517390 2
514180 1
525084 2
451756 1
480158 2
441966 1
405311 2
479791 1
550344 2
444972 1
441496 2
448621 1
500418 2
481100 1
433148 2
445556 1
418106 2
491236 1
428572 2
466783 1
443108 2
505055 1
471665 2
514445 1
478134 2
407248 1
417152 2
518001 1
465821 2
518070 1
432627 2
440660 1
543013 2
451583 1
526998 2
483427 1
601375 2
454084 1
499226 2
520009 1
434953 2
464015 1
499989 2
508759 1
457574 2
496932 1
428139 2
502730 1
421833 2
562198 1
442740 2
391198 1
508433 2
474288 1
415365 2
575836 1
452689 2
450487 1
488708 2
486368 1
619086 2
492315 1
548456 2
512246 1
482170 2
508692 1
466301 2
527812 1
470024 2
471009 1
425439 2
419656 1
430837 2
477181 1
508924 2
451762 1
481349 2
522369 1
504244 2
433728 1
449698 2
551655 1
540697 2
451945 1
387283 2
482582 1
453379 2
435751 1
418619 2
415948 1
481018 2
488318 1
452244 2
492635 1
424278 2
400670 1
512464 2
470174 1
613413 2
410290 1
465769 2
398831 1
495081 2
509720 1
523443 2
440709 1
486507 2
438798 1
489277 2
491371 1
451989 2
413452 1
491620 2
453427 1
486332 2
478850 1
449679 2
469794 1
509750 2
435592 1
457796 2
397170 1
542354 2
410660 1
493427 2
475125 1
553622 2
467239 1
451435 2
413157 1
375201 2
493229 1
493109 2
501259 1
503537 2
486053 1
513894 2
552214 1
450637 2
510502 1
471293 2
522355 1
495840 2
490728 1
521109 2
497493 1
455377 2
495968 1
501166 2
464499 1
474151 2
437584 1
430390 2
521720 1
480788 2
508126 1
388314 2
364232 1
450749 2
351810 1
481445 2
461611 1
466697 2
454580 1
454325 2
432966 1
487672 2
487386 1
418104 2
454666 1
476441 2
504815 1
486397 2
502597 1
448652 2
491472 1
587409 2
414080 1
463856 2
492429 1
496475 2
459988 1
358218 2
470381 1
423222 2
474682 1
487367 2
380789 1
465638 2
441868 1
513560 2
466088 1
418125 2
458317 1
502742 2
458609 1
407345 2
514269 1
476955 2
495972 1
579404 2
478964 1
397621 2
484421 1
510858 2
382298 1
456423 2
484788 1
522805 2
486397 1
483576 2
470945 1
509970 2
423083 1
398082 2
583275 1
468237 2
454637 1
410452 2
461007 1
440009 2
509526 1
547082 2
537734 1
452810 2
413070 1
413728 2
378292 1
569908 2
440859 1
511347 2
432910 1
486332 2
420305 1
471690 2
477538 1
395147 2
476778 1
406138 2
437447 1
531532 2
534889 1
532630 2
509938 1
488818 2
472466 1
508966 2
410915 1
456925 2
425669 1
393309 2
505870 1
427312 2
462297 1
479327 2
490569 1
504001 2
475088 1
480078 2
501443 1
482770 2
450506 1
435396 2
463768 1
435528 2
427941 1
438728 2
434676 1
369478 2
412995 1
440987 2
546115 1
437459 2
444109 1
456582 2
504024 1
468748 2
468333 1
500840 2
571337 1
468689 2
484716 1
411016 2
427975 1
451237 2
584664 1
470807 2
468604 1
454109 2
494188 1
534576 2
433647 1
444988 2
480959 1
513229 2
507514 1
493966 2
426889 1
442825 2
421913 1
405150 2
475861 1
452554 2
460065 1
424609 2
491966 1
556769 2
509534 1
460607 2
508273 1
529318 2
488017 1
519073 2
489360 1
442010 2
438248 1
418193 2
492208 1
423242 2
493750 1
506442 2
540624 1
375694 2
432756 1
490277 2
493864 1
431235 2
404826 1
469524 2
471584 1
490332 2
398080 1
514645 2
538992 1
501585 2
424142 1
431337 2
368729 1
474687 2
488049 1
436269 2
450222 1
473331 2
407988 1
549365 2
468957 1
563402 2
485463 1
448997 2
369404 1
504432 2
536790 1
367584 2
424513 1
452251 2
483897 1
481916 2
431785 1
434391 2
411529 1
438326 2
455098 1
507370 2
442338 1
513574 2
434075 1
469608 2
504811 1
372744 2
485567 1
437133 2
489313 1
496277 2
500073 1
447936 2
497769 1
468758 2
454163 1
580256 2
426972 1
469567 2
499375 1
476028 2
403726 1
476298 2
458422 1
484718 2
482525 1
428885 2
455068 1
510179 2
439989 1
520361 2
568124 1
438862 2
516904 1
449030 2
500809 1
461123 2
537174 1
521736 2
465749 1
462164 2
440344 1
458014 2
467402 1
436285 2
506369 1
517550 2
479944 1
453159 2
569300 1
539448 2
491771 1
475325 2
367025 1
486580 2
524900 1
460321 2
396443 1
445587 2
521367 1
515461 2
473457 1
387861 2
446729 1
516419 2
525007 1
410835 2
503609 1
520790 2
470524 1
458370 2
526335 1
358452 2
430168 1
423408 2
393046 1
478146 2
413362 1
504467 2
556678 1
436238 2
495695 1
405622 2
389376 1
508860 2
457966 1
432140 2
439732 1
449634 2
411917 1
436996 2
486645 1
514806 2
370320 1
531881 2
418698 1
476607 2
485152 1
501988 2
508316 1
457061 2
452598 1
482962 2
440246 1
428042 2
430066 1
437099 2
452935 1
396900 2
492632 1
546855 2
522925 1
628891 2
459448 1
648373 2
406212 1
386730 2
472682 1
508512 2
514269 1
380444 2
436502 1
444843 2
395573 1
525308 2
464652 1
419633 2
438400 1
465939 2
482855 1
512703 2
356798 1
442753 2
467075 1
426220 2
423623 1
453144 2
457182 1
526773 2
399587 1
445500 2
452108 1
480922 2
563865 1
445766 2
425546 1
474235 2
555343 1
382155 2
555740 1
547237 2
430768 1
435006 2
542212 1
476577 2
474381 1
448766 2
482888 1
452982 2
469505 1
434018 2
430388 1
534916 2
470068 1
495196 2
488526 1
540091 2
418631 1
533638 2
439038 1
542591 2
444514 1
492909 2
506311 1
559034 2
501074 1
446212 2
439693 1
433380 2
413358 1
437429 2
457742 1
493889 2
406982 1
541067 2
438057 1
491972 2
427875 1
459942 2
487088 1
384816 2
474844 1
442786 2
477133 1
472799 2
493777 1
517803 2
496696 1
395004 2
492509 1
380008 2
470375 1
490723 2
457166 1
426279 2
420770 1
441361 2
397257 1
572020 2
509180 1
532318 2
446176 1
479785 2
561231 1
462216 2
519561 1
500736 2
486415 1
424606 2
512788 1
475055 2
463711 1
520909 2
529214 1
479384 2
394182 1
461405 2
442897 1
489590 2
512273 1
449947 2
423966 1
499897 2
478709 1
514918 2
510736 1
406847 2
464619 1
377748 2
478551 1
390482 2
422111 1
417635 2
508633 1
497569 2
502756 1
428266 2
520057 1
523014 2
520857 1
507286 2
567783 1
396968 2
425138 1
432042 2
480741 1
426832 2
450965 1
584576 2
477190 1
499687 2
504071 1
488186 2
387969 1
479292 2
381955 1
429864 2
486067 1
436364 2
477802 1
470037 2
473226 1
466851 2
416350 1
520256 2
429200 1
501869 2
427988 1
451933 2
459655 1
562511 2
476435 1
477113 2
446401 1
523876 2
425596 1
462371 2
416738 1
412415 2
431585 1
463286 2
485771 1
399913 2
573031 1
491840 2
567286 1
438305 2
440807 1
507099 2
493579 1
476411 2
548486 1
444904 2
543783 1
567674 2
465796 1
514729 2
503809 1
452497 2
455572 1
439866 2
488067 1
467571 2
455685 1
509475 2
441034 1
455466 2
459735 1
476156 2
408037 1
497293 2
439555 1
493718 2
448196 1
519664 2
471594 1
415193 2
493998 1
501757 2
447272 1
390047 2
454663 1
483872 2
394531 1
541356 2
451550 1
515566 2
449941 1
432935 2
472870 1
465046 2
487202 1
452323 2
450002 1
413483 2
514229 1
426121 2
407498 1
447598 2
470049 1
461941 2
528733 1
456198 2
538853 1
435672 2
502530 1
462598 2
442436 1
435003 2
437638 1
450728 2
454914 1
435757 2
524172 1
449184 2
448487 1
498728 2
502869 1
511254 2
426117 1
509480 2
417019 1
473387 2
541976 1
584553 2
467845 1
519143 2
457543 1
425982 2
422861 1
441497 2
440352 1
505188 2
481897 1
478158 2
552644 1
489588 2
429154 1
572441 2
488157 1
457007 2
514045 1
403028 2
403885 1
441537 2
470972 1
440927 2
456044 1
448806 2
474893 1
586662 2
461803 1
500529 2
489277 1
513800 2
424160 1
456629 2
385701 1
463777 2
531872 1
475291 2
454720 1
413085 2
499484 1
427112 2
499124 1
435425 2
481866 1
458240 2
583438 1
470122 2
516091 1
478573 2
479964 1
498755 2
461455 1
472406 2
446900 1
487587 2
550412 1
517550 2
449706 1
472280 2
430067 1
454241 2
447287 1
437406 2
481043 1
474754 2
496509 1
468249 2
561869 1
580369 2
498493 1
433708 2
512200 1
429404 2
478071 1
431959 2
525709 1
470335 2
456531 1
508048 2
511606 1
462302 2
385754 1
486798 2
608977 1
476925 2
472532 1
436318 2
494359 1
500496 2
373862 1
473031 2
482500 1
544804 2
535414 1
456034 2
426875 1
501628 2
478759 1
435369 2
452442 1
493244 2
463176 1
437916 2
510370 1
441864 2
472888 1
452832 2
412493 1
444990 2
447033 1
401484 2
506934 1
519980 2
518945 1
460291 2
463488 1
444047 2
506081 1
406646 2
512695 1
478930 2
485263 1
534793 2
512029 1
379792 2
499660 1
437906 2
489699 1
392327 2
486109 1
429264 2
431090 1
497394 2
482814 1
501137 2
436289 1
457314 2
454409 1
409739 2
489561 1
443702 2
440662 1
541149 2
426702 1
504891 2
454570 1
466185 2
447862 1
476882 2
462896 1
501720 2
451749 1
462342 2
434294 1
390752 2
533828 1
540610 2
501413 1
436403 2
611646 1
505885 2
464272 1
460029 2
427271 1
565818 2
504374 1
471759 2
426008 1
467003 2
410696 1
480195 2
543610 1
434826 2
442727 1
468864 2
489648 1
502239 2
404661 1
432942 2
586611 1
544107 2
505413 1
436182 2
515510 1
491554 2
513147 1
520710 2
537194 1
485628 2
474060 1
389034 2
502339 1
457241 2
388104 1
428092 2
538570 1
475708 2
448004 1
446825 2
563973 1
416246 2
379818 1
443829 2
400845 1
385502 2
439160 1
483750 2
456929 1
497449 2
553791 1
444868 2
488124 1
562785 2
448455 1
506739 2
477702 1
515160 2
525014 1
477656 2
485266 1
455784 2
406241 1
556982 2
502285 1
539484 2
409557 1
431059 2
466069 1
449037 2
497270 1
528769 2
430546 1
403217 2
423318 1
372736 2
467096 1
522880 2
479113 1
492834 2
506604 1
486087 2
516818 1
450160 2
382806 1
372624 2
478653 1
491849 2
531396 1
450031 2
469024 1
452474 2
427945 1
433296 2
452024 1
467997 2
477509 1
546253 2
493927 1
438080 2
409683 1
520646 2
383240 1
535577 2
463135 1
513418 2
490642 1
458959 2
524950 1
549481 2
440632 1
440634 2
446489 1
483702 2
434478 1
487034 2
512068 1
469229 2
468156 1
528040 2
438758 1
480723 2
395666 1
428989 2
462278 1
461783 2
471004 1
518242 2
375781 1
483488 2
404296 1
441949 2
527615 1
464939 2
455576 1
446188 2
456024 1
519059 2
474883 1
413122 2
426632 1
436625 2
578837 1
516413 2
480766 1
483113 2
497581 1
460128 2
448121 1
464853 2
486837 1
474281 2
441243 1
459074 2
494675 1
446820 2
396939 1
515334 2
488240 1
435522 2
465690 1
560985 2
388718 1
470205 2
489032 1
445159 2
495829 1
526061 2
504186 1
469445 2
472441 1
484822 2
457874 1
547349 2
474918 1
391048 2
466791 1
606794 2
413086 1
531073 2
441853 1
586098 2
481082 1
463191 2
483266 1
563370 2
512862 1
530527 2
401139 1
473381 2
471792 1
425697 2
482443 1
468096 2
468844 1
484316 2
571371 1
526431 2
407949 1
501292 2
458356 1
449661 2
495338 1
469413 2
473926 1
397769 2
495276 1
484102 2
472794 1
525291 2
453331 1
401856 2
475252 1
488303 2
434037 1
431481 2
483995 1
469583 2
452291 1
454326 2
479763 1
400077 2
517821 1
458217 2
585953 1
519037 2
425632 1
448327 2
422516 1
422317 2
525873 1
457582 2
432708 1
426958 2
479375 1
552170 2
555732 1
418890 2
467177 1
499452 2
448560 1
440065 2
419495 1
519470 2
398165 1
533189 2
469069 1
547710 2
457146 1
361953 2
570899 1
476106 2
555165 1
458617 2
479335 1
443463 2
431249 1
447018 2
473075 1
479085 2
534995 1
475042 2
462573 1
475186 2
478722 1
445163 2
458877 1
433671 2
455873 1
458250 2
465383 1
408737 2
526274 1
432039 2
471002 1
428385 2
376806 1
473929 2
462758 1
500107 2
459357 1
387553 2
545859 1
453288 2
430421 1
484128 2
455788 1
484370 2
458849 1
368508 2
530873 1
501333 2
485305 1
441043 2
526119 1
451869 2
419687 1
509290 2
495108 1
414977 2
547092 1
472613 2
417826 1
577490 2
506556 1
446003 2
521905 1
465569 2
470841 1
539763 2
444493 1
456586 2
372685 1
430133 2
418456 1
319219 2
452964 1
509790 2
462262 1
492239 2
486461 1
441253 2
445732 1
573166 2
393454 1
446646 2
389343 1
465615 2
592625 1
417925 2
459732 1
451942 2
519764 1
487776 2
426311 1
431327 2
480533 1
476944 2
508615 1
484920 2
532557 1
437031 2
494463 1
452273 2
489700 1
501463 2
507087 1
477988 2
387910 1
548011 2
502898 1
484260 2
424271 1
447151 2
412947 1
464869 2
446700 1
536667 2
448828 1
524442 2
462452 1
492035 2
525972 1
443468 2
473562 1
489874 2
509948 1
449645 2
531239 1
456976 2
436284 1
418934 2
421371 1
383694 2
503106 1
469885 2
396748 1
442925 2
498875 1
516495 2
433745 1
455855 2
477223 1
404806 2
486366 1
430756 2
465424 1
416789 2
440230 1
422786 2
427057 1
457266 2
543143 1
463346 2
523864 1
482580 2
500012 1
444256 2
496045 1
440836 2
467547 1
462060 2
409619 1
465848 2
469474 1
487679 2
450329 1
582463 2
486708 1
456879 2
572277 1
438065 2
406827 1
445021 2
438058 1
458705 2
502335 1
452035 2
421304 1
445486 2
443324 1
457251 2
517172 1
463830 2
470829 1
527232 2
449514 1
438999 2
472073 1
505387 2
413832 1
352378 2
403723 1
506120 2
459338 1
474605 2
558986 1
534397 2
437469 1
491307 2
427477 1
502831 2
539513 1
492547 2
482787 1
490747 2
562677 1
509968 2
467061 1
463564 2
430770 1
471794 2
421357 1
498761 2
389536 1
504233 2
462382 1
432948 2
437740 1
448949 2
508233 1
466364 2
481488 1
449628 2
473521 1
488742 2
432519 1
521742 2
536235 1
395695 2
428897 1
466959 2
514264 1
449147 2
444403 1
417287 2
441576 1
376646 2
488779 1
521208 2
501362 1
495278 2
509354 1
434180 2
453702 1
547712 2
504173 1
423808 2
445481 1
488945 2
532160 1
555916 2
436841 1
505632 2
502116 1
511394 2
560322 1
408625 2
506154 1
532797 2
383355 1
553131 2
486135 1
410626 2
457577 1
433846 2
493656 1
495007 2
424844 1
454670 2
501723 1
415431 2
391650 1
533411 2
458732 1
518861 2
428655 1
507133 2
529489 1
525751 2
493559 1
473414 2
529755 1
473826 2
501848 1
435255 2
509240 1
445507 2
440825 1
533655 2
415597 1
438295 2
458255 1
458570 2
500668 1
452726 2
446944 1
483728 2
520437 1
514976 2
450363 1
428819 2
497723 1
495124 2
445498 1
471110 2
452023 1
409741 2
377074 1
532437 2
503941 1
430158 2
463695 1
592404 2
499252 1
489199 2
466949 1
540534 2
546635 1
599259 2
518864 1
455126 2
456791 1
499717 2
416838 1
453464 2
407042 1
404338 2
436909 1
583783 2
412935 1
389952 2
536763 1
449336 2
470339 1
466997 2
448793 1
468006 2
429841 1
440475 2
369212 1
514263 2
430412 1
394554 2
455112 1
480667 2
525815 1
457177 2
443335 1
405890 2
355439 1
442230 2
508323 1
397263 2
437046 1
467930 2
508847 1
492700 2
511587 1
554378 2
457225 1
408305 2
438852 1
386868 2
482718 1
412533 2
437864 1
478646 2
498163 1
502860 2
519342 1
469260 2
545553 1
482970 2
498948 1
481920 2
524426 1
523203 2
400179 1
388019 2
592855 1
430189 2
506059 1
508057 2
508092 1
467818 2
429575 1
464580 2
413656 1
409011 2
485319 1
539732 2
587839 1
468097 2
382426 1
501962 2
525672 1
490915 2
474552 1
441092 2
460648 1
447867 2
506559 1
479788 2
489497 1
465336 2
575566 1
489319 2
463294 1
539698 2
546370 1
367040 2
510404 1
497478 2
486999 1
414174 2
521973 1
456624 2
464597 1
497415 2
357502 1
440112 2
506257 1
482577 2
480510 1
417865 2
597341 1
474034 2
456281 1
421939 2
492788 1
453972 2
503903 1
368704 2
431805 1
483064 2
470783 1
497915 2
441150 1
442091 2
510380 1
473756 2
563706 1
497880 2
516501 1
460287 2
570949 1
391205 2
505231 1
352524 2
513725 1
538133 2
516158 1
519777 2
522073 1
501914 2
389048 1
476151 2
460992 1
478824 2
497356 1
567497 2
422443 1
461467 2
585352 1
452186 2
470793 1
459773 2
475995 1
516636 2
445255 1
517939 2
463139 1
407425 2
510545 1
464676 2
502499 1
454679 2
497282 1
407647 2
509387 1
466834 2
518349 1
511759 2
439715 1
519866 2
541369 1
464671 2
452724 1
446359 2
396893 1
450028 2
498854 1
506113 2
488493 1
527187 2
474452 1
523304 2
378881 1
426038 2
488795 1
572664 2
533013 1
467837 2
424746 1
453839 2
509030 1
441934 2
477800 1
413518 2
381824 1
462575 2
506696 1
424395 2
483497 1
464748 2
416990 1
512488 2
548785 1
491931 2
429044 1
460735 2
525254 1
430666 2
500116 1
435183 2
549448 1
534837 2
408935 1
486097 2
450207 1
367347 2
477268 1
503873 2
457758 1
476785 2
516788 1
506259 2
458761 1
484519 2
514472 1
493955 2
397857 1
546542 2
445314 1
525403 2
433573 1
487430 2
395107 1
451555 2
461427 1
547725 2
463477 1
484936 2
427218 1
474803 2
538490 1
441961 2
481646 1
492846 2
490619 1
421369 2
403787 1
442279 2
401925 1
522261 2
506949 1
468455 2
402950 1
421233 2
558299 1
458015 2
492572 1
497782 2
543065 1
494925 2
513259 1
457390 2
487062 1
535635 2
470542 1
487796 2
486193 1
454467 2
455147 1
452172 2
534164 1
479076 2
539824 1
387847 2
416838 1
492848 2
424166 1
427745 2
491655 1
445228 2
392151 1
513642 2
493452 1
515876 2
436029 1
442806 2
557172 1
452724 2
560498 1
497355 2
526604 1
512841 2
517026 1
542050 2
498172 1
455742 2
398086 1
461234 2
418470 1
402329 2
393453 1
510497 2
456783 1
490456 2
479551 1
418234 2
430945 1
465106 2
452431 1
464442 2
462157 1
444043 2
447869 1
477406 2
539128 1
558422 2
447158 1
471558 2
427145 1
362537 2
489270 1
447786 2
416699 1
456112 2
479490 1
551599 2
412944 1
513276 2
507882 1
463147 2
472778 1
488684 2
656767 1
460992 2
447876 1
523426 2
416084 1
543750 2
549517 1
468038 2
464620 1
475339 2
400616 1
461120 2
533526 1
522722 2
475705 1
509711 2
401474 1
462988 2
413513 1
516756 2
492667 1
485094 2
467580 1
504376 2
400948 1
419702 2
560871 1
498654 2
403651 1
437812 2
474485 1
410838 2
539166 1
571692 2
461899 1
445076 2
525109 1
458063 2
452251 1
415590 2
563615 1
407873 2
465328 1
449301 2
495717 1
432838 2
479823 1
412386 2
429579 1
416335 2
509054 1
498249 2
457392 1
452287 2
455450 1
387121 2
555104 1
491392 2
475194 1
482384 2
446247 1
395196 2
412292 1
490229 2
495445 1
465601 2
508672 1
540910 2
445922 1
436891 2
420951 1
437829 2
506415 1
406197 2
473161 1
481547 2
436450 1
500173 2
448795 1
520945 2
538387 1
437437 2
468120 1
409014 2
557838 1
546994 2
436896 1
430397 2
429501 1
453845 2
463163 1
434736 2
492278 1
405885 2
529067 1
503352 2
455603 1
507258 2
489963 1
495493 2
484359 1
527427 2
522611 1
488790 2
504626 1
533492 2
564839 1
472338 2
421859 1
498977 2
495519 1
371738 2
440560 1
405588 2
516272 1
497485 2
489965 1
445082 2
529120 1
438756 2
494713 1
458663 2
555477 1
385737 2
481454 1
449691 2
517087 1
380088 2
442162 1
514689 2
433724 1
563235 2
443662 1
469259 2
459746 1
495287 2
518868 1
423523 2
395208 1
446668 2
488056 1
522534 2
515986 1
437626 2
452915 1
455807 2
549876 1
438604 2
464956 1
529769 2
516553 1
440479 2
468342 1
409658 2
431207 1
399474 2
478164 1
507396 2
415094 1
471207 2
512808 1
418485 2
463710 1
493016 2
447604 1
447847 2
463749 1
434901 2
454611 1
541327 2
423256 1
510038 2
452511 1
524347 2
506467 1
382389 2
521779 1
501726 2
487474 1
514304 2
488795 1
437945 2
445285 1
436659 2
566837 1
472210 2
458924 1
398167 2
437122 1
479980 2
470955 1
463466 2
496411 1
427905 2
2000 2 714479819 911870658
1 2 
435070 1
444348 2
366778 1
377326 2
434629 1
401383 2
489910 1
487085 2
390745 1
472285 2
420380 1
428272 2
526917 1
500736 2
455853 1
415089 2
407259 1
498076 2
435572 1
461385 2
450737 1
509126 2
451318 1
502231 2
462666 1
423680 2
501430 1
463102 2
487730 1
491296 2
494260 1
438864 2
402460 1
473691 2
543604 1
455416 2
466327 1
516611 2
468214 1
443778 2
464443 1
514968 2
489299 1
409808 2
367247 1
406998 2
472848 1
448213 2
503215 1
501928 2
448885 1
473607 2
412916 1
479719 2
489688 1
456482 2
506040 1
502398 2
471664 1
375926 2
460680 1
548608 2
446986 1
404899 2
406071 1
415202 2
365867 1
430010 2
395776 1
424795 2
392902 1
439241 2
475071 1
449303 2
447179 1
483452 2
437561 1
608711 2
478507 1
498373 2
404767 1
392232 2
465173 1
538519 2
478120 1
494335 2
506543 1
483433 2
419607 1
463688 2
490257 1
423766 2
398683 1
430914 2
488192 1
425643 2
398961 1
397536 2
469461 1
419862 2
405498 1
507144 2
380942 1
462290 2
521856 1
485500 2
464686 1
473898 2
357508 1
496285 2
431457 1
395270 2
417287 1
474407 2
462599 1
347011 2
427451 1
477587 2
392001 1
387286 2
468111 1
461440 2
403310 1
455201 2
454845 1
426169 2
469064 1
403368 2
391841 1
410476 2
451772 1
437730 2
475826 1
508524 2
432966 1
561891 2
495322 1
386096 2
571870 1
493407 2
388120 1
445670 2
493664 1
491072 2
495709 1
444362 2
515497 1
474906 2
417886 1
407297 2
450234 1
410765 2
467441 1
346107 2
438138 1
531959 2
592624 1
395892 2
473164 1
437030 2
355788 1
396393 2
429116 1
446961 2
443766 1
475433 2
529547 1
482614 2
415505 1
408157 2
439729 1
451382 2
442215 1
469635 2
430296 1
393011 2
396623 1
466099 2
508274 1
495757 2
520518 1
417152 2
520906 1
393101 2
474019 1
439013 2
406170 1
412917 2
438406 1
456683 2
391886 1
451803 2
429217 1
507813 2
486003 1
404436 2
482673 1
431974 2
452689 1
383261 2
392536 1
435617 2
516254 1
456190 2
440520 1
492387 2
465745 1
456059 2
498666 1
490262 2
458960 1
406490 2
443780 1
428424 2
421625 1
473358 2
458352 1
458300 2
436057 1
385161 2
415800 1
424824 2
472240 1
495726 2
423410 1
430497 2
470278 1
395960 2
484995 1
470839 2
452647 1
484478 2
441369 1
499115 2
442445 1
455968 2
531059 1
534605 2
400982 1
365629 2
476337 1
379414 2
411278 1
450769 2
404204 1
515468 2
454773 1
434170 2
399761 1
453573 2
392356 1
465335 2
454780 1
499742 2
490594 1
496128 2
430244 1
561630 2
434341 1
468161 2
359622 1
511561 2
480706 1
453332 2
452106 1
441293 2
386915 1
442073 2
475663 1
444628 2
470459 1
466889 2
528379 1
452307 2
398690 1
501183 2
526005 1
417462 2
413516 1
520394 2
367400 1
545910 2
448506 1
438002 2
415797 1
472123 2
488846 1
420965 2
442487 1
443275 2
450771 1
439138 2
448212 1
467335 2
389000 1
497383 2
445065 1
429224 2
463602 1
486830 2
500827 1
399820 2
469768 1
399842 2
506933 1
497448 2
478147 1
457208 2
450674 1
448776 2
472371 1
445791 2
451699 1
515788 2
388435 1
467542 2
502063 1
525812 2
458310 1
545295 2
437407 1
469991 2
411098 1
467963 2
367869 1
437839 2
472818 1
475875 2
459461 1
441749 2
491682 1
370778 2
487226 1
439042 2
470217 1
421669 2
438266 1
500143 2
440524 1
440505 2
428665 1
443043 2
548640 1
393268 2
439952 1
472337 2
410092 1
507411 2
411799 1
422082 2
433087 1
506100 2
499735 1
452084 2
391630 1
443419 2
501159 1
459868 2
454749 1
459878 2
454926 1
451634 2
420474 1
502426 2
441417 1
419574 2
438623 1
504506 2
449614 1
456411 2
329296 1
387978 2
475452 1
547292 2
496086 1
525201 2
492398 1
399785 2
406495 1
425001 2
417519 1
392028 2
481045 1
408199 2
471839 1
352342 2
417515 1
327143 2
464807 1
440529 2
426255 1
434653 2
511932 1
474205 2
453276 1
475671 2
482896 1
428948 2
530470 1
439736 2
490506 1
456110 2
478770 1
487422 2
529233 1
511419 2
368603 1
482872 2
442185 1
449673 2
481588 1
519831 2
492905 1
556847 2
457336 1
468725 2
534020 1
423002 2
465124 1
476110 2
504940 1
534534 2
471770 1
414598 2
487529 1
466586 2
388333 1
549535 2
390794 1
455572 2
515964 1
485631 2
424682 1
553037 2
447983 1
445822 2
487225 1
458142 2
413875 1
491595 2
502459 1
523052 2
469723 1
461820 2
472191 1
417455 2
555655 1
437046 2
403491 1
500126 2
471676 1
510312 2
444548 1
367168 2
476645 1
392862 2
420065 1
479511 2
523270 1
492171 2
424580 1
476243 2
501885 1
428998 2
402416 1
434304 2
379301 1
458513 2
457113 1
397274 2
449190 1
470216 2
420825 1
389789 2
457177 1
444121 2
433423 1
469673 2
438380 1
442073 2
465847 1
543341 2
409251 1
474525 2
436741 1
469837 2
478523 1
505215 2
480545 1
485231 2
498059 1
430617 2
449465 1
567795 2
426975 1
459331 2
481490 1
468993 2
382874 1
469102 2
470662 1
518149 2
397199 1
402728 2
472353 1
443646 2
443892 1
459845 2
432100 1
442382 2
505566 1
499769 2
475954 1
400057 2
455042 1
434190 2
522589 1
497195 2
535571 1
507455 2
461210 1
377736 2
482270 1
363834 2
478692 1
437863 2
337251 1
413060 2
485626 1
455467 2
460049 1
464858 2
473512 1
548624 2
413079 1
414122 2
481730 1
397775 2
402313 1
485913 2
387030 1
463183 2
393377 1
519026 2
433137 1
434666 2
463350 1
341619 2
495459 1
469239 2
496986 1
470931 2
517826 1
531608 2
397244 1
427908 2
417615 1
453543 2
518476 1
430685 2
503913 1
431481 2
432469 1
499836 2
459686 1
441226 2
467891 1
452280 2
427807 1
449819 2
382696 1
406598 2
480586 1
391321 2
396606 1
451930 2
499252 1
530998 2
499614 1
540827 2
447964 1
393503 2
414792 1
373180 2
513098 1
412200 2
454111 1
475366 2
417822 1
490818 2
487429 1
420002 2
398545 1
374481 2
413135 1
359665 2
450763 1
410063 2
436038 1
467560 2
471130 1
459222 2
460498 1
518260 2
396142 1
408980 2
592237 1
490713 2
402012 1
475359 2
464488 1
513822 2
414868 1
476971 2
464547 1
499576 2
434250 1
502997 2
444133 1
438202 2
490334 1
363300 2
411831 1
407048 2
452835 1
556598 2
471158 1
543965 2
476104 1
506328 2
470291 1
399251 2
413074 1
531345 2
483860 1
543510 2
461703 1
394700 2
468585 1
449855 2
546673 1
483149 2
356863 1
421764 2
453193 1
484404 2
557414 1
442127 2
449042 1
427532 2
473405 1
419963 2
475586 1
505220 2
446831 1
432796 2
491550 1
395697 2
470769 1
425880 2
507276 1
497530 2
421455 1
466590 2
423918 1
448068 2
477470 1
491982 2
478523 1
396201 2
416905 1
396973 2
400296 1
467267 2
427433 1
482361 2
482113 1
461427 2
512290 1
402193 2
435234 1
512582 2
485083 1
429413 2
376186 1
435131 2
453006 1
436344 2
432378 1
452130 2
514427 1
480447 2
467425 1
433134 2
404928 1
473495 2
500116 1
473652 2
339981 1
499613 2
521267 1
537976 2
428719 1
445771 2
472341 1
403497 2
449227 1
428208 2
438628 1
529068 2
478357 1
439351 2
401556 1
430368 2
444715 1
458699 2
361080 1
404835 2
395850 1
433933 2
453322 1
418453 2
430890 1
509999 2
515760 1
480505 2
420594 1
510009 2
538769 1
459811 2
505643 1
489083 2
504041 1
458912 2
405063 1
602825 2
443245 1
399482 2
457185 1
414743 2
514285 1
437391 2
432196 1
546856 2
464190 1
503189 2
427013 1
482258 2
518622 1
460739 2
424575 1
499612 2
521685 1
399829 2
484694 1
515339 2
450507 1
424091 2
487573 1
500504 2
415736 1
366411 2
423008 1
437657 2
405026 1
431974 2
428842 1
476922 2
479362 1
462112 2
477704 1
426291 2
490863 1
411454 2
448914 1
487055 2
508287 1
476986 2
458652 1
454265 2
448426 1
535856 2
464510 1
453859 2
413010 1
466370 2
483133 1
391543 2
395253 1
474954 2
459867 1
550646 2
367661 1
511873 2
433168 1
439689 2
450877 1
508717 2
365355 1
407922 2
428573 1
514105 2
421325 1
537557 2
445283 1
368813 2
386045 1
474598 2
473017 1
489064 2
455777 1
501728 2
381923 1
413625 2
442535 1
461309 2
473585 1
439206 2
435930 1
475239 2
500909 1
507786 2
487951 1
508752 2
444030 1
428047 2
505184 1
444788 2
515639 1
434890 2
386703 1
519752 2
422496 1
405747 2
419460 1
427299 2
402924 1
392539 2
443287 1
425964 2
513465 1
461026 2
542615 1
441241 2
525255 1
459012 2
516676 1
515628 2
398759 1
517587 2
405504 1
417853 2
397218 1
472672 2
420782 1
484679 2
448478 1
489758 2
457347 1
396339 2
441886 1
393947 2
467206 1
439991 2
465519 1
479478 2
403430 1
450350 2
492922 1
509312 2
394082 1
449607 2
438011 1
465359 2
461330 1
512083 2
368232 1
486743 2
525893 1
455391 2
491977 1
425065 2
419856 1
382238 2
494307 1
461324 2
506170 1
385974 2
474781 1
527640 2
470806 1
511245 2
489958 1
361361 2
448470 1
485544 2
475905 1
474444 2
414557 1
465897 2
444019 1
544867 2
474093 1
429565 2
385867 1
485233 2
461044 1
361311 2
480917 1
490515 2
470240 1
538483 2
484250 1
523373 2
481814 1
437465 2
542952 1
455599 2
421721 1
391070 2
489921 1
495491 2
368508 1
464004 2
438707 1
528642 2
471360 1
495757 2
455303 1
519603 2
445177 1
461242 2
450849 1
472940 2
519648 1
490769 2
456394 1
413347 2
438014 1
480224 2
433804 1
493599 2
406204 1
430664 2
452314 1
519271 2
509844 1
505510 2
404237 1
396161 2
479878 1
461325 2
460045 1
464988 2
452838 1
441324 2
405767 1
378619 2
340425 1
441053 2
386505 1
429754 2
438957 1
401282 2
453220 1
500363 2
496822 1
495454 2
466206 1
449907 2
506959 1
448020 2
461789 1
475832 2
414221 1
503544 2
388768 1
473524 2
431120 1
493169 2
553196 1
436045 2
387290 1
470606 2
485151 1
456494 2
415099 1
474320 2
468678 1
501235 2
482670 1
438884 2
484316 1
422499 2
374872 1
428038 2
438357 1
392062 2
498410 1
456276 2
524935 1
426269 2
495679 1
435581 2
468487 1
511057 2
467254 1
381409 2
462271 1
416617 2
415199 1
428857 2
420823 1
502262 2
420000 1
432129 2
496782 1
502250 2
557502 1
382078 2
404193 1
486424 2
469229 1
520869 2
454431 1
441002 2
439387 1
397496 2
385103 1
506836 2
463943 1
496954 2
442341 1
380871 2
422890 1
396661 2
533310 1
534323 2
385426 1
457060 2
479770 1
413972 2
548221 1
415123 2
510549 1
431993 2
445337 1
489930 2
503697 1
406338 2
438175 1
499956 2
462215 1
509253 2
539739 1
540288 2
463772 1
429357 2
557013 1
450685 2
487045 1
473649 2
510107 1
429926 2
505981 1
443750 2
544317 1
402009 2
512357 1
397645 2
419725 1
430617 2
415762 1
504225 2
439347 1
427096 2
365140 1
555379 2
394780 1
480876 2
385963 1
421146 2
580056 1
456443 2
453185 1
432080 2
450077 1
439606 2
476136 1
499601 2
373262 1
494999 2
467780 1
432732 2
401660 1
467946 2
448084 1
465246 2
466435 1
468387 2
527958 1
427151 2
414680 1
428458 2
429027 1
488091 2
489173 1
417686 2
404967 1
463417 2
340341 1
489614 2
484344 1
421091 2
459450 1
453734 2
430193 1
410523 2
463280 1
393180 2
555954 1
530666 2
520769 1
469651 2
542372 1
445395 2
407771 1
476292 2
402679 1
446077 2
460502 1
441731 2
418037 1
459735 2
475326 1
479578 2
513175 1
469502 2
461501 1
413337 2
468267 1
442955 2
452381 1
467975 2
459075 1
447346 2
407131 1
504882 2
477068 1
417257 2
351936 1
448702 2
446637 1
409516 2
457407 1
369240 2
482786 1
497026 2
481910 1
395060 2
421081 1
545641 2
403060 1
438448 2
323423 1
458109 2
420163 1
478321 2
449715 1
444836 2
466016 1
390425 2
405098 1
451045 2
508203 1
507766 2
433900 1
590256 2
450206 1
502391 2
416174 1
438940 2
450530 1
412348 2
547960 1
427556 2
381125 1
479069 2
344010 1
490019 2
515980 1
455444 2
421283 1
511386 2
537102 1
451755 2
436502 1
462134 2
445893 1
491349 2
439020 1
459203 2
331206 1
465063 2
464776 1
502185 2
417123 1
374212 2
427987 1
459772 2
531249 1
498470 2
441028 1
515922 2
448063 1
419694 2
401818 1
498460 2
372099 1
476347 2
419332 1
427727 2
430904 1
502036 2
448646 1
455691 2
443716 1
497145 2
491986 1
507518 2
446596 1
448984 2
429979 1
477355 2
350058 1
478835 2
412578 1
473160 2
496026 1
487321 2
505136 1
447750 2
502457 1
410427 2
434281 1
371431 2
491908 1
449435 2
422774 1
491127 2
471303 1
540786 2
488999 1
425584 2
581777 1
411112 2
504531 1
548822 2
386165 1
392202 2
379445 1
447224 2
547854 1
501812 2
450286 1
507715 2
392039 1
473119 2
532412 1
481240 2
466164 1
494611 2
476261 1
427136 2
507205 1
482900 2
485816 1
499978 2
479148 1
489621 2
343917 1
526390 2
417256 1
458756 2
473378 1
465473 2
437907 1
470690 2
434189 1
467568 2
436017 1
459638 2
440333 1
408821 2
425305 1
489307 2
500564 1
369728 2
423663 1
469491 2
407187 1
527068 2
407954 1
458051 2
428464 1
473863 2
475384 1
448959 2
433322 1
496033 2
453394 1
425595 2
499016 1
515650 2
472006 1
432146 2
488206 1
450355 2
454807 1
554812 2
486554 1
434203 2
440169 1
420549 2
462191 1
369634 2
503438 1
480929 2
400719 1
415884 2
461052 1
408078 2
496978 1
417506 2
516594 1
418260 2
467564 1
424038 2
481506 1
416422 2
500429 1
423035 2
417600 1
484033 2
490399 1
389821 2
519886 1
455856 2
525199 1
421016 2
542017 1
495144 2
392845 1
530597 2
443348 1
464351 2
383113 1
523102 2
515027 1
482767 2
459179 1
381066 2
380257 1
485305 2
461104 1
406929 2
481486 1
418685 2
490310 1
441380 2
475887 1
501923 2
484813 1
382436 2
451153 1
427046 2
467573 1
497088 2
417761 1
432964 2
503954 1
504594 2
484023 1
464022 2
500720 1
454111 2
449379 1
417764 2
498716 1
529612 2
536530 1
467634 2
404415 1
481111 2
470937 1
415395 2
437462 1
383898 2
501165 1
458729 2
459216 1
426193 2
440869 1
457431 2
403278 1
474537 2
458534 1
531965 2
409610 1
510007 2
428253 1
496844 2
486580 1
419175 2
406285 1
420684 2
411068 1
480705 2
475132 1
474778 2
442911 1
486831 2
538998 1
437747 2
436192 1
482154 2
404355 1
464179 2
369175 1
464012 2
386730 1
470751 2
423896 1
479404 2
445334 1
458364 2
429763 1
466430 2
375287 1
488742 2
443063 1
488054 2
328164 1
526472 2
373909 1
397408 2
531798 1
436957 2
462996 1
393114 2
446313 1
451522 2
536413 1
397542 2
459884 1
424271 2
482269 1
541739 2
464870 1
546469 2
415348 1
491198 2
412580 1
410361 2
425352 1
426962 2
455494 1
546350 2
517143 1
493689 2
420184 1
469422 2
419375 1
512026 2
431052 1
461386 2
362163 1
401768 2
431646 1
520250 2
522827 1
482965 2
445176 1
499532 2
477633 1
494507 2
390423 1
495411 2
485618 1
444423 2
409922 1
483139 2
496404 1
469014 2
471882 1
500096 2
366168 1
492629 2
447734 1
519321 2
472274 1
489142 2
487317 1
464908 2
514972 1
388397 2
444394 1
452228 2
374615 1
432434 2
420084 1
455079 2
491128 1
455344 2
475145 1
415813 2
436500 1
512403 2
453893 1
473060 2
490324 1
421481 2
539278 1
443418 2
347893 1
409656 2
386053 1
414004 2
512173 1
440601 2
391730 1
461270 2
421474 1
529793 2
474345 1
456868 2
401715 1
472766 2
466525 1
401291 2
417994 1
489648 2
481497 1
452462 2
449142 1
504126 2
402461 1
398180 2
443833 1
434584 2
431603 1
446104 2
469499 1
405264 2
422378 1
497882 2
496274 1
466511 2
430181 1
442006 2
475003 1
492663 2
519496 1
477516 2
481114 1
533484 2
454470 1
513167 2
503730 1
437787 2
432921 1
536073 2
423685 1
469086 2
492446 1
506202 2
463058 1
458617 2
462678 1
460722 2
439238 1
411723 2
431990 1
466550 2
364711 1
446705 2
540770 1
422773 2
328524 1
454860 2
469098 1
489850 2
479267 1
448905 2
481231 1
412961 2
475866 1
472587 2
433977 1
558283 2
472809 1
454634 2
510535 1
443629 2
413701 1
416467 2
448577 1
438547 2
454695 1
408337 2
454296 1
447215 2
456871 1
458049 2
420303 1
427641 2
483129 1
441186 2
415849 1
566592 2
416378 1
458300 2
368964 1
373418 2
450450 1
427327 2
493241 1
531321 2
404369 1
467542 2
434561 1
437065 2
410918 1
566106 2
384366 1
380404 2
480980 1
431141 2
438070 1
493458 2
485766 1
407995 2
434199 1
377615 2
424763 1
441607 2
396006 1
444313 2
420600 1
486712 2
496538 1
411696 2
448178 1
472128 2
492276 1
483481 2
473037 1
488049 2
519872 1
461531 2
442935 1
485841 2
469955 1
435755 2
466267 1
443549 2
469455 1
488473 2
476405 1
448989 2
483618 1
381867 2
547637 1
515896 2
411651 1
479672 2
390670 1
461735 2
337569 1
577315 2
364256 1
433970 2
400773 1
390210 2
425670 1
449742 2
506992 1
508625 2
442688 1
464404 2
453916 1
406187 2
471801 1
473135 2
492242 1
415151 2
494022 1
390617 2
455648 1
416381 2
488344 1
396575 2
538462 1
429143 2
494185 1
487541 2
438099 1
530535 2
443479 1
511342 2
601391 1
430428 2
531211 1
443904 2
381083 1
431837 2
440269 1
409650 2
430196 1
411508 2
432924 1
449124 2
489595 1
541535 2
441995 1
574572 2
449088 1
563309 2
497033 1
465841 2
376719 1
561755 2
394721 1
552158 2
409158 1
508312 2
469366 1
433217 2
442785 1
458448 2
350922 1
336338 2
503079 1
571059 2
356836 1
487995 2
493896 1
495742 2
477485 1
558512 2
424440 1
411227 2
561065 1
482091 2
459961 1
416837 2
425498 1
416546 2
456770 1
503864 2
438513 1
502299 2
444095 1
447504 2
401839 1
430221 2
444678 1
447028 2
501161 1
466489 2
437937 1
456696 2
390225 1
532213 2
474249 1
517989 2
439977 1
438629 2
416507 1
479644 2
420433 1
472864 2
437410 1
420499 2
506988 1
408938 2
448646 1
443087 2
427730 1
483923 2
502849 1
422582 2
493904 1
495918 2
425234 1
488173 2
477087 1
401696 2
519291 1
394913 2
490144 1
443732 2
530101 1
398328 2
544135 1
445122 2
395450 1
429141 2
480300 1
510906 2
489156 1
398909 2
465149 1
476080 2
474137 1
407603 2
460449 1
409378 2
477090 1
412351 2
478985 1
403810 2
365398 1
506866 2
365585 1
507795 2
430384 1
427954 2
461273 1
490700 2
543031 1
505212 2
432377 1
545429 2
444342 1
424059 2
517354 1
469702 2
539435 1
525654 2
407931 1
399870 2
397225 1
482854 2
437284 1
345156 2
420475 1
466119 2
420772 1
459457 2
495223 1
489358 2
400021 1
463393 2
505170 1
412369 2
453760 1
477904 2
464014 1
419796 2
439228 1
496472 2
409146 1
437027 2
493431 1
503892 2
406210 1
493778 2
391723 1
502620 2
488835 1
423540 2
415887 1
431041 2
482153 1
502005 2
476781 1
542133 2
464033 1
492715 2
437209 1
471139 2
391879 1
399151 2
504130 1
441854 2
495581 1
466607 2
438889 1
409529 2
465629 1
478174 2
462898 1
490660 2
393359 1
429888 2
492541 1
418363 2
522541 1
453412 2
432318 1
530631 2
497728 1
473539 2
443388 1
485299 2
483513 1
532568 2
478071 1
529070 2
479643 1
482877 2
457893 1
434711 2
404049 1
384865 2
539743 1
473079 2
500503 1
460069 2
534556 1
473637 2
463034 1
515792 2
438492 1
485113 2
394829 1
405687 2
460661 1
414972 2
424089 1
427505 2
442899 1
461461 2
396273 1
366524 2
506299 1
408885 2
384958 1
495567 2
497038 1
462718 2
460720 1
480409 2
401370 1
357658 2
532318 1
442640 2
507899 1
435106 2
356514 1
404278 2
455408 1
442517 2
374585 1
490805 2
512096 1
497169 2
416351 1
445384 2
468672 1
426440 2
477723 1
446814 2
435053 1
464146 2
412221 1
412387 2
372550 1
471383 2
471075 1
468426 2
446469 1
426533 2
456894 1
550989 2
444067 1
495281 2
394225 1
407910 2
436868 1
430774 2
497508 1
428440 2
488710 1
473242 2
514378 1
397251 2
421704 1
519878 2
460645 1
429306 2
423172 1
464509 2
445819 1
492385 2
500368 1
453275 2
503192 1
441232 2
2000 2 587805779 951153476
1 2 
438500 1
461466 2
416754 1
403022 2
445975 1
517928 2
468056 1
462799 2
528559 1
462750 2
459254 1
370160 2
471830 1
518468 2
524661 1
388290 2
467842 1
501890 2
413390 1
507894 2
424801 1
550028 2
506267 1
446209 2
519225 1
425982 2
538488 1
473958 2
447478 1
528931 2
494553 1
492761 2
508852 1
420056 2
504033 1
513324 2
558171 1
527577 2
456938 1
440059 2
510419 1
428822 2
543490 1
577297 2
544676 1
509944 2
493706 1
407946 2
422805 1
468618 2
399918 1
481389 2
511504 1
509373 2
489284 1
553557 2
526235 1
454124 2
440842 1
464668 2
488428 1
452911 2
496506 1
491831 2
480537 1
515598 2
465023 1
522384 2
527513 1
463996 2
483570 1
480740 2
479408 1
443517 2
532705 1
431256 2
437847 1
366643 2
495579 1
459238 2
384291 1
373047 2
414659 1
532696 2
373007 1
484282 2
465827 1
472151 2
493860 1
477477 2
513393 1
430997 2
535150 1
501295 2
482576 1
510345 2
474372 1
427425 2
459414 1
466055 2
439026 1
418339 2
424585 1
396403 2
423138 1
522810 2
461856 1
502192 2
490640 1
392624 2
461431 1
443540 2
562320 1
430189 2
373722 1
447505 2
484817 1
461887 2
402563 1
486003 2
427557 1
585924 2
393574 1
436663 2
409732 1
513883 2
523578 1
440490 2
586732 1
482038 2
445137 1
505372 2
543538 1
491617 2
481302 1
410566 2
387000 1
527083 2
448136 1
486274 2
502047 1
470773 2
562473 1
489157 2
426614 1
560714 2
460618 1
480613 2
507388 1
457107 2
425810 1
508469 2
385620 1
434682 2
452350 1
502907 2
418787 1
361006 2
505911 1
520672 2
420973 1
497861 2
454736 1
471407 2
456919 1
444194 2
487452 1
486103 2
519984 1
441984 2
486668 1
529903 2
492668 1
476075 2
383061 1
420457 2
390786 1
452093 2
446425 1
454171 2
427900 1
500573 2
463342 1
451922 2
468969 1
392338 2
432196 1
443755 2
574214 1
485798 2
462713 1
503016 2
518431 1
462494 2
466360 1
511098 2
402190 1
532335 2
427315 1
444920 2
510865 1
467837 2
505927 1
417416 2
581100 1
488395 2
488532 1
431795 2
493335 1
535620 2
424557 1
513080 2
487564 1
401230 2
497712 1
516712 2
440542 1
534694 2
510657 1
608554 2
426587 1
358703 2
393969 1
484390 2
460149 1
388977 2
478518 1
438600 2
448388 1
535116 2
488489 1
447552 2
482363 1
467624 2
507948 1
403864 2
409761 1
506499 2
500648 1
496424 2
473081 1
452247 2
452575 1
453680 2
422987 1
480445 2
396527 1
467388 2
395043 1
391724 2
454587 1
409847 2
549692 1
461547 2
479837 1
472942 2
534453 1
508567 2
463574 1
547539 2
513536 1
486168 2
442476 1
408691 2
508922 1
478895 2
514397 1
440914 2
538076 1
469697 2
488611 1
421201 2
433855 1
511599 2
457020 1
425133 2
525795 1
455340 2
411373 1
465974 2
525355 1
483691 2
443940 1
517177 2
502062 1
422939 2
530569 1
430782 2
468723 1
510807 2
472049 1
491759 2
480571 1
432412 2
508451 1
417211 2
495666 1
600492 2
384182 1
421758 2
480742 1
452751 2
529585 1
480100 2
451910 1
499924 2
457349 1
457476 2
437438 1
552633 2
470927 1
519303 2
576146 1
444923 2
453342 1
376731 2
457280 1
567143 2
450570 1
412376 2
427688 1
595702 2
449188 1
471881 2
413130 1
539175 2
409398 1
474074 2
544291 1
484867 2
526366 1
455827 2
457550 1
526963 2
520689 1
476854 2
485289 1
546015 2
485920 1
504650 2
497767 1
516959 2
473529 1
408891 2
469056 1
523002 2
517303 1
464177 2
391815 1
415622 2
406748 1
494100 2
382206 1
527641 2
466904 1
455443 2
401150 1
445812 2
450929 1
464992 2
548607 1
542914 2
456911 1
447418 2
520009 1
427650 2
400830 1
477889 2
514558 1
491686 2
575599 1
494226 2
514223 1
439402 2
481632 1
525166 2
441677 1
593944 2
479240 1
364874 2
466481 1
360292 2
438442 1
442192 2
477516 1
471492 2
458138 1
465495 2
578508 1
457573 2
535533 1
512168 2
543770 1
528456 2
464284 1
544137 2
538038 1
460464 2
405699 1
480566 2
473330 1
584917 2
521839 1
439980 2
500249 1
524638 2
469465 1
457870 2
480647 1
445960 2
469379 1
473952 2
539820 1
411341 2
424422 1
452611 2
463562 1
481009 2
427725 1
423871 2
567696 1
382083 2
500052 1
468812 2
544123 1
583214 2
457180 1
448999 2
516146 1
507140 2
461851 1
453683 2
437705 1
514777 2
441057 1
461590 2
487488 1
468891 2
445134 1
463170 2
473679 1
557420 2
517998 1
476300 2
422092 1
461058 2
413352 1
499827 2
514457 1
576586 2
474954 1
458610 2
454867 1
558386 2
511985 1
407101 2
606254 1
453606 2
615166 1
504894 2
582292 1
430612 2
455655 1
494771 2
457206 1
430332 2
523624 1
446130 2
448955 1
462996 2
535844 1
516666 2
483781 1
525707 2
474335 1
503303 2
426496 1
422957 2
452731 1
552546 2
416598 1
563944 2
471334 1
559173 2
515173 1
552221 2
577691 1
406992 2
492040 1
468340 2
509842 1
469603 2
441717 1
560310 2
473074 1
460661 2
543041 1
508734 2
488352 1
376933 2
487309 1
427104 2
511039 1
475118 2
466654 1
532638 2
426315 1
435611 2
384263 1
387059 2
492166 1
536701 2
489324 1
454201 2
468247 1
405302 2
553120 1
413477 2
477041 1
489497 2
506588 1
496439 2
412052 1
487644 2
499183 1
547539 2
454580 1
470960 2
515287 1
526490 2
552315 1
411122 2
378251 1
548063 2
487214 1
554328 2
607730 1
417923 2
504551 1
414856 2
432327 1
513157 2
465455 1
542548 2
464323 1
492027 2
455892 1
509320 2
513414 1
462197 2
477461 1
485611 2
469518 1
543308 2
496223 1
442613 2
425521 1
485900 2
464902 1
522854 2
509176 1
500965 2
476798 1
467668 2
504444 1
529170 2
506760 1
420851 2
553447 1
475777 2
460264 1
527661 2
558869 1
501861 2
489158 1
438378 2
428570 1
412732 2
493504 1
479669 2
494858 1
499571 2
531218 1
418675 2
395079 1
574011 2
630564 1
477571 2
467925 1
395835 2
455383 1
451743 2
498073 1
419207 2
422103 1
497498 2
483800 1
489716 2
426741 1
448156 2
479615 1
514238 2
421919 1
449244 2
452561 1
459510 2
442677 1
538517 2
410099 1
438382 2
560680 1
555027 2
435224 1
457784 2
474905 1
464684 2
429959 1
447101 2
519793 1
470928 2
508391 1
477322 2
490658 1
478595 2
515306 1
429043 2
446438 1
525112 2
455408 1
427926 2
473050 1
489987 2
501948 1
482526 2
485305 1
454552 2
475366 1
490128 2
443688 1
539015 2
500851 1
505412 2
470990 1
554466 2
524774 1
465851 2
552895 1
427724 2
503231 1
491251 2
494925 1
411578 2
497193 1
491357 2
463828 1
465389 2
498258 1
404068 2
554501 1
503870 2
417997 1
407963 2
528376 1
498271 2
520130 1
483137 2
487415 1
478072 2
626011 1
558623 2
453311 1
442823 2
401632 1
479623 2
508434 1
474506 2
455811 1
553810 2
427144 1
422449 2
355008 1
469821 2
439779 1
412224 2
508085 1
447578 2
488618 1
505603 2
444285 1
449555 2
529106 1
515698 2
502222 1
478701 2
460301 1
503380 2
530126 1
448433 2
498172 1
556121 2
462656 1
485809 2
509818 1
398362 2
481305 1
411849 2
525588 1
473383 2
399252 1
376102 2
422170 1
475921 2
483282 1
446027 2
457926 1
478808 2
443533 1
400462 2
439381 1
481540 2
492580 1
452369 2
487497 1
481797 2
390488 1
502987 2
517702 1
495933 2
532386 1
419048 2
463954 1
455816 2
488235 1
466922 2
486573 1
415829 2
520662 1
506489 2
426242 1
402273 2
466346 1
497218 2
423265 1
539348 2
520628 1
509755 2
499967 1
536736 2
489287 1
495978 2
511814 1
625224 2
486497 1
572916 2
508815 1
475655 2
485369 1
462291 2
439918 1
490531 2
447353 1
537215 2
540445 1
512929 2
495924 1
526200 2
416719 1
439612 2
519728 1
503159 2
415889 1
443790 2
422310 1
450042 2
540822 1
465558 2
481431 1
446866 2
543972 1
421674 2
483337 1
532223 2
391322 1
438279 2
496423 1
480730 2
439994 1
488114 2
523511 1
443402 2
459441 1
470405 2
492797 1
469848 2
507390 1
473329 2
423140 1
464845 2
467506 1
548850 2
449180 1
458103 2
540626 1
542640 2
535617 1
484126 2
487441 1
514267 2
491386 1
374822 2
368886 1
519967 2
445502 1
469528 2
473197 1
582659 2
547664 1
497144 2
474443 1
465704 2
469958 1
493348 2
473635 1
468116 2
461581 1
493680 2
452012 1
450771 2
402814 1
490537 2
403011 1
522006 2
559224 1
376053 2
474203 1
552072 2
501815 1
561671 2
462037 1
493675 2
542526 1
477388 2
461948 1
414999 2
498069 1
477645 2
503480 1
523136 2
483120 1
455060 2
513326 1
522528 2
516587 1
437659 2
465043 1
607275 2
526692 1
442295 2
412088 1
463332 2
504098 1
480512 2
387553 1
478492 2
542115 1
535414 2
416300 1
454373 2
426127 1
403419 2
482143 1
436619 2
362833 1
581161 2
495420 1
449347 2
523630 1
462996 2
514708 1
464194 2
440417 1
500649 2
456511 1
412694 2
473515 1
493857 2
516690 1
511377 2
412822 1
567900 2
562343 1
461983 2
527268 1
468013 2
441700 1
466687 2
539111 1
475714 2
467530 1
467473 2
507843 1
557512 2
465933 1
422349 2
551897 1
486723 2
512036 1
431560 2
522888 1
587000 2
453332 1
429846 2
509401 1
447329 2
473415 1
457123 2
470970 1
403409 2
456339 1
491996 2
520708 1
545330 2
436828 1
592121 2
469791 1
515019 2
492452 1
419543 2
467232 1
483938 2
451461 1
453249 2
479607 1
541297 2
549719 1
390027 2
473503 1
484728 2
514156 1
412508 2
541122 1
408672 2
527555 1
510427 2
446918 1
427145 2
442722 1
483165 2
392377 1
442814 2
471592 1
480202 2
382966 1
446227 2
477813 1
417246 2
461220 1
505999 2
519736 1
551083 2
467598 1
380470 2
481995 1
462224 2
543065 1
455598 2
449706 1
469605 2
555884 1
418382 2
512337 1
431538 2
455406 1
479694 2
448687 1
412640 2
495498 1
469268 2
450237 1
366850 2
461180 1
388576 2
582933 1
521561 2
445233 1
462790 2
508386 1
411385 2
488506 1
440387 2
429361 1
392038 2
427282 1
469576 2
513227 1
501406 2
392962 1
538095 2
453941 1
502942 2
433719 1
475949 2
461403 1
519110 2
500473 1
379796 2
424324 1
414215 2
479992 1
474910 2
469508 1
468288 2
469388 1
445901 2
462191 1
473037 2
456848 1
503137 2
446946 1
446123 2
487807 1
470280 2
433693 1
461432 2
491307 1
432188 2
575084 1
419380 2
410185 1
565387 2
512572 1
521475 2
407372 1
471812 2
434703 1
464967 2
443438 1
502284 2
485370 1
492586 2
464387 1
448779 2
444654 1
554469 2
398009 1
575202 2
413001 1
457541 2
468678 1
422829 2
431769 1
520486 2
469219 1
446901 2
455898 1
454613 2
487071 1
482699 2
523506 1
476769 2
511433 1
516318 2
409584 1
474664 2
423680 1
393329 2
511639 1
525533 2
501593 1
509838 2
480299 1
463782 2
451489 1
461531 2
467685 1
455678 2
527748 1
526734 2
542788 1
465561 2
461252 1
437527 2
455314 1
510816 2
545444 1
494779 2
438433 1
441225 2
512810 1
565592 2
600189 1
411923 2
440992 1
424860 2
468280 1
508557 2
560143 1
470286 2
499927 1
516359 2
437919 1
451807 2
416940 1
477577 2
463120 1
441329 2
433458 1
474033 2
510242 1
499276 2
481821 1
438763 2
519661 1
486066 2
470206 1
510068 2
452260 1
505920 2
452972 1
486133 2
457726 1
471324 2
490031 1
420397 2
491179 1
498752 2
543914 1
460337 2
442273 1
502469 2
522146 1
390770 2
496426 1
460408 2
514846 1
473234 2
385832 1
511787 2
527356 1
492778 2
484206 1
499898 2
468239 1
496453 2
457625 1
555602 2
468316 1
440437 2
467224 1
488783 2
465515 1
451721 2
441552 1
516315 2
443764 1
511721 2
443832 1
529831 2
500158 1
392478 2
633083 1
469031 2
489987 1
510669 2
499336 1
464269 2
483462 1
429233 2
549331 1
515363 2
426589 1
447997 2
432588 1
455062 2
436712 1
509316 2
608009 1
466171 2
556523 1
501818 2
471145 1
432549 2
382604 1
538978 2
439443 1
462700 2
572572 1
563903 2
459578 1
418516 2
497926 1
472951 2
441851 1
573328 2
502599 1
482063 2
468164 1
473107 2
437986 1
528374 2
481306 1
491655 2
533154 1
563575 2
459931 1
506499 2
441199 1
505823 2
394374 1
452989 2
531031 1
479891 2
477293 1
492721 2
459176 1
462692 2
556506 1
435274 2
433354 1
382771 2
478894 1
429367 2
500369 1
460776 2
457335 1
396445 2
500336 1
396528 2
427291 1
475721 2
520540 1
531690 2
465689 1
493808 2
478548 1
459931 2
483331 1
426112 2
577287 1
466102 2
530416 1
455589 2
509319 1
467568 2
495055 1
540673 2
587266 1
426629 2
446201 1
438271 2
409614 1
455021 2
488651 1
450918 2
420209 1
485632 2
526759 1
442283 2
425678 1
538884 2
404722 1
527250 2
524775 1
468337 2
412210 1
422482 2
546287 1
366772 2
471459 1
459802 2
550327 1
534856 2
408813 1
455591 2
537272 1
550044 2
428692 1
493827 2
384852 1
440199 2
510673 1
451677 2
523607 1
499912 2
401326 1
346071 2
438905 1
530035 2
463116 1
459124 2
409872 1
447156 2
462229 1
470855 2
509977 1
497225 2
490422 1
505727 2
445020 1
480881 2
480676 1
469290 2
480922 1
416866 2
437428 1
447983 2
449669 1
392752 2
490084 1
468780 2
461381 1
396961 2
469391 1
433125 2
476973 1
441418 2
430625 1
478407 2
440520 1
375160 2
358782 1
549973 2
540469 1
436288 2
521728 1
597318 2
390215 1
494489 2
494637 1
526271 2
477990 1
517791 2
468622 1
564961 2
451666 1
452310 2
483688 1
499617 2
414976 1
585094 2
486772 1
507514 2
443782 1
557487 2
459799 1
532468 2
483717 1
506134 2
503662 1
428113 2
482669 1
445060 2
432367 1
488160 2
475061 1
456950 2
548644 1
505147 2
399481 1
551030 2
510763 1
395627 2
534788 1
526593 2
403659 1
483695 2
457788 1
444589 2
494345 1
476792 2
445770 1
463360 2
478829 1
488422 2
496155 1
507542 2
438698 1
556008 2
524545 1
445653 2
511454 1
500676 2
394514 1
366156 2
404228 1
475108 2
528330 1
508556 2
499939 1
498414 2
501052 1
472410 2
532909 1
451104 2
403414 1
531618 2
440108 1
505850 2
523593 1
489824 2
489064 1
514096 2
479725 1
451758 2
557330 1
511848 2
466584 1
522738 2
501664 1
495684 2
486680 1
544367 2
457761 1
456535 2
388344 1
557015 2
440401 1
568382 2
400685 1
504627 2
594329 1
439229 2
491676 1
391643 2
450233 1
447352 2
427464 1
472586 2
464701 1
482767 2
474584 1
428184 2
381524 1
454746 2
501605 1
509230 2
498635 1
450697 2
535871 1
412544 2
481317 1
549278 2
445577 1
454097 2
528735 1
504512 2
454685 1
446761 2
456811 1
426057 2
553784 1
377515 2
425126 1
429637 2
448851 1
505055 2
371775 1
409570 2
487773 1
492760 2
357788 1
481486 2
536714 1
479929 2
416958 1
420172 2
479174 1
409232 2
488635 1
405526 2
529437 1
460424 2
491814 1
437025 2
427261 1
394365 2
461416 1
529079 2
504551 1
590786 2
455461 1
411571 2
469684 1
500024 2
481662 1
460698 2
462180 1
477264 2
527201 1
543726 2
589259 1
456901 2
492686 1
337773 2
347382 1
361744 2
404226 1
563363 2
528265 1
456285 2
519811 1
494241 2
406552 1
474832 2
403122 1
453520 2
525522 1
596699 2
498276 1
494478 2
453151 1
508288 2
440052 1
522668 2
533984 1
510261 2
449781 1
407157 2
473125 1
524897 2
500794 1
423064 2
467424 1
523291 2
408230 1
472681 2
480399 1
410979 2
419279 1
491875 2
513941 1
566438 2
479667 1
453979 2
450046 1
396587 2
494065 1
434369 2
532432 1
513234 2
476120 1
487955 2
540164 1
487885 2
474977 1
431604 2
456290 1
471606 2
540979 1
492279 2
454036 1
450413 2
519966 1
485990 2
441462 1
445393 2
480142 1
513703 2
489625 1
510070 2
409878 1
416422 2
431135 1
419987 2
436685 1
559958 2
501649 1
508268 2
542033 1
446202 2
441200 1
435508 2
466861 1
487295 2
445623 1
560150 2
475589 1
483766 2
423500 1
433257 2
467565 1
489324 2
435074 1
482383 2
530279 1
472978 2
447544 1
498391 2
468199 1
409567 2
479365 1
508645 2
482140 1
384880 2
475877 1
472763 2
570146 1
425281 2
490703 1
494647 2
515040 1
453100 2
458842 1
530808 2
487418 1
424776 2
558179 1
471310 2
470496 1
420106 2
548529 1
485454 2
465791 1
431455 2
500641 1
550264 2
541820 1
462313 2
444123 1
505474 2
450260 1
428081 2
512417 1
400191 2
452268 1
508785 2
507759 1
421325 2
523342 1
476786 2
443056 1
498445 2
386174 1
490686 2
537535 1
435006 2
512103 1
472847 2
446273 1
389173 2
534608 1
513132 2
450884 1
419087 2
466202 1
485142 2
430916 1
465930 2
439984 1
419762 2
434912 1
504854 2
407025 1
480731 2
461661 1
532971 2
415806 1
479739 2
389838 1
572906 2
453315 1
481258 2
491413 1
622408 2
404942 1
414446 2
458206 1
504600 2
501377 1
453897 2
480057 1
531040 2
582613 1
508199 2
397751 1
545257 2
431925 1
393734 2
569592 1
495172 2
429182 1
458647 2
508454 1
470381 2
440477 1
488794 2
547521 1
488352 2
535922 1
422379 2
440102 1
327025 2
498103 1
489335 2
560113 1
492837 2
440682 1
447730 2
429567 1
448732 2
441433 1
469129 2
438782 1
474714 2
444908 1
441128 2
538356 1
469793 2
461125 1
571579 2
397727 1
451309 2
504931 1
548746 2
463359 1
412725 2
475083 1
475778 2
487204 1
571182 2
521183 1
458658 2
448100 1
425513 2
388341 1
341681 2
497483 1
458594 2
465670 1
462143 2
486842 1
456887 2
498160 1
452819 2
468032 1
494528 2
368391 1
453311 2
490848 1
443649 2
551270 1
559611 2
537507 1
600552 2
524649 1
449574 2
530284 1
415925 2
517321 1
464772 2
477068 1
445892 2
483036 1
505216 2
558813 1
525921 2
463185 1
451892 2
580300 1
446403 2
454340 1
416995 2
436518 1
575944 2
532566 1
449844 2
458651 1
409828 2
467861 1
426220 2
406605 1
402915 2
506402 1
502379 2
434563 1
486183 2
454594 1
458263 2
576876 1
507090 2
496623 1
401324 2
464206 1
553477 2
409880 1
496271 2
411537 1
434972 2
509817 1
474665 2
469675 1
489836 2
436485 1
498494 2
431855 1
438209 2
567332 1
492544 2
436051 1
457797 2
433068 1
489501 2
515725 1
343258 2
467005 1
501848 2
494847 1
405057 2
428577 1
446011 2
371584 1
512301 2
439480 1
506146 2
501947 1
471642 2
526067 1
394375 2
433681 1
516919 2
443113 1
424381 2
481237 1
486893 2
503645 1
466188 2
429149 1
569448 2
372712 1
492704 2
493857 1
556937 2
365428 1
542414 2
440886 1
506239 2
500882 1
528364 2
446405 1
496985 2
462264 1
449574 2
479422 1
544912 2
426310 1
442667 2
521695 1
488267 2
411642 1
551929 2
460818 1
427238 2
491818 1
441569 2
407927 1
471297 2
544323 1
438773 2
555457 1
456386 2
508582 1
419034 2
506008 1
478428 2
451210 1
441942 2
418308 1
445856 2
534685 1
505060 2
418925 1
493013 2
463467 1
485541 2
488938 1
465170 2
558920 1
395497 2
467711 1
488713 2
459130 1
441395 2
458219 1
404607 2
481036 1
524380 2
534504 1
493977 2
528179 1
538199 2
396966 1
477004 2
461599 1
485919 2
508587 1
450779 2
472209 1
464810 2
501193 1
512320 2
589691 1
530361 2
442130 1
492520 2
448486 1
498883 2
456899 1
499347 2
525364 1
367075 2
443199 1
497674 2
434026 1
464351 2
405238 1
450809 2
504069 1
465903 2
435899 1
488143 2
454815 1
467233 2
507361 1
451345 2
574032 1
499812 2
471141 1
479524 2
542403 1
462858 2
422421 1
433939 2
482634 1
511505 2
438989 1
412982 2
447602 1
533600 2
536084 1
557497 2
433049 1
497059 2
514952 1
468342 2
498575 1
476472 2
449854 1
512472 2
447341 1
543336 2
476781 1
442828 2
424108 1
508200 2
379939 1
490820 2
507835 1
547035 2
445305 1
428704 2
448303 1
478432 2
489633 1
513655 2
463065 1
465167 2
453458 1
466198 2
522609 1
492527 2
459251 1
548208 2
496123 1
570728 2
515908 1
519876 2
444571 1
455629 2
455889 1
518834 2
468398 1
435963 2
460505 1
470373 2
468691 1
402923 2
489109 1
525479 2
398920 1
466961 2
512076 1
365040 2
479502 1
498413 2
437095 1
484891 2
445784 1
491540 2
521191 1
493335 2
2000 2 598316921 946072558
1 2 
551775 1
491921 2
509761 1
499729 2
539073 1
485323 2
512714 1
525682 2
408701 1
445660 2
471126 1
412327 2
469632 1
471252 2
470457 1
482811 2
472429 1
465385 2
499015 1
466363 2
427100 1
481917 2
456636 1
455947 2
532623 1
509610 2
505608 1
477645 2
378043 1
586169 2
491924 1
580546 2
411541 1
386370 2
520225 1
514786 2
518399 1
473462 2
482753 1
478736 2
464174 1
400919 2
450661 1
497446 2
423302 1
432891 2
545477 1
475149 2
434323 1
489584 2
493163 1
536712 2
474475 1
482432 2
500913 1
410347 2
441637 1
520780 2
555914 1
458631 2
445683 1
507471 2
464877 1
474518 2
496056 1
419976 2
534883 1
505589 2
477799 1
434630 2
515606 1
483818 2
461692 1
498910 2
514210 1
528916 2
411639 1
452001 2
532478 1
459093 2
398399 1
472005 2
413479 1
425534 2
502464 1
457323 2
524122 1
459330 2
499138 1
542688 2
466331 1
489430 2
507539 1
552093 2
464423 1
524624 2
476569 1
411286 2
454288 1
463396 2
490957 1
448070 2
441248 1
502211 2
525110 1
410102 2
448416 1
521604 2
437124 1
519646 2
408312 1
527282 2
487675 1
532539 2
415656 1
462149 2
491158 1
529501 2
468856 1
420205 2
443018 1
464229 2
465331 1
425153 2
495074 1
410417 2
501947 1
566521 2
406848 1
451172 2
550891 1
524050 2
461864 1
378815 2
421964 1
580519 2
539588 1
499410 2
468632 1
410762 2
408194 1
457133 2
445122 1
485857 2
497306 1
496054 2
438295 1
492559 2
422385 1
408422 2
500813 1
497820 2
400089 1
449461 2
528221 1
499915 2
461155 1
540364 2
490627 1
509478 2
480740 1
450139 2
504418 1
508126 2
513877 1
397361 2
547659 1
574298 2
500329 1
431713 2
479342 1
465145 2
491427 1
441705 2
407664 1
444362 2
498862 1
457293 2
495887 1
470538 2
460403 1
392788 2
580994 1
445798 2
467263 1
427516 2
488394 1
404839 2
492549 1
466025 2
434202 1
486207 2
461843 1
526222 2
539335 1
489163 2
477453 1
479283 2
454138 1
395568 2
456757 1
482690 2
371413 1
500090 2
421187 1
500844 2
525776 1
536069 2
439773 1
471480 2
443167 1
529643 2
508567 1
475641 2
384237 1
376798 2
484337 1
465332 2
476004 1
463005 2
518110 1
516778 2
471552 1
404706 2
388757 1
433213 2
433784 1
509107 2
417766 1
575396 2
566518 1
520826 2
454809 1
473852 2
502797 1
401154 2
479625 1
484744 2
396415 1
460261 2
417911 1
426717 2
520002 1
458335 2
478685 1
492389 2
459262 1
457441 2
408356 1
498959 2
542481 1
459091 2
409766 1
468591 2
438225 1
446617 2
419373 1
415660 2
562927 1
413080 2
571556 1
465268 2
563727 1
407578 2
497450 1
441920 2
488775 1
398960 2
522092 1
437919 2
514443 1
515206 2
476674 1
504527 2
414326 1
476960 2
485053 1
493940 2
558808 1
491749 2
562278 1
470833 2
459709 1
492523 2
531708 1
544097 2
433388 1
401352 2
500885 1
430152 2
395753 1
439474 2
336791 1
498255 2
585428 1
436270 2
425041 1
465524 2
499105 1
489490 2
513004 1
566127 2
652195 1
479573 2
488885 1
468271 2
426200 1
421349 2
538962 1
517382 2
496571 1
488023 2
420803 1
449349 2
605582 1
493891 2
523505 1
484156 2
443811 1
509236 2
497414 1
410274 2
392349 1
457938 2
483320 1
480671 2
468816 1
531241 2
472543 1
515415 2
503257 1
514275 2
477207 1
522015 2
441357 1
467192 2
444349 1
496721 2
450261 1
449637 2
526474 1
508034 2
536312 1
504602 2
547762 1
546969 2
394896 1
446987 2
496882 1
446614 2
481961 1
483864 2
444815 1
457209 2
519597 1
557985 2
453838 1
376881 2
488521 1
465426 2
473441 1
466105 2
417080 1
405720 2
417851 1
404414 2
431130 1
463243 2
536275 1
449146 2
438910 1
479808 2
487714 1
416928 2
474835 1
477339 2
434021 1
484221 2
502708 1
450908 2
488325 1
430429 2
481020 1
469950 2
490943 1
380235 2
463154 1
489644 2
513244 1
486737 2
423125 1
453315 2
468192 1
463311 2
462673 1
483158 2
481025 1
477010 2
537392 1
478607 2
517463 1
416448 2
458330 1
548108 2
481766 1
484611 2
396899 1
448053 2
499122 1
503402 2
481178 1
460739 2
403766 1
452816 2
489160 1
429173 2
506704 1
510620 2
408635 1
428331 2
466068 1
541727 2
451839 1
519938 2
479762 1
423133 2
575116 1
516148 2
426412 1
432827 2
472191 1
508828 2
437106 1
498240 2
421477 1
445799 2
478694 1
552202 2
442618 1
453699 2
460520 1
509632 2
550417 1
469776 2
538248 1
527233 2
424389 1
446997 2
453025 1
396638 2
499248 1
532786 2
392266 1
360024 2
461423 1
495169 2
457745 1
509412 2
492951 1
443656 2
500640 1
492702 2
411006 1
438404 2
468829 1
446210 2
417133 1
489353 2
372665 1
466922 2
413336 1
460886 2
514321 1
511412 2
438742 1
456104 2
496229 1
450476 2
567990 1
507104 2
434664 1
572052 2
425163 1
497786 2
438696 1
532339 2
480855 1
458660 2
439270 1
444905 2
484993 1
490250 2
435153 1
424424 2
432679 1
498261 2
501704 1
458833 2
389897 1
458608 2
457636 1
521156 2
411443 1
484835 2
483878 1
559982 2
491086 1
491238 2
490771 1
537830 2
493214 1
549087 2
578023 1
488933 2
434304 1
570190 2
468597 1
447506 2
476773 1
472283 2
499233 1
491648 2
434004 1
475481 2
388918 1
438211 2
503517 1
462866 2
515285 1
451265 2
491669 1
450371 2
422530 1
516329 2
602836 1
411735 2
393739 1
414570 2
437594 1
458401 2
461638 1
485950 2
470209 1
475284 2
378204 1
489618 2
466076 1
394952 2
485011 1
441871 2
497568 1
552721 2
445611 1
454719 2
496560 1
475331 2
459851 1
540951 2
496477 1
524167 2
484491 1
411413 2
533824 1
379848 2
460873 1
477608 2
414612 1
481410 2
379077 1
447193 2
518254 1
433639 2
403251 1
452652 2
487180 1
480585 2
502772 1
498501 2
471001 1
420716 2
454525 1
498304 2
389821 1
485634 2
502810 1
484808 2
462073 1
608965 2
423945 1
476783 2
472650 1
438263 2
486563 1
444726 2
452827 1
438103 2
455820 1
547544 2
553087 1
480701 2
460989 1
461048 2
488025 1
338607 2
540005 1
479681 2
411542 1
374099 2
466770 1
467925 2
488489 1
434798 2
434048 1
495123 2
494851 1
434848 2
448301 1
409648 2
461899 1
495114 2
437732 1
457662 2
367622 1
443295 2
463645 1
384332 2
517731 1
468815 2
491462 1
418255 2
446652 1
466206 2
398808 1
425538 2
457154 1
439568 2
363161 1
537415 2
485088 1
416266 2
504932 1
511635 2
503837 1
610496 2
513159 1
497721 2
387797 1
479619 2
437064 1
479435 2
428048 1
362505 2
461269 1
422119 2
552253 1
436815 2
409695 1
492339 2
381287 1
478261 2
511053 1
473085 2
418206 1
459239 2
359066 1
533368 2
490059 1
451564 2
530475 1
541951 2
462642 1
529613 2
436665 1
453997 2
500647 1
464159 2
508467 1
504182 2
492514 1
496382 2
422800 1
412703 2
548307 1
536937 2
543566 1
474383 2
417459 1
526344 2
493840 1
478636 2
493071 1
539883 2
458570 1
454313 2
584287 1
500207 2
480332 1
401568 2
457366 1
442173 2
499556 1
508511 2
493035 1
468449 2
517284 1
576578 2
519213 1
511294 2
564013 1
472954 2
494050 1
451955 2
494490 1
437310 2
425452 1
481512 2
423798 1
453594 2
562847 1
480448 2
415459 1
460443 2
419610 1
415117 2
454217 1
449141 2
414724 1
473920 2
389158 1
419098 2
466443 1
488781 2
431109 1
472768 2
462160 1
460728 2
512021 1
486094 2
462535 1
477843 2
421119 1
456985 2
527914 1
446870 2
465677 1
465863 2
432685 1
427272 2
432811 1
516991 2
448943 1
419833 2
497881 1
512973 2
432410 1
401381 2
446811 1
484531 2
391494 1
444810 2
448241 1
426508 2
506883 1
501110 2
426236 1
559027 2
498397 1
365648 2
474017 1
466391 2
529607 1
452167 2
408776 1
476709 2
435773 1
439100 2
525339 1
500741 2
465821 1
451798 2
407226 1
562686 2
433464 1
488653 2
472968 1
495229 2
438341 1
529830 2
436718 1
488514 2
461438 1
425677 2
449316 1
400020 2
497519 1
436343 2
436121 1
446321 2
495160 1
574923 2
533535 1
493697 2
415998 1
473447 2
430459 1
561580 2
473229 1
417577 2
570625 1
460551 2
462111 1
450631 2
393820 1
528294 2
453551 1
500961 2
438005 1
504195 2
461492 1
445438 2
436511 1
470088 2
460828 1
429874 2
448427 1
548959 2
536906 1
480046 2
442688 1
469600 2
448062 1
465068 2
473228 1
463911 2
514824 1
460988 2
436211 1
518647 2
477039 1
397446 2
482579 1
484966 2
447740 1
497082 2
407080 1
568624 2
472596 1
477393 2
420891 1
439505 2
460660 1
501443 2
485253 1
448290 2
489045 1
416105 2
464330 1
542269 2
482947 1
433329 2
463577 1
463594 2
480099 1
475368 2
528555 1
425728 2
455953 1
460930 2
433017 1
409217 2
470313 1
531473 2
376919 1
651850 2
533065 1
394674 2
502559 1
492094 2
420946 1
409265 2
450319 1
475278 2
503161 1
421667 2
506872 1
429406 2
428369 1
520053 2
489919 1
464274 2
439000 1
525110 2
399393 1
406789 2
521228 1
414020 2
522986 1
577632 2
441312 1
432309 2
515155 1
450382 2
452764 1
421171 2
534519 1
438288 2
388245 1
418457 2
506728 1
434072 2
423153 1
511407 2
464223 1
451157 2
502553 1
435439 2
523882 1
439053 2
509332 1
498980 2
495439 1
404802 2
516009 1
529334 2
523498 1
517218 2
467982 1
447907 2
468074 1
501390 2
478154 1
495413 2
515096 1
425551 2
484491 1
422971 2
438385 1
465516 2
546756 1
473127 2
504168 1
454481 2
459984 1
485244 2
516573 1
520939 2
467350 1
440119 2
406302 1
386279 2
366610 1
420683 2
533779 1
578185 2
472739 1
498123 2
421032 1
429293 2
413160 1
474767 2
423605 1
476955 2
477759 1
402921 2
507177 1
401409 2
483365 1
460928 2
524132 1
471038 2
470316 1
444343 2
401378 1
477646 2
558657 1
498123 2
482525 1
492174 2
509371 1
494221 2
400095 1
453453 2
503394 1
454962 2
461444 1
514588 2
488872 1
441910 2
431903 1
434134 2
485906 1
566514 2
476021 1
489536 2
407229 1
542982 2
475528 1
402438 2
496003 1
479213 2
496532 1
459851 2
492062 1
400057 2
502372 1
509414 2
542280 1
475034 2
469184 1
468061 2
477205 1
488198 2
478678 1
451295 2
462388 1
497706 2
464031 1
406092 2
474581 1
481552 2
506585 1
410424 2
465203 1
417072 2
440412 1
351392 2
495001 1
388375 2
509849 1
519351 2
511771 1
497365 2
462784 1
413546 2
475638 1
458331 2
537369 1
499888 2
483622 1
468068 2
507326 1
437156 2
473900 1
481335 2
415878 1
432224 2
490877 1
452143 2
511118 1
476734 2
412338 1
434877 2
476071 1
461406 2
506284 1
492554 2
435841 1
462563 2
502138 1
553803 2
471993 1
497328 2
491124 1
490043 2
531507 1
376524 2
520126 1
470971 2
527232 1
491600 2
457235 1
445196 2
400456 1
397852 2
414681 1
510142 2
469624 1
525191 2
440419 1
428685 2
486768 1
500987 2
463781 1
454860 2
392492 1
504030 2
451382 1
524971 2
397379 1
439694 2
439375 1
499002 2
548436 1
498989 2
428414 1
506160 2
558168 1
500083 2
539681 1
516535 2
546229 1
421480 2
459457 1
487023 2
489256 1
449580 2
435202 1
467169 2
471905 1
531039 2
399604 1
492935 2
475882 1
480641 2
458667 1
436685 2
461805 1
421095 2
380920 1
469084 2
524567 1
513024 2
492742 1
432386 2
451336 1
438536 2
456036 1
385349 2
499033 1
484251 2
440371 1
435887 2
515043 1
481046 2
465960 1
539836 2
454681 1
469934 2
460918 1
485397 2
422172 1
466630 2
486586 1
415634 2
454850 1
519553 2
474338 1
515744 2
511443 1
477502 2
451882 1
523776 2
380540 1
492056 2
461273 1
421428 2
426066 1
500613 2
459549 1
500352 2
399382 1
450646 2
425502 1
537510 2
432206 1
394900 2
450390 1
459945 2
445310 1
566159 2
542154 1
459915 2
459437 1
405194 2
423561 1
480342 2
443716 1
375835 2
451661 1
504965 2
430912 1
434600 2
400958 1
549237 2
493082 1
495672 2
444780 1
528928 2
473497 1
520517 2
514633 1
542594 2
490934 1
429344 2
526344 1
601766 2
486329 1
394167 2
491708 1
505376 2
417733 1
497107 2
548852 1
542756 2
543236 1
453380 2
449458 1
456613 2
442601 1
524717 2
473223 1
465893 2
504740 1
570050 2
410200 1
472033 2
397293 1
547215 2
486806 1
498398 2
402840 1
517686 2
419121 1
404606 2
450129 1
508469 2
508717 1
497046 2
545134 1
501416 2
436057 1
395502 2
476648 1
441143 2
467915 1
464853 2
470794 1
406575 2
468110 1
464589 2
437671 1
472004 2
466131 1
541636 2
493134 1
501645 2
455000 1
460690 2
447676 1
435548 2
536507 1
469432 2
461289 1
448877 2
443926 1
435582 2
445431 1
390852 2
560590 1
468340 2
553478 1
609192 2
479651 1
442969 2
549053 1
523222 2
431237 1
471827 2
422828 1
423984 2
449644 1
405799 2
454146 1
493612 2
443264 1
476430 2
516873 1
465356 2
447404 1
465957 2
387634 1
466362 2
446532 1
468069 2
489916 1
546528 2
531824 1
500627 2
487585 1
450301 2
455261 1
381402 2
506831 1
421025 2
491031 1
532851 2
549042 1
393801 2
449919 1
555287 2
431331 1
548425 2
592454 1
368220 2
415039 1
450957 2
514178 1
481889 2
535775 1
507954 2
458009 1
436538 2
494576 1
463737 2
472858 1
522843 2
515291 1
491068 2
512668 1
533640 2
432031 1
416390 2
444695 1
522278 2
474549 1
506074 2
444085 1
451706 2
479332 1
502641 2
533863 1
505039 2
485168 1
482057 2
522952 1
443050 2
498976 1
526570 2
476014 1
479159 2
492129 1
465013 2
472324 1
598633 2
499675 1
558111 2
542362 1
425714 2
510791 1
451891 2
452566 1
549493 2
422347 1
489101 2
479402 1
456414 2
404772 1
458611 2
554627 1
534749 2
418358 1
468263 2
411644 1
508740 2
516847 1
479972 2
504678 1
434522 2
425941 1
488715 2
576333 1
488405 2
461757 1
368243 2
408314 1
561451 2
404620 1
451276 2
503500 1
461542 2
399928 1
447565 2
448466 1
467234 2
502114 1
446849 2
474164 1
495486 2
565845 1
447702 2
532052 1
375003 2
467860 1
535470 2
465941 1
493338 2
422075 1
449209 2
427021 1
430642 2
548366 1
435176 2
434397 1
441542 2
495539 1
463389 2
489761 1
494068 2
403434 1
398758 2
575968 1
489671 2
517462 1
514302 2
400779 1
434149 2
398499 1
502584 2
463679 1
391144 2
446902 1
484722 2
453816 1
521586 2
506007 1
396299 2
482753 1
437448 2
479335 1
423286 2
490467 1
469708 2
399634 1
379471 2
409470 1
493440 2
435465 1
429193 2
553766 1
473249 2
366605 1
467809 2
509796 1
472075 2
506640 1
532697 2
523213 1
478559 2
532945 1
436757 2
535300 1
586056 2
511596 1
436202 2
490683 1
457606 2
558911 1
495623 2
545540 1
509645 2
602710 1
481548 2
472773 1
491454 2
391623 1
518155 2
502112 1
491743 2
481264 1
499874 2
549030 1
510201 2
514489 1
506501 2
445399 1
487677 2
498718 1
445324 2
439098 1
490409 2
464074 1
356634 2
345156 1
531198 2
457135 1
546284 2
515996 1
549541 2
485322 1
490827 2
359454 1
445363 2
373927 1
471542 2
394319 1
349364 2
494554 1
480265 2
469948 1
401304 2
468754 1
525152 2
454165 1
495429 2
487574 1
513206 2
458865 1
564239 2
502082 1
442549 2
418111 1
521084 2
442810 1
455532 2
493711 1
481307 2
478218 1
319244 2
438766 1
457262 2
544863 1
480939 2
474515 1
444903 2
388207 1
435204 2
475358 1
496344 2
555773 1
447227 2
480658 1
406210 2
552328 1
413406 2
543331 1
452920 2
506196 1
481625 2
435603 1
508938 2
495632 1
431652 2
387657 1
414384 2
407494 1
644924 2
449887 1
539733 2
471726 1
496764 2
618629 1
412983 2
541506 1
396093 2
486853 1
476253 2
448535 1
443492 2
419111 1
495416 2
407344 1
562055 2
469127 1
487950 2
476339 1
511082 2
485595 1
487964 2
459499 1
447578 2
447986 1
521032 2
479219 1
438063 2
467143 1
514431 2
453149 1
447454 2
516021 1
351563 2
478750 1
518722 2
574421 1
485572 2
462984 1
535983 2
439082 1
413326 2
526276 1
460061 2
383032 1
545764 2
437133 1
485969 2
519508 1
456611 2
508953 1
514249 2
516928 1
492564 2
457975 1
424095 2
344539 1
495040 2
456966 1
424944 2
419009 1
474077 2
475310 1
450052 2
442577 1
525229 2
420263 1
514297 2
442727 1
507272 2
514551 1
445707 2
457772 1
583647 2
433384 1
504509 2
499749 1
541636 2
508660 1
532421 2
473010 1
460021 2
558916 1
530043 2
446242 1
432918 2
519340 1
585666 2
391820 1
530626 2
470068 1
460347 2
575339 1
464382 2
521973 1
404444 2
477228 1
492710 2
445507 1
543557 2
496818 1
435381 2
448057 1
369632 2
419035 1
531125 2
536597 1
499699 2
475386 1
472857 2
518582 1
460515 2
471509 1
446799 2
544804 1
506345 2
526055 1
491577 2
498966 1
543742 2
496399 1
409603 2
407580 1
492571 2
452159 1
532289 2
536217 1
494951 2
529839 1
456108 2
477060 1
450272 2
446646 1
493500 2
527267 1
505935 2
496151 1
387678 2
538025 1
475816 2
466453 1
480109 2
425841 1
472127 2
393811 1
457479 2
546607 1
509773 2
469791 1
483518 2
464274 1
489365 2
440166 1
486167 2
571910 1
521695 2
485351 1
495173 2
528260 1
482315 2
464116 1
444684 2
444520 1
495725 2
490047 1
521558 2
438084 1
399648 2
540393 1
508951 2
500028 1
419157 2
489661 1
481157 2
481542 1
562040 2
477563 1
492628 2
444810 1
513088 2
467062 1
528964 2
576956 1
425489 2
409733 1
411000 2
485536 1
455945 2
416924 1
472530 2
488910 1
456388 2
551049 1
469540 2
375071 1
531042 2
440206 1
460776 2
500395 1
536300 2
460034 1
449195 2
515431 1
547549 2
477859 1
458813 2
393503 1
450024 2
473171 1
559158 2
433609 1
524135 2
451781 1
469677 2
384588 1
466174 2
438338 1
389458 2
498541 1
444187 2
464961 1
609720 2
453324 1
426631 2
438255 1
408183 2
518724 1
430381 2
494039 1
396917 2
446958 1
485642 2
504367 1
485892 2
395396 1
506956 2
450607 1
541008 2
386834 1
472808 2
481743 1
437054 2
451546 1
456158 2
463198 1
472846 2
514616 1
543344 2
431407 1
436972 2
542765 1
456812 2
478676 1
467444 2
436809 1
460052 2
487884 1
535702 2
472705 1
476570 2
511912 1
492650 2
452646 1
474669 2
515473 1
500848 2
560305 1
502992 2
454618 1
560012 2
536058 1
494723 2
465630 1
574800 2
558579 1
463442 2
488240 1
448184 2
419795 1
418870 2
477639 1
552110 2
410246 1
470690 2
478546 1
472094 2
487194 1
468303 2
502491 1
339143 2
472695 1
481538 2
504189 1
548777 2
471926 1
488171 2
535343 1
474379 2
480908 1
479314 2
471740 1
585157 2
538105 1
577942 2
527598 1
457346 2
440625 1
545591 2
319784 1
434458 2
454517 1
613442 2
467381 1
496038 2
392099 1
472259 2
514031 1
489034 2
440466 1
449127 2
480949 1
414399 2
392999 1
480381 2
527596 1
556905 2
517667 1
538553 2
444784 1
456385 2
423825 1
469522 2
509488 1
491079 2
463820 1
539777 2
509889 1
438163 2
444008 1
413820 2
511586 1
467869 2
505520 1
469946 2
500809 1
440107 2
506804 1
396955 2
370428 1
470318 2
482027 1
573236 2
514188 1
487891 2
507811 1
461384 2
447840 1
426882 2
449509 1
434221 2
415934 1
475179 2
439457 1
460865 2
465799 1
435339 2
493077 1
407681 2
483927 1
427632 2
442677 1
470650 2
518886 1
552599 2
490760 1
436663 2
470982 1
443402 2
468029 1
391227 2
557054 1
508343 2
430342 1
450071 2
428257 1
469263 2
466432 1
470020 2
416417 1
520420 2
513813 1
401444 2
469737 1
488335 2
472236 1
461171 2
410224 1
473994 2
447174 1
437260 2
408592 1
538278 2
433086 1
499167 2
470683 1
481755 2
472557 1
467709 2
456399 1
431447 2
481312 1
488826 2
434255 1
514270 2
479623 1
447617 2
527663 1
424890 2
547344 1
488083 2
489191 1
510583 2
392563 1
442552 2
499974 1
400825 2
581753 1
428778 2
529847 1
538822 2
472904 1
531619 2
484959 1
397754 2
525732 1
487906 2
368315 1
466646 2
468772 1
486474 2
443237 1
449839 2
468405 1
445230 2
431665 1
536689 2
493062 1
457513 2
462072 1
456993 2
493542 1
430409 2
463400 1
485907 2
