15 5
98 9 479760935 537796532
159 159 204 204 522 54 54 159 982 
5616060 204
5654299 424
5297335 174
5438643 948
5287731 948
5556634 54
5377226 948
5220365 54
5591547 424
5399958 204
5379447 54
5480399 204
5656118 174
5410600 948
5490922 424
5537887 54
5362387 948
5431894 424
5309988 54
5454358 159
5517520 174
5592251 982
5507737 424
5817716 174
5665006 174
5163463 54
5276007 54
5392801 522
5524544 174
5584189 174
5631159 204
5534729 424
5503098 159
5428597 159
5441074 54
5418236 439
5627447 204
5739175 948
5334402 54
5414854 174
5731950 204
5382877 522
5609423 982
5571565 424
5544906 159
5570149 424
5615595 982
5492999 174
5595323 522
5464961 159
5462404 439
5214493 204
5527995 54
5519183 982
5745491 424
5347944 424
5317377 982
5504570 424
5375585 54
5645164 54
5446413 159
5531782 159
5395396 159
5443250 982
5297073 174
5314051 54
5597117 424
5428247 54
5361263 204
5832982 439
5480564 424
5515700 204
5668780 54
5469817 159
5424225 204
5443864 54
5508423 424
5448980 522
5406272 174
5498362 159
5574395 522
5563293 159
5541474 439
5465900 424
5575124 159
5206708 54
5476961 439
5623620 439
5416900 522
5535136 54
5587726 439
5433467 159
5497632 159
5531481 424
5528412 159
5496095 204
5447501 54
5474389 439
21 10 673347615 926771818
967 364 983 967 983 983 967 794 796 794 
44666008 11
44425765 238
43620018 967
44038361 813
43844615 238
43788245 364
43556051 794
43634923 813
44574633 796
44449966 365
44792336 794
43284682 364
45047098 796
43650013 826
44412831 796
43374109 983
43732790 365
44694613 813
44398707 983
43839687 983
44946367 826
85 10 456256508 582288121
355 507 296 102 964 507 964 964 964 102 
6823171 964
7046873 441
7000636 355
6995583 950
6858692 500
6851234 500
6669027 507
6862712 507
6766168 629
6951019 507
6885416 500
6982497 950
6826668 102
6777968 102
6702073 964
6887340 806
6890474 629
6884193 964
6909857 629
6731065 507
7027950 441
6934417 806
6848093 500
6687464 507
6949420 950
6980036 296
6620244 806
7135172 950
7041515 629
6841299 355
6966828 950
6828383 806
6744082 500
6817006 441
6935590 507
6881114 507
6820634 441
6964802 950
6574714 102
6768576 806
6756603 500
6939541 964
6928858 950
6858153 629
6595689 950
6847559 500
6773707 629
6964681 950
6870978 296
6666960 441
6962264 806
6761293 950
6702367 964
6736987 950
6772192 507
6857291 507
6971207 806
6714692 500
7122697 950
6904401 355
6647282 500
6677116 296
6824370 507
6693621 964
7013767 507
6952498 102
6871272 441
6787136 355
6797773 441
6941801 950
6763135 441
6819952 500
6594228 629
6971332 806
7073540 441
7066590 507
6671516 296
6825984 806
6626105 964
6895213 296
6881864 500
6962237 806
6837950 950
6944983 806
6768731 629
100 10 234854901 612852430
56 615 615 593 159 440 175 440 175 204 
5807633 163
6178961 56
6134253 204
6293259 440
6086503 440
6030387 741
6233592 56
6454979 159
5944429 163
6129330 741
5943143 718
6070872 56
6056800 56
6128874 159
6475661 204
6208259 159
5997153 718
6056015 440
6148140 56
6055168 741
6203885 204
5984073 718
6104125 163
6137148 440
6138743 159
6189636 615
5918771 163
6047652 163
6104025 56
6156765 163
6565679 741
6055712 159
6142929 440
6204865 175
6299425 593
6208387 741
6098288 593
6170461 615
5874756 159
5979804 56
6309132 440
6082092 718
6263987 159
6054398 56
6079448 159
6177451 56
6046374 163
6299814 159
6154129 593
6181185 159
6162798 718
6105360 204
5923105 159
6112286 163
6132785 718
6311704 204
5981474 741
6118112 204
5932517 204
6305974 159
6024783 741
5989749 718
6283048 56
6182208 175
6277887 56
6143384 440
6079632 593
6240690 741
6223755 204
6117810 593
6431975 440
6223989 593
5973796 204
6020219 56
6059266 440
6037272 163
6280975 741
6222028 56
6091210 159
6102310 204
6165315 163
6306514 718
6099665 159
6210998 175
5973769 615
6114437 159
6281808 440
6118819 175
6073393 56
6172077 741
6202427 718
6319429 159
6086447 741
6063126 615
5994541 440
5932870 159
5864415 440
5859689 741
6049295 718
6204745 175
100 9 293501272 458259879
930 525 888 930 748 337 888 888 930 
4529572 337
4667612 337
4673859 362
4610370 516
4633381 748
4653862 337
4490557 169
4688846 169
4503407 888
4461617 748
4646892 748
4594790 169
4511760 930
4680453 600
4505152 930
4573315 888
4512619 600
4560728 525
4426365 888
4615342 337
4608797 362
4501262 337
4474316 362
4752984 337
4459432 169
4766896 362
4414073 888
4569555 930
4464457 888
4500339 600
4491054 516
4569318 516
4701911 930
4774054 525
4674242 362
4766722 169
4738346 888
4691899 337
4723413 337
4611603 337
4670658 748
4470203 525
4594918 169
4591288 748
4565051 516
4581415 525
4530852 525
4655747 930
4429973 748
4621907 362
4538734 362
4508874 600
4800847 337
4776325 169
4659266 516
4774509 600
4541916 600
4617196 525
4662106 525
4589822 748
4782998 516
4511362 748
4600172 888
4541155 888
4682061 337
4556606 888
4577782 337
4580578 337
4460544 169
4476971 930
4664210 516
4441314 169
4489717 516
4624357 600
4533583 748
4364871 888
4454499 169
4610557 169
4485873 888
4740154 748
4527797 748
4526576 930
4507440 337
4590135 930
4502130 525
4450276 516
4473694 362
4673332 930
4413783 930
4619126 362
4715510 600
4600400 748
4541393 525
4599647 748
4695187 888
4548798 748
4531269 525
4552512 525
4570183 600
4464548 930
