1
500 500
533752087 245967024 469498539 582031159 465536473 203624589 640339828 157338028 291311348 372206988 856440720 633213649 650562267 764147195 801291980 599051298 657734160 692243506 463211629 475100876 949800272 982536839 853472918 597221978 557634670 756249115 505871161 722549699 531035875 973462804 358457227 532594451 467700561 535165430 1015065967 341550581 414392993 364921025 425874965 230998279 1049931642 599607391 685782707 841753605 247845608 862167398 233275103 107682629 238988300 737391157 344887255 570029335 575422711 675053348 670465871 741646363 164311438 812594807 40840921 786916195 972916747 1041933940 35985010 646316049 648616914 676012422 404409766 310720715 63111805 379081314 172642057 95695241 146280894 44224729 202311789 1015237738 607775734 803536058 727109793 458411246 785330890 577354216 28883776 404273962 1063269079 801665887 248878026 96882416 730324511 17057216 553308093 1044243431 637121296 997439706 635715991 955169231 577669877 317870907 802157550 327276279 800667196 139186512 212324025 2870468 425378111 254458469 803072027 896084055 61912497 438560731 427458337 436564802 284290789 609581167 407016518 194389567 111933886 452953330 268151629 604361971 842955053 1073212924 582694498 201299745 606683867 355957145 152825983 119897649 594448374 52830412 503802781 409539481 1065403510 105945588 461333370 1022896367 53593759 906439626 409915906 946550832 112837932 462878460 1065232221 41781576 46043391 310149807 401244604 366425382 475938041 499240096 619923778 948601938 192371939 717940593 777275521 1030845721 877528433 337602938 245531890 256253144 1033189272 751192255 186271674 992625571 357138156 323106468 147963872 733809730 447195577 306365248 941541238 583228924 879919084 795703872 465065817 826163334 827968752 95614995 378242053 749146332 246354847 4909567 858360905 167057192 453754164 559936197 298948206 525436475 930312251 775180999 1057722078 320289643 723692244 439133494 630424282 301721853 627594909 461785917 821907598 839652355 113473250 61348329 9345665 861674989 648871735 103818263 214696834 792152011 1037526064 810527225 995690450 416777780 900310621 710448697 1066531882 895378291 1037288888 848048133 627102956 987067233 108183575 157025057 580868274 744103612 948921689 63120866 700219911 421981436 101423464 898172249 520086991 492781898 852508417 756406074 760786324 463574436 403504749 27857587 113050575 225477995 580401176 451900777 861500863 861296458 469317761 1016318377 653995915 405658322 851501304 188136189 681185112 955406232 596443198 87844167 268800348 981945245 450500923 660312333 528656486 676225801 401990356 212494436 356965876 1065204823 507535773 717081042 91207862 278219698 270988844 818699975 745969909 886254347 330586568 849774075 101105768 374829130 35217607 260598029 318364847 249978879 596664348 861005411 639701291 164863189 8976425 427874748 826248769 413802288 542382767 840058372 731089631 877917714 1044453802 920245133 788715792 712847168 163527336 420354729 673808226 624124696 664264429 319059105 275038340 674838538 917940689 124687219 608383570 241138170 510579955 508748756 574250469 116623429 340234765 723085903 896448757 343729339 763621320 1028167707 842503020 1015395328 248191150 21204103 208553191 1025149428 281393118 119617770 937993233 402218340 271140228 867588073 83801358 240473165 177458875 626158902 260378780 1064504203 716547471 452412586 553841628 335138313 896260799 471815403 315584569 870952646 238382281 289061507 1036462018 979558469 569605968 716416001 239126398 68711046 43799039 1023369904 556320148 737255600 758281184 798451596 968487941 11360013 657896841 67288277 755133380 885049635 283065720 924307188 781401144 388204142 890114659 165825370 460396246 987240727 431047493 1063721138 1005022091 260385487 936927937 542840298 778488012 633332895 89132019 275532341 792328326 343766936 848872655 109992715 563518893 729339550 984376169 530469834 1047680746 582632438 63547036 280213671 502499162 1034665842 420028846 338538698 548893622 229068657 242699826 942976917 412309043 190888837 369067590 939163734 728174746 576482054 36159651 162270961 232379895 494331372 1013903653 940642042 756089196 217597313 283654172 774834423 644325569 160794617 222952667 220298489 23090786 644427384 813704345 697724353 881043107 711374536 532319276 576036293 68392202 640696957 733036987 236124616 795554367 543475735 330925550 719116017 744185816 772533937 1067939420 257265766 642194277 618505791 114503617 440723938 125766508 872864993 1061548839 438892505 766448368 369383544 736220182 283677617 552377918 559005204 546424142 999732743 890048570 905364940 342161299 231221444 902800675 450236191 317108203 771460655 213021137 826154800 886891500 767891188 64483059 441045460 831294566 540439621 255616603 103832176 425745891 917560331 712261493 836613795 757428435 186601526 472081925 497635270 1021679011 384040820 32860689 731843606 768615936 904196988 440096390 939741040 71207673 561760556 572721002 454741523 354337789 532507149 712813396 1072418416
221 486
39 352
279 351
53 314
199 298
281 330
141 217
298 469
35 451
65 78
22 86
162 247
213 422
67 149
403 463
203 294
112 378
28 33
82 441
58 143
95 136
21 351
240 262
219 311
23 208
278 395
376 472
245 296
34 82
205 381
186 344
132 389
102 422
122 137
169 177
108 130
4 5
157 161
165 403
56 167
105 243
55 156
40 500
393 468
157 404
404 428
340 450
28 76
189 456
159 325
142 439
94 389
146 207
8 77
110 322
196 500
347 423
17 29
35 272
176 195
358 454
274 321
134 457
222 228
80 231
49 201
19 194
336 429
56 491
219 402
167 306
23 152
287 355
242 367
36 222
242 485
300 497
115 463
268 459
10 388
170 278
93 98
446 454
56 266
117 343
101 158
125 373
303 337
246 481
15 193
377 489
165 413
305 371
230 310
121 317
315 466
299 327
251 321
174 266
158 331
115 319
210 217
83 242
255 271
274 432
183 302
22 427
115 240
12 354
86 235
228 349
309 500
206 212
97 107
107 113
198 476
85 215
127 204
140 205
87 475
62 341
23 283
1 127
322 426
35 416
346 370
162 230
137 183
25 417
166 475
170 401
185 201
165 337
4 359
379 439
208 209
39 99
159 499
14 59
380 479
160 358
47 499
285 405
234 269
115 262
45 347
145 385
34 64
216 301
142 365
5 475
120 469
361 474
164 285
181 462
211 387
83 175
119 149
343 412
148 318
144 461
43 305
108 183
330 358
9 245
341 403
32 120
35 240
271 278
349 377
75 426
337 458
58 158
161 247
234 336
321 422
472 488
24 289
33 335
123 461
54 95
239 307
113 364
5 363
293 315
364 415
118 421
96 425
39 83
258 308
242 247
123 384
276 304
362 493
148 189
291 314
210 340
162 427
93 149
34 66
73 243
348 463
270 353
217 465
208 333
59 186
259 398
293 309
332 482
85 97
402 403
332 396
117 170
178 306
16 470
336 371
349 482
364 439
315 373
175 361
19 256
164 291
18 459
299 351
130 432
230 300
189 192
285 294
312 463
216 310
137 385
204 442
75 477
358 461
347 436
38 491
331 431
315 447
60 331
260 352
83 310
51 69
274 403
222 277
169 300
8 226
32 400
3 157
154 483
112 329
265 380
167 331
278 393
31 240
215 307
407 500
214 386
221 233
149 238
145 440
120 392
345 483
126 169
291 347
23 194
47 187
228 348
375 405
99 445
262 305
4 27
156 268
74 151
160 310
96 498
70 302
287 424
231 471
83 96
53 314
108 232
447 452
474 489
74 362
49 222
470 489
23 78
362 447
196 348
13 56
331 356
68 386
61 452
48 394
377 500
436 439
429 498
165 354
178 455
4 338
378 379
6 221
30 33
229 431
170 360
145 471
14 474
97 433
190 438
65 220
184 404
199 391
238 294
187 378
281 356
295 372
17 110
59 229
206 481
274 406
277 315
74 287
225 434
12 270
89 121
190 349
419 499
286 308
183 381
10 358
180 449
367 428
83 409
137 271
46 229
139 249
9 23
186 429
89 210
63 134
116 226
107 453
75 113
72 445
70 123
88 330
96 256
44 272
266 479
186 194
144 200
1 461
200 290
132 338
195 497
106 339
415 500
188 316
92 186
36 431
452 475
104 287
16 130
182 253
193 479
195 279
106 277
152 342
145 163
126 427
431 441
181 332
8 204
202 493
311 384
11 92
205 346
263 389
464 467
132 398
126 146
193 305
40 330
323 350
188 369
234 305
182 366
23 296
427 465
4 492
28 222
394 400
99 100
99 101
262 471
191 203
168 197
67 145
217 354
41 267
26 174
45 68
230 336
88 258
310 439
301 415
106 191
33 77
85 128
434 488
33 75
182 396
38 71
112 178
140 431
101 423
348 428
319 481
142 474
170 386
4 498
18 335
344 428
224 282
164 309
38 476
174 377
90 380
22 262
184 282
42 468
55 471
59 451
45 46
114 429
233 466
159 435
40 144
371 372
145 360
6 435
111 158
318 395
53 362
163 328
204 341
65 209
133 142
13 158
144 435
79 164
26 499
268 375
173 340
47 474
98 413
262 408
295 412
67 183
196 362
110 201
34 271
61 457
232 249
190 350
75 83
207 447
143 213
90 225
110 319
211 295
124 306
167 287
36 463
93 221
110 328
394 472
172 359
244 295
63 475
265 490
70 262
101 289
131 352
293 316
59 351
20 83
310 495
39 167
61 126
400 419
189 271
49 430
236 473
200 355
54 324
325 471
130 459
434 467
31 143
