1000
2 1 881
3 1 635
4 3 877
5 4 308
6 3 600
7 6 248
8 7 874
9 8 927
10 9 74
11 10 464
12 9 122
13 12 187
14 13 564
15 14 310
16 6 381
17 16 221
18 10 962
19 18 293
20 19 790
21 3 883
22 21 26
23 22 174
24 23 683
25 24 806
26 25 657
27 18 869
28 27 673
29 28 187
30 29 928
31 30 22
32 31 713
33 32 952
34 33 128
35 34 559
36 35 595
37 36 806
38 2 972
39 8 800
40 39 150
41 40 116
42 41 769
43 5 823
44 42 986
45 44 172
46 45 750
47 46 30
48 47 227
49 34 686
50 49 714
51 50 8
52 51 716
53 52 696
54 53 263
55 54 993
56 55 528
57 56 823
58 57 278
59 58 241
60 59 772
61 60 470
62 1 29
63 62 246
64 40 228
65 64 777
66 65 254
67 66 806
68 63 513
69 68 803
70 69 13
71 26 192
72 71 573
73 72 370
74 73 951
75 74 194
76 75 543
77 76 719
78 77 532
79 78 608
80 79 246
81 80 44
82 34 503
83 82 198
84 3 622
85 84 223
86 85 511
87 8 972
88 87 687
89 26 722
90 65 86
91 90 553
92 62 213
93 92 76
94 40 692
95 94 34
96 95 60
97 96 314
98 97 248
99 98 289
100 99 597
101 29 833
102 101 953
103 76 142
104 16 886
105 104 405
106 105 635
107 83 843
108 107 952
109 108 666
110 109 390
111 110 915
112 111 737
113 112 407
114 46 166
115 114 269
116 115 996
117 116 144
118 117 250
119 118 561
120 119 192
121 53 899
122 121 233
123 122 858
124 123 50
125 124 68
126 61 904
127 126 705
128 32 43
129 79 76
130 129 398
131 130 527
132 131 656
133 103 955
134 133 28
135 134 790
136 135 976
137 136 98
138 137 401
139 2 117
140 39 817
141 138 664
142 141 126
143 142 737
144 47 287
145 144 789
146 145 170
147 146 220
148 147 833
149 114 765
150 149 361
151 150 507
152 151 906
153 12 725
154 153 801
155 154 963
156 155 749
157 156 425
158 157 640
159 16 414
160 159 476
161 160 67
162 161 163
163 162 72
164 163 612
165 65 243
166 165 686
167 166 885
168 97 964
169 168 839
170 169 868
171 170 205
172 171 319
173 172 877
174 173 597
175 174 625
176 175 16
177 176 96
178 177 958
179 21 540
180 179 735
181 180 940
182 181 36
183 70 235
184 141 576
185 184 590
186 52 161
187 186 282
188 187 473
189 188 726
190 122 932
191 190 465
192 191 935
193 192 606
194 193 844
195 142 497
196 195 822
197 196 947
198 3 518
199 198 635
200 199 738
201 200 917
202 201 864
203 202 434
204 203 541
205 204 447
206 205 589
207 206 263
208 207 754
209 208 96
210 209 694
211 210 380
212 211 520
213 212 315
214 213 446
215 214 31
216 215 642
217 120 312
218 158 818
219 218 359
220 219 291
221 220 830
222 205 896
223 222 237
224 223 710
225 224 481
226 225 850
227 226 253
228 37 863
229 228 648
230 229 49
231 230 710
232 231 404
233 66 64
234 233 781
235 234 742
236 235 654
237 121 465
238 237 477
239 238 167
240 34 812
241 240 246
242 28 835
243 242 504
244 226 382
245 244 716
246 245 8
247 134 361
248 247 489
249 25 584
250 55 890
251 3 214
252 251 462
253 252 997
254 89 273
255 254 827
256 255 901
257 256 634
258 257 794
259 258 501
260 62 591
261 260 661
262 261 746
263 176 474
264 192 659
265 264 403
266 79 635
267 266 649
268 267 446
269 268 874
270 269 57
271 270 277
272 253 817
273 272 395
274 257 321
275 93 124
276 275 11
277 276 307
278 277 557
279 275 743
280 279 960
281 280 841
282 281 803
283 282 747
284 283 403
285 284 582
286 285 283
287 120 541
288 287 453
289 288 95
290 289 929
291 290 347
292 291 786
293 292 962
294 293 87
295 294 536
296 73 398
297 296 321
298 297 894
299 298 587
300 299 69
301 300 823
302 301 802
303 55 494
304 303 157
305 304 958
306 53 259
307 306 245
308 34 714
309 156 1
310 292 574
311 310 400
312 92 437
313 312 827
314 313 439
315 314 59
316 315 493
317 197 93
318 317 811
319 318 290
320 196 870
321 320 422
322 321 439
323 322 328
324 323 339
325 168 617
326 218 578
327 326 888
328 327 658
329 328 735
330 329 437
331 330 724
332 331 725
333 332 30
334 333 614
335 334 736
336 6 578
337 336 838
338 124 601
339 338 363
340 339 975
341 340 119
342 341 923
343 342 145
344 22 975
345 344 355
346 345 357
347 211 457
348 23 898
349 348 16
350 136 912
351 350 881
352 351 91
353 184 973
354 353 295
355 343 205
356 13 626
357 330 733
358 185 370
359 68 169
360 322 737
361 360 518
362 72 502
363 138 820
364 321 565
365 364 874
366 136 429
367 366 299
368 61 827
369 123 605
370 369 130
371 370 850
372 233 62
373 19 297
374 91 350
375 374 907
376 325 70
377 376 621
378 138 322
379 283 804
380 379 303
381 171 53
382 381 900
383 382 520
384 383 771
385 384 187
386 385 542
387 214 374
388 387 48
389 388 208
390 389 535
391 390 998
392 391 80
393 392 598
394 393 763
395 394 451
396 88 890
397 146 453
398 397 358
399 398 308
400 399 444
401 151 731
402 401 623
403 94 101
404 403 620
405 404 644
406 405 1
407 406 856
408 405 349
409 408 932
410 409 45
411 410 871
412 236 840
413 412 6
414 413 739
415 414 106
416 331 375
417 416 840
418 417 416
419 418 939
420 419 763
421 420 618
422 421 272
423 422 965
424 423 17
425 424 621
426 404 841
427 426 661
428 427 688
429 374 45
430 429 696
431 430 515
432 431 384
433 432 249
434 433 100
435 434 813
436 435 639
437 436 818
438 437 49
439 438 866
440 439 469
441 440 460
442 441 628
443 442 97
444 443 801
445 444 660
446 198 516
447 446 807
448 447 268
449 448 655
450 429 706
451 450 825
452 451 41
453 118 896
454 341 143
455 454 464
456 455 830
457 456 673
458 457 869
459 458 790
460 459 72
461 460 414
462 461 986
463 133 995
464 463 155
465 464 456
466 465 152
467 426 834
468 467 526
469 468 678
470 469 228
471 470 388
472 471 854
473 472 100
474 473 443
475 474 850
476 475 939
477 246 565
478 274 789
479 478 285
480 479 120
481 358 413
482 19 903
483 482 774
484 483 305
485 457 280
486 485 294
487 483 2
488 487 677
489 341 881
490 489 822
491 490 490
492 491 469
493 492 981
494 493 256
495 494 142
496 495 640
497 390 615
498 209 938
499 498 145
500 499 535
501 500 956
502 501 275
503 502 915
504 78 664
505 3 756
506 505 455
507 134 744
508 54 206
509 508 187
510 509 759
511 510 732
512 511 375
513 92 334
514 513 610
515 514 32
516 515 27
517 516 264
518 517 593
519 518 348
520 519 751
521 397 19
522 521 522
523 43 502
524 523 566
525 524 538
526 525 26
527 526 592
528 527 550
529 528 8
530 115 394
531 160 393
532 531 864
533 532 357
534 533 384
535 534 491
536 535 667
537 536 356
538 537 348
539 538 663
540 539 835
541 540 660
542 541 34
543 542 778
544 543 943
545 544 308
546 545 820
547 546 620
548 547 124
549 548 377
550 549 686
551 546 565
552 551 143
553 552 195
554 553 456
555 554 745
556 555 513
557 556 479
558 217 513
559 558 233
560 559 447
561 560 17
562 561 21
563 562 179
564 462 775
565 564 519
566 565 480
567 566 115
568 567 443
569 568 865
570 569 450
571 570 433
572 571 593
573 572 677
574 573 404
575 574 603
576 575 239
577 576 735
578 577 839
579 578 822
580 540 176
581 83 588
582 581 630
583 582 293
584 583 230
585 584 211
586 585 290
587 586 720
588 265 991
589 588 985
590 330 965
591 575 233
592 591 525
593 109 809
594 593 772
595 594 688
596 595 792
597 596 226
598 597 198
599 598 580
600 407 827
601 600 661
602 601 34
603 602 376
604 603 944
605 69 248
606 605 819
607 606 851
608 607 83
609 608 345
610 609 21
611 610 576
612 611 250
613 249 833
614 275 635
615 614 997
616 615 571
617 149 455
618 617 44
619 618 144
620 619 499
621 620 478
622 621 646
623 622 484
624 623 475
625 624 576
626 625 694
627 626 809
628 627 687
629 628 362
630 629 370
631 309 11
632 631 813
633 572 790
634 633 411
635 634 634
636 97 416
637 636 369
638 637 544
639 638 954
640 380 27
641 640 840
642 641 437
643 642 193
644 643 327
645 162 939
646 645 972
647 277 922
648 259 753
649 648 915
650 649 695
651 650 138
652 651 473
653 652 681
654 203 151
655 61 438
656 655 160
657 656 238
658 657 376
659 658 90
660 659 982
661 660 7
662 467 777
663 662 139
664 663 104
665 664 873
666 665 99
667 666 344
668 228 565
669 668 810
670 669 755
671 670 209
672 671 130
673 672 453
674 673 221
675 674 569
676 675 824
677 395 974
678 677 806
679 678 662
680 679 610
681 337 837
682 681 794
683 542 858
684 683 303
685 684 936
686 685 430
687 686 182
688 378 168
689 688 447
690 689 555
691 690 858
692 691 549
693 692 152
694 693 286
695 694 332
696 695 71
697 696 836
698 697 41
699 487 940
700 699 796
701 700 324
702 701 437
703 702 364
704 703 767
705 426 820
706 705 533
707 706 771
708 16 404
709 665 953
710 709 47
711 710 843
712 711 959
713 712 114
714 639 670
715 554 978
716 715 724
717 716 15
718 680 392
719 718 600
720 719 391
721 702 942
722 204 403
723 620 541
724 723 265
725 724 11
726 725 683
727 726 974
728 727 7
729 728 704
730 277 270
731 730 933
732 731 624
733 406 631
734 733 245
735 734 697
736 735 429
737 736 798
738 737 180
739 738 301
740 739 774
741 740 215
742 741 409
743 742 624
744 743 503
745 744 77
746 745 471
747 746 385
748 687 993
749 443 967
750 749 554
751 750 243
752 751 951
753 752 440
754 753 599
755 754 232
756 755 342
757 756 353
758 757 674
759 758 230
760 759 1
761 577 963
762 761 124
763 701 140
764 763 205
765 764 918
766 265 557
767 766 641
768 767 440
769 768 574
770 769 282
771 770 364
772 771 22
773 772 777
774 773 670
775 762 129
776 513 147
777 776 260
778 269 938
779 635 87
780 779 14
781 780 516
782 744 264
783 782 366
784 783 373
785 784 474
786 785 877
787 786 23
788 787 568
789 788 701
790 789 575
791 790 488
792 791 685
793 792 244
794 576 340
795 794 257
796 795 444
797 25 315
798 797 980
799 798 237
800 799 524
801 800 519
802 801 304
803 802 779
804 803 218
805 804 477
806 805 127
807 304 409
808 745 466
809 808 865
810 809 883
811 543 554
812 811 537
813 812 310
814 63 851
815 361 409
816 815 560
817 816 181
818 36 488
819 818 497
820 819 173
821 820 265
822 477 921
823 442 549
824 823 590
825 824 67
826 41 626
827 826 507
828 827 420
829 828 222
830 829 728
831 830 536
832 831 119
833 832 326
834 833 668
835 834 435
836 835 731
837 836 256
838 837 663
839 838 592
840 365 143
841 519 507
842 841 825
843 416 821
844 843 262
845 844 771
846 845 34
847 846 628
848 359 925
849 848 472
850 849 661
851 850 532
852 851 348
853 852 531
854 692 55
855 702 34
856 855 487
857 856 987
858 857 462
859 858 394
860 329 592
861 860 570
862 861 287
863 862 138
864 538 309
865 864 763
866 865 682
867 552 523
868 867 320
869 868 384
870 869 195
871 870 722
872 871 529
873 135 214
874 873 405
875 874 757
876 875 933
877 876 792
878 751 714
879 878 414
880 879 183
881 880 658
882 288 295
883 718 734
884 883 798
885 884 338
886 885 283
887 886 498
888 887 904
889 888 381
890 889 85
891 890 330
892 891 801
893 175 453
894 893 109
895 749 358
896 895 835
897 56 126
898 897 883
899 898 248
900 585 86
901 567 135
902 579 474
903 220 433
904 903 20
905 188 704
906 905 556
907 906 188
908 907 297
909 908 41
910 909 555
911 386 730
912 911 913
913 912 657
914 361 342
915 914 626
916 251 410
917 916 732
918 578 742
919 623 572
920 919 294
921 920 835
922 921 810
923 922 545
924 923 732
925 924 114
926 806 184
927 926 266
928 927 123
929 928 555
930 929 329
931 496 489
932 872 113
933 932 962
934 342 91
935 652 230
936 630 881
937 468 245
938 937 662
939 938 50
940 86 469
941 67 153
942 941 926
943 942 195
944 943 655
945 944 68
946 945 297
947 946 484
948 947 624
949 948 684
950 949 292
951 950 909
952 951 542
953 952 440
954 953 411
955 954 31
956 436 817
957 956 645
958 957 559
959 958 411
960 959 96
961 960 973
962 961 912
963 962 689
964 963 353
965 964 504
966 965 415
967 966 408
968 402 701
969 968 976
970 969 746
971 970 41
972 971 315
973 972 360
974 720 311
975 974 635
976 975 444
977 976 151
978 977 711
979 978 242
980 947 815
981 980 365
982 981 197
983 982 877
984 983 968
985 962 316
986 985 222
987 78 716
988 12 16
989 988 679
990 939 165
991 990 649
992 200 821
993 992 706
994 615 518
995 994 190
996 995 400
997 63 404
998 997 200
999 998 393
1000 999 865
999
1698344 4558  907
34959310 8915  909
27107068 2469  604
36871867 406  758
52799881 9404  466
74509212 1192  384
566728 9082  86
48231551 5184  395
8964191 2492  25
57054534 3044  430
63880439 6486  293
24381597 6660  500
26533854 3020  482
56874553 5237  931
18366943 5116  195
63450194 4399  9
77663585 767  600
20374882 4824  304
58871742 1520  685
92367390 8146  268
62775525 2332  178
69082805 9731  659
57928498 7771  28
48585287 1604  348
56066444 7662  733
11219112 1101  188
63201984 8938  968
13909 7759  741
86570525 7732  928
34329782 2786  152
50224208 45  434
36869014 832  452
99397249 4912  200
16559583 6274  495
88182702 3738  383
97371546 3994  734
41758022 3737  691
3985701 3009  144
55936520 2393  178
32678581 7106  463
3807774 3403  487
47752975 5478  250
34059380 2199  888
80456322 9842  693
77721950 9540  779
2564135 5886  26
10426474 2758  28
40181340 7352  149
51411585 3511  202
74513022 6745  402
40439108 5497  435
20320997 998  250
72970660 219  325
40567588 3689  983
78931907 3083  719
61016705 3889  915
70580490 107  735
96203187 4312  520
46193803 3943  454
91831258 2372  380
11757208 9862  265
12005571 4689  979
11896740 4622  178
28236124 9997  322
12466521 6990  367
2231413 9972  978
82306041 4631  257
23863993 6173  954
91531769 9579  375
23465707 2052  304
21198042 680  940
56599652 8186  745
708683 3959  319
16888012 4363  526
58095996 9392  106
54407191 9102  50
47143876 433  757
22824386 5074  834
56536950 1103  196
97446479 791  885
65831680 7164  190
86129661 7564  501
37874500 8538  368
85856460 7048  716
58196538 5727  2
75801520 7946  259
13218758 7978  272
89089812 388  143
63891159 7941  812
74900882 6550  956
64522688 6236  315
82434799 4104  327
94310106 5197  733
21027676 858  207
82220122 3520  57
38174955 4848  429
15348078 3785  392
96172367 8808  60
93694110 7836  849
4394712 1662  42
54127714 1952  285
25307821 786  344
26678271 5768  780
69713738 4040  518
76656294 1902  721
39881021 353  291
43816398 2546  769
57921564 7433  291
10415313 2385  458
28590281 6177  930
36925381 8297  73
8671977 9549  641
42846109 381  725
54255266 9729  359
25031295 8932  931
71655571 3848  227
38772327 7463  337
30554136 1317  439
38301436 2394  32
3614655 9422  374
55009457 2491  635
64886277 8533  817
15618335 9481  605
4406357 9593  111
25706658 9607  891
67032897 2910  523
83574066 4946  718
34780930 3673  787
50760322 1248  340
39598381 3342  31
43385694 5162  415
95121847 7949  31
18341441 5690  846
33692459 6266  224
65882421 7656  507
37532713 4813  72
40396272 8562  133
81393186 5050  975
83319339 9787  527
65701201 1410  353
74908228 5926  89
93909501 1625  651
68738838 4307  613
10298604 3737  154
67194904 6282  221
62192938 4872  682
43973812 2949  796
76127483 582  293
98392041 9507  227
28838685 9034  771
89870628 2618  741
12190274 5853  306
73706586 2317  701
25555148 4503  542
12670569 47  214
27116746 3401  563
60635312 1735  491
92512563 7868  320
1516524 8741  481
23036769 3064  70
19501653 2499  426
63063504 7159  186
63147000 175  467
10250775 5163  719
9986903 8584  416
41010982 6365  480
47977534 809  871
62357440 2536  861
95077864 2562  43
90653243 6341  500
31980114 189  27
15593335 2953  603
89980125 7872  458
55942428 3100  155
53429802 9102  248
75851032 4476  135
34411057 8931  321
35231319 9906  53
21071779 3343  644
8146627 8387  532
31083906 9523  263
52519037 8970  384
19278846 8715  153
11786589 5235  514
65284497 3275  968
805288 2412  747
79367261 6877  21
30664208 2296  859
16831684 4682  861
29394417 4580  820
32169032 6759  242
18456008 3133  525
37999525 8898  482
55201782 3457  293
274989 7453  854
27197879 9094  852
91503203 9307  829
23992924 1785  73
66468825 7049  330
30826960 3833  768
49413966 1583  892
32420681 4002  762
81864706 1879  685
8557901 4174  689
41810269 3965  366
88867816 8377  836
8047040 3592  288
41802795 9236  264
29365673 6040  830
30415335 1054  945
45840397 4498  90
66122155 4750  152
94185457 1656  749
46899450 6419  116
14700362 5148  547
57551825 3248  462
59448854 470  342
71356248 3858  464
76349115 4579  378
58161382 5428  599
70111391 3378  450
93911611 8182  57
61122311 6266  842
78570488 2425  360
33310516 4510  260
72858209 1166  808
12728507 6916  431
38975831 7984  166
41286181 866  445
96189583 3168  890
25392327 3610  107
97791256 7968  246
80393954 4248  879
82051339 5922  327
62123006 6698  733
29991315 4354  852
53530754 2911  619
29780512 7313  677
60301207 2211  863
81580263 1027  790
47591743 1674  285
73033629 7996  292
44649392 3820  406
6379379 4455  783
34405110 3505  925
72716628 6423  922
74905800 1852  211
72681308 5570  495
49116330 8685  974
33491100 4843  118
1045827 3986  646
68448268 383  903
17050111 1997  769
91602641 9410  615
10723304 6349  296
18959280 8347  288
21862081 694  929
30990545 8142  268
21579108 4962  758
96710071 1209  699
21873245 7469  630
86879615 3857  947
97060550 1435  771
49889367 6030  225
75505253 9117  140
51853890 2756  749
17370115 3716  236
7078922 2707  330
85029902 581  307
52760964 3218  14
53630322 8638  52
5431563 9960  735
120243 7128  847
72680246 6828  216
33304910 8463  208
53585627 9454  691
56432978 5566  216
1336393 5221  223
40618553 5246  482
12356033 6939  363
16377867 2144  937
67929396 1558  340
92872630 9705  1000
78412099 6312  428
33561766 878  562
91315315 3401  468
40271788 8672  500
44572336 2835  924
4452621 9626  136
33796356 5135  840
58494695 7801  275
40896920 8079  477
85172684 1244  210
9614314 28  85
11833240 3100  313
89487696 8225  111
32897174 6702  236
43442348 6104  523
50432211 8295  545
51475312 1284  365
59341504 7375  358
68776917 3182  832
63163150 1898  695
86684759 8980  53
56225990 2883  163
2127475 2767  940
11918503 3946  232
16648100 2708  915
7010243 31  572
88593819 7102  796
84416604 3439  575
99771325 266  708
54117371 5759  77
71019745 8307  146
49259218 8856  856
94343754 4447  877
37283668 1426  397
98686434 8122  954
98438417 3332  830
97279672 9842  644
23734998 6378  513
22524348 7235  116
44579589 3720  903
1469113 5956  131
93885745 9919  552
67348626 9490  598
89473788 2318  604
55708864 7467  370
13766197 4619  477
95383563 2974  617
32215341 1330  604
64107655 370  20
62743129 6526  986
78101458 7748  466
58497581 3845  801
62042763 6501  775
27071030 8409  161
70903829 6500  56
96230777 9181  687
41394061 7112  599
43376139 6452  355
58371080 3520  890
20666865 2721  482
90042641 287  522
18364218 1739  716
97157986 2034  96
30846297 2399  206
85646817 5828  18
82937031 7626  363
82399965 533  816
18199257 1175  999
81998473 2246  48
6831326 359  476
1470392 7961  857
90308988 8111  961
18890202 9687  166
26211660 5751  248
99990326 5778  864
60341939 4432  335
50886505 8556  514
21359874 613  713
9226014 3079  240
39221969 69  766
30372367 9998  424
18235799 8304  105
91702331 8597  132
14860686 3505  336
4735336 7229  622
81831877 3244  434
51814363 5883  157
12676998 3336  428
63021654 7450  135
86013674 6142  693
92728659 5245  576
754617 387  779
80238206 6266  139
1838470 4242  877
69016439 7988  335
87612683 8462  771
58644936 5208  164
61999297 4471  395
95641892 8603  870
21999555 1227  974
66824162 225  41
17619940 6640  66
11752120 9633  293
64238094 6367  185
44318395 7576  140
18429661 6467  490
10494358 7644  947
70459259 9506  783
87950602 9810  61
64423870 6011  848
71118501 6194  534
42456447 1825  862
77487558 5993  159
85806140 1479  994
9885392 927  166
75657713 7197  310
25108909 459  137
5379634 9627  85
54485894 4372  402
76997773 2684  720
27390912 8442  28
65871134 8652  120
63065145 148  751
86595955 9205  747
51666115 2124  265
86827681 9943  937
40958177 5880  190
80166310 6998  598
82774464 3754  954
55417089 4248  229
33387128 7466  148
21688207 8048  291
30481283 2131  173
35641000 2805  290
57763709 1180  130
24292986 4823  200
44508189 8936  327
22579109 9731  279
12412019 5728  509
50152726 6532  54
69234787 8671  597
19849256 7613  24
8802145 2031  405
18388472 7429  764
90784110 2098  123
88487944 1859  749
43585618 9812  320
68468246 3946  563
49106202 5488  583
45763646 3446  818
4075988 1648  271
89337422 3688  241
95892618 281  901
29656937 7119  878
3891836 8870  365
3186911 807  193
1296288 7124  179
39859274 2055  742
9397342 2782  621
58485996 5318  815
38035336 7034  220
2085959 9182  601
1272471 2452  643
86997502 7076  326
14839852 6442  175
24871147 7574  724
80557253 4104  479
17836160 7111  204
49359551 4022  646
27521122 3271  806
34989196 7966  792
19185731 39  83
7636276 9122  817
22607104 2156  507
34683921 366  357
37989627 8657  664
97512902 3066  75
12526009 5314  170
93141632 1459  931
10570430 7430  229
34426224 6138  35
35305896 590  273
57760647 6574  340
91694729 9788  17
14354036 8630  610
8417674 149  334
60381915 8401  252
38832829 5322  341
36858838 3234  873
43188033 963  78
81278896 166  244
83179676 606  422
67540192 3449  618
9177940 2439  624
15531075 6872  802
29874639 3689  384
51042462 7864  644
38592364 6708  537
84559698 5511  757
2826465 4095  647
46819681 5730  417
85196759 4752  607
65584545 9591  819
34176195 2730  438
31714110 2123  2
49686790 3798  192
50345077 1856  884
30278728 933  842
35521166 943  328
80888593 6838  298
43230234 1004  502
3252904 6675  686
7011694 8123  42
95699248 6945  795
40795742 4366  90
58021375 1032  735
91780670 97  252
22538049 7232  145
40821270 3159  723
18464205 8973  999
28934436 7958  988
89632327 828  736
304022 7937  916
77967990 991  652
30194568 517  677
41977831 1653  681
8090683 4039  609
46408386 558  840
80991896 7452  901
66973931 9870  839
10888676 6905  251
74077276 8464  320
66886851 6012  745
58208961 957  571
33411186 3066  774
14920276 3725  399
54398272 2475  670
62317563 6509  751
68028749 7971  364
61161887 626  723
27027078 4947  872
53627855 478  644
20382688 6480  82
63728276 1712  173
50885332 9730  862
11913110 1041  558
36451610 4768  503
30250607 2877  419
26450600 4810  89
29355598 9743  373
42833901 4600  619
56644560 1760  392
32802378 2385  330
61381403 8321  324
73614289 8382  124
3458875 5607  392
42852929 2048  107
55108544 1879  396
47635264 1104  928
22091159 5955  406
83412698 3622  315
63297832 7412  688
37549113 8028  256
15740081 8440  200
23700902 9716  357
98564322 3262  536
78311359 8087  17
65486776 8368  839
78022394 8497  639
58615966 1681  744
89414490 9497  180
38497985 8567  482
62394223 1717  781
80035763 8458  536
35632275 2078  477
72125251 7854  122
65666146 4848  806
79382170 8894  140
17533305 1045  654
34784921 2538  982
1045619 1138  699
75447666 818  620
74804001 6130  706
52078981 980  918
71625224 4018  189
25060989 1251  459
71169055 9581  260
35922090 2584  346
38097097 970  686
40080287 2574  457
87318033 4963  336
53142799 8841  874
26301988 2967  437
17798884 5158  667
58273299 7746  647
48984736 297  133
47260105 7915  533
68800248 6628  448
77047369 8127  741
84446382 2068  797
15483692 2349  196
78651311 1456  308
53003610 3442  892
28127597 7476  823
90131720 6005  766
20033405 3131  543
36637426 4822  609
66881907 2491  790
87925976 947  778
82977533 7206  717
46151229 4956  468
34946878 2703  991
13909342 2984  42
65668204 7242  829
81773681 9335  882
93007276 9271  443
53002015 4825  853
62893101 3584  692
99978818 7471  404
9707395 3698  986
32781538 145  182
77741381 6904  25
22146670 8112  456
25022952 126  725
14708023 189  116
57468126 6357  705
24840753 266  309
5446378 5779  689
51737068 4384  777
47214278 5133  18
69363151 6465  729
49576951 9415  329
95373975 5935  798
94281966 4588  466
7992079 3980  637
85393251 9193  107
48054033 2500  652
70429166 3823  112
13238717 2680  933
28126950 6345  304
64800247 4557  498
44424830 923  455
68786725 3413  946
83298845 7884  998
74014505 8716  572
46660092 5862  664
98385309 4789  986
57040134 219  903
21517389 2375  712
67630571 9418  279
30101242 8306  229
74760838 9843  377
59455308 8039  473
33409392 8039  715
57790743 3111  744
86467813 3428  334
90435281 58  422
72507606 3184  688
4660051 9988  708
6229326 6820  659
40773583 5731  650
96409353 7323  439
58311953 9213  101
6965585 411  532
4365050 4936  963
45577244 8756  298
45299257 6425  94
28684643 3671  269
37153867 9601  325
43726021 3896  347
86967476 2677  905
46716507 4039  32
59053438 5037  351
96111581 7820  996
95066610 1568  969
95679734 5362  803
53413781 3054  443
75695331 6982  950
69680997 4143  323
53478994 6592  40
84704852 4922  240
69044600 2848  364
42255877 9096  766
91723123 2797  990
87587525 1227  689
61608931 5498  279
10450636 8681  360
44195267 539  469
32175541 8222  437
42523020 7943  418
2092602 1121  371
35517836 7806  364
81156915 2149  599
42035587 7277  477
83736016 8963  466
13164670 6752  276
71015957 9558  917
4395512 4280  5
14153878 4072  935
13377070 797  20
42762100 4764  323
62892226 2742  576
94951320 2652  798
76684947 6422  758
91595565 9796  224
12279771 1897  395
97664866 8350  888
72168329 3296  494
61047137 3423  270
73289696 7450  174
30270346 738  611
60000080 8324  784
13308916 1860  772
38695315 3379  28
32725797 1313  919
84314891 2511  585
23501839 749  189
53948507 3330  637
11988558 6437  169
73166915 4129  98
34347936 327  768
5134529 5579  142
58223268 3471  474
14383460 5136  667
24045271 6597  600
72986866 1844  150
22364875 9876  655
61679421 8436  19
8223912 9947  363
84515138 6200  673
53057256 345  896
5311107 6059  67
92162382 7333  590
88012709 1703  599
37561639 6109  123
82564685 3524  850
25223877 7248  853
98993206 8163  348
38724663 8910  760
54763414 8838  280
69000013 4670  981
70325939 1411  280
51551947 5280  276
64712128 9065  182
41285099 4212  652
53804796 6801  822
82296089 5675  73
39402253 6297  346
83954409 1357  565
91276441 1053  822
4928604 9819  690
32616998 3288  646
49353299 2023  671
66140467 3802  21
51188051 4896  601
74559639 8730  64
36160379 8323  509
41237016 1390  458
40233410 9950  740
9193295 4521  273
18355316 1847  342
10343610 1317  912
37332462 5901  705
86021922 1297  823
96878232 173  428
15764783 3069  809
51991587 2712  224
18357320 1603  917
33299204 3923  431
4334000 3385  968
38534704 8464  407
17449438 4805  72
86179609 571  896
13512476 2815  452
41778920 8344  861
92742242 6926  635
86763259 6779  937
85965940 1868  362
60991649 5544  546
80705849 7691  570
1625364 572  234
38877534 2717  937
21198518 5724  715
44957995 6159  424
71512463 8077  867
63226533 262  989
48362759 3380  217
37117924 2221  347
21144031 8463  303
35614389 941  591
14136693 2531  145
75404146 7774  388
14274616 2632  556
43142945 958  394
5611880 7747  219
47739339 6336  170
58000659 6275  15
58684191 9943  957
85997900 7662  901
27369799 8802  558
52360620 60  980
13107720 1691  430
59139854 3108  527
2192416 1995  903
10962309 2262  696
7703259 7632  531
46157217 7866  254
5973751 9139  61
9957091 7943  897
64884410 9843  200
2015613 6167  900
95091792 4886  248
45918286 9433  194
51276393 8785  374
76998685 2182  477
43198739 7238  32
79549971 5017  35
49740244 9966  928
54043262 9545  385
12467979 2888  84
19525316 9033  373
55609223 865  495
57593253 1027  118
43220840 9891  222
24606388 816  695
33546038 979  429
85702167 9307  933
45707583 7671  51
86987646 7559  477
39771957 1909  955
76806496 6158  370
84861959 9682  845
3318141 2187  870
94556415 6137  902
47054223 8059  7
9071132 9514  683
52255314 9936  420
25766577 4406  339
99165367 2726  768
55759166 6648  286
29094755 5146  478
57120398 4758  825
23007598 1720  686
6280721 2361  924
96833113 8228  167
46372474 3306  925
77933135 7035  126
2268060 3790  494
15368608 3963  183
42043521 6099  237
83154554 9553  513
43005132 5179  124
8655081 9282  983
42598992 5240  185
26172688 604  84
53566704 3641  62
62215081 8238  990
69138617 5  579
37395642 2053  279
72156477 6134  122
58704792 9721  345
19014705 8424  196
24756001 760  680
34107978 8737  395
75161653 4129  764
59776596 1731  432
38162805 8468  839
53957267 8225  742
55951423 3720  868
25007197 8095  774
72300265 6269  58
30272759 270  341
4258876 6771  488
97445040 4358  148
57072435 219  697
1138748 2900  534
23773428 7998  745
52432210 5798  879
92784142 2779  768
55240328 373  291
10078196 7860  687
67225709 9011  797
66283450 3083  186
39106280 966  266
29095182 345  933
69782991 8148  893
7135352 80  938
41899723 7135  892
3208917 6178  314
47971690 7538  331
14822673 4882  946
8555653 4381  80
10966564 1226  976
19511764 9886  839
14523214 6540  694
2916815 4177  975
15124886 3421  519
30592198 6186  668
5172351 9551  144
63155011 8113  103
57150476 2110  601
73260703 9197  252
73749495 6430  844
54543331 6356  690
53710381 9443  445
99836640 1730  249
48107916 5969  611
50902929 6392  783
33095647 4437  630
87322288 7543  851
27188505 148  146
24429718 6013  86
79388881 5059  804
15488855 1008  543
44547582 2583  634
21908510 9289  126
10712819 6062  736
78505925 3668  347
77210781 2926  632
49175991 4901  112
13001466 7421  185
57630986 6796  949
4066524 2097  653
20876760 7901  283
44700127 8521  852
1118685 1353  972
72639400 1467  333
82046294 7730  489
59681375 9295  549
39325208 9917  539
31418734 2940  209
26212334 40  630
28003450 8882  417
54188344 783  19
74944417 2089  966
16777921 314  438
11306486 3305  695
99099103 1978  448
29349945 5033  326
94922961 2852  734
94170587 411  248
79309140 1772  233
23637553 568  365
21685126 7910  71
28152310 7624  788
40082176 9801  762
96082950 6102  155
23046958 1893  320
67713369 2978  766
68290800 344  316
28823101 2422  655
84562550 1467  883
67668183 4126  237
75007576 6275  866
6675676 5234  320
64396788 6581  613
71560075 5542  740
13225740 2344  763
83846893 3507  995
25498015 1186  953
55933776 2871  240
7668487 6108  460
68448768 2780  210
69498964 9400  404
3642952 2405  822
88109287 8821  261
84203688 3822  17
42103633 8497  336
21566295 8500  109
61792620 2654  826
44565243 771  1
30694074 8584  683
87063719 6207  302
46226686 2534  481
87800853 5718  935
16902681 6094  150
50754852 2020  249
4982310 8447  273
61908883 3254  389
63691480 585  417
3771391 7700  538
54158610 6848  455
38603546 1097  477
41531847 8594  372
6397229 7253  349
8879892 4661  752
61249744 6709  611
57570971 9557  78
66248167 4209  584
42044962 2252  828
48418783 6919  658
50386283 5459  791
40519465 4390  312
20558677 584  768
73307383 8062  971
35046451 7184  464
3736374 9222  440
32393836 8208  457
72925899 1390  956
18596435 3671  664
44572433 9895  679
17590088 5215  165
764305 6607  541
71307790 8132  278
81178627 8274  920
16406895 6579  44
62071429 2558  370
95574798 535  276
73404697 6790  731
89696651 1136  481
72743268 9321  630
27960797 9878  32
33190565 5828  617
35632362 2669  356
46459891 5942  300
50378091 1753  915
