2000
1678 70 197608832 607643854 163029070 955231280
1821 303 198400416 198330427 817277663 160641705
849 1360 86020877 919780565 658722893 562106171
440 939 486781782 893549811 895363579 418386485
432 605 393967852 560002841 412361406 774905932
1137 798 886546593 658172871 918200300 458799448
1873 872 816977593 249855590 961517632 531263084
1882 1668 317830873 426364392 733274591 566366292
1883 689 392493584 171557189 866060344 297072916
329 1248 647766076 367636955 732575540 351784929
298 1681 840341031 947600433 648820057 682167031
545 488 991457302 688397774 926907941 605783679
1126 298 324311844 543016660 533098414 362416824
1026 1027 14776955 677664091 677886658 221823883
258 1265 512737566 647817451 694102130 559157350
1519 711 139208183 318861342 855591179 943420355
1847 769 248288483 137692775 396065663 660984292
1832 699 224603837 807610710 671446803 586860491
1705 1412 326438086 786159502 868386893 930731061
1457 460 517410623 184968166 278170509 130847700
1099 1583 536090855 255813340 868380106 687197165
1509 1867 565920308 502981892 190034515 347319427
341 673 857322704 985547868 323013420 719375367
1179 1498 141000528 434795647 8031955 504437157
697 1572 706069511 921168346 207795523 317249584
1590 242 414424046 503095129 357313430 462209391
513 1136 558089499 964552269 529726829 946425570
983 100 961272357 669084222 714089681 88986105
653 512 563049237 457745342 333536167 906809546
1366 1049 161105813 39737131 545069959 472371729
1509 1763 295700059 3323506 643081478 770322418
1478 1004 836630904 212819688 697118710 209528674
1959 1332 912460456 833360443 342548051 839350635
1669 1190 861310071 680952163 72932846 509311931
1531 1735 638900631 285913926 873653360 170158671
1871 862 554517524 530599583 605594070 660718295
858 484 360179612 84843922 547581375 693886868
760 715 573548132 508349052 820325913 602119820
813 268 269261575 852897115 318310275 589148981
1757 322 652866345 13264712 220609539 928890068
428 585 693223267 189013332 112780565 377720778
613 1723 713283046 818411492 110526520 466038563
331 179 258443749 115104529 371822714 558540571
1532 1468 636264198 197296160 199711298 896976494
737 1800 289995685 922985681 985215980 922028971
502 1107 415088979 34376121 394590292 78532836
1721 1797 694980441 887448666 128632011 151236152
1141 1761 880620673 494824744 52293298 175558909
698 427 938089565 97044598 495516659 331173215
1353 1681 807867276 62848415 709885667 964964765
1330 1762 841108561 989340878 569457431 400105380
138 1462 257838241 973706824 62399814 255197537
804 666 298354464 734132138 63680455 236073084
543 1983 414161026 991862443 596016086 118875696
341 618 129568158 410115196 870973712 774158479
1343 65 736670595 244161422 96832092 940897815
71 303 598904440 9957787 813635330 698424534
1962 1139 412351062 619216945 167548044 753156979
1579 68 68665724 626963186 599690577 567953012
1562 1664 131299767 943544921 379419425 375638824
409 1319 237909877 73263956 43225279 956083769
1073 1518 881496731 206637542 406686000 178285908
1489 258 219412616 380419928 170568527 865648733
1655 739 535797057 608043737 761913560 432880055
1390 875 806063142 617023314 906232099 146311030
610 1926 864757836 364230646 352120699 717766984
1191 1280 10140809 934804114 130114981 817191276
267 899 609587410 604287351 569909121 811617225
1358 1051 76561240 112791259 296909111 224489740
1124 487 53566476 728561166 486901581 973754668
1844 450 289116152 851574892 763743632 774832195
1858 442 411247822 332057926 470689069 71751987
53 407 789464449 208311082 791045806 811648702
1038 894 471874206 849722982 347241991 589411687
194 458 708609729 148355203 447131024 300223766
1812 1448 387557996 311038949 814987370 452584928
173 938 872463788 373839096 904611012 953190475
670 1924 303687205 701956646 370083887 824528339
374 608 670919982 339203505 452757229 338146680
1332 942 971869678 844914997 139561663 396969724
1069 705 646924344 501242397 745302615 695009057
504 369 15486764 111629251 627386505 267866703
148 721 614055334 884915062 531267303 117135148
1238 463 120821787 750503367 583569132 372651840
330 1054 722134649 144616099 712552167 986508501
750 389 471577254 13019958 13535711 473454970
136 1542 122210883 73841869 509002280 177721520
875 999 334034848 381297916 873055289 591725647
529 750 366715145 552834185 863136890 372762428
1024 1261 625246855 231649616 145676566 47745537
51 1306 137305682 485948749 957999757 536244072
1649 1264 602083425 406647189 209558613 293858986
1304 468 511501195 213112751 423694761 808215539
1800 1372 743288799 135358226 935662230 689656057
515 365 508363301 690857727 877688135 900189814
1939 260 95664305 717088584 49804205 936853183
1006 1455 352192628 20122066 508150767 923020441
26 1349 411416431 941947714 350211699 236336598
1186 1264 831751879 270361868 213057846 133054767
1156 1371 396444168 943100049 486011328 281673688
1161 460 92113622 484320977 14645855 258502263
1802 1839 589668893 839717371 748005172 585047431
1927 795 231918794 746272381 483349090 611507082
104 643 351119263 196872526 373455746 468719079
808 346 536676078 580578751 727849722 570566421
1795 108 116041850 260312191 374234694 784228858
306 273 717036446 122612557 755125449 180429328
1512 940 423712245 626220732 690440698 977660193
980 337 151351336 390398751 418977010 294180130
707 905 104410223 336681067 580386421 212686160
1954 470 15599098 620289846 841071955 503909640
1710 1452 488861627 676712039 916112916 831942753
786 695 460471791 545283046 152534594 815413438
1826 512 508104914 436502657 113261257 380233521
1089 689 892641777 871267058 214993694 817438943
483 1596 588241644 314359382 906427498 352230139
1800 523 22438477 443973542 209626259 995713140
527 1328 111892489 495588718 652010481 264251831
1763 343 259362941 84640868 272616084 27537993
641 200 321129996 701454953 592086243 222032892
381 1667 700367526 643077954 747636208 250246834
70 1344 397365194 394208809 442753173 609237349
969 362 752019353 289904905 58454108 805969367
1427 500 799894322 87012451 731270678 357233232
400 1924 678188170 273127302 926095807 542776018
531 1215 42493566 354301334 242379098 374508646
558 1162 349655880 933033583 332435200 892637982
999 1817 10346379 602221692 663496553 107167765
1706 715 514641873 504419221 222976613 647577952
1894 363 558962679 922017907 207286073 348195995
1487 539 287157354 919509748 852218383 759529148
1158 1601 673988231 521202403 368047064 164491003
757 1397 604049251 302931530 281899132 408445962
877 953 506587018 456701285 236282436 710552465
1619 1524 247708051 114752380 292960821 962015757
1774 1461 198709325 97558125 380559958 143853444
205 649 876037269 860141352 778467803 399024961
1395 1468 870033470 515641780 420886006 71849993
750 467 638165690 476806192 511317451 593635776
1669 1756 160280116 198298231 966964206 652160228
1164 1102 324575012 8823379 212437813 681604012
995 1808 685196613 20651039 292453018 34161987
521 410 366817744 301033945 333680606 222346978
793 1942 813727442 871700318 660948421 774409422
443 1703 124356218 916123912 250758453 488308263
1089 996 855130726 861214783 862790651 19134855
768 1852 151366362 967524487 51528635 635181954
1248 1482 508859197 120471735 544812825 692120513
574 752 187485573 542278404 461424450 63868077
197 1820 490914466 351809526 222962270 258622611
845 683 429751184 758524028 219965994 275517615
1315 1317 99127992 949851310 877022223 70499455
732 1173 158797452 722658318 910054970 294036625
121 52 409135982 528832887 987731509 955535257
141 1665 16586936 918306475 616409292 823510738
388 1994 207343499 243353374 998199009 2579134
1159 629 301489634 75242921 663321328 58113282
988 1295 930347884 747004035 711776690 206373726
1321 1798 223705965 466558245 408348016 847522170
110 637 851005765 305791063 325785252 823717532
495 1734 60970960 157935147 129009288 380841102
1575 70 457997151 230039633 151717218 946074083
1161 1875 973097062 977951742 948053251 150490050
715 981 896251494 840085289 556519099 888641750
1123 524 106342391 329981078 107252422 189951990
322 1441 322344225 497660473 829697888 458272915
1852 1138 129153217 147226574 766134554 246663615
1431 1846 164823795 89521914 978265569 511996724
1466 501 512292564 74894847 238875810 959870085
111 1825 153427075 176808198 355081436 41779076
1962 1868 698435571 748624784 635114661 54390560
1482 1645 670367586 368761123 195102045 893490646
13 1113 713825455 565958208 87167933 347568091
323 285 852376739 634865187 186772672 154611104
796 628 683033728 907913762 356019158 280693912
888 604 699344718 809375760 425131802 297990628
1462 443 54953195 686194984 992609632 963648737
1485 792 898947773 208951172 245566057 533765568
1984 1588 790462941 466223144 23259919 855389046
1403 741 292730874 692102848 342899947 963239895
1731 1369 286254056 923630999 588064403 354131769
1062 1772 708158980 285996607 819419474 500447317
1445 1981 29360632 144080078 538485706 430609648
1102 495 349703572 216969747 399477399 642463907
1898 1279 865134633 774784387 571156924 191699838
1268 377 878126387 636842395 316691500 121291486
889 571 829467335 745638877 628237106 312121328
781 1563 631480972 886792149 47214077 414593969
1822 1391 580781505 333255268 47078896 107131587
1321 1657 678751514 502135448 175762036 174353723
1537 826 346047985 578767864 327404885 285678220
915 315 421815176 231461968 582213700 990462884
1897 577 587778395 482639112 389973224 656659729
1766 1643 575740950 250016632 716549637 357709875
861 91 911872681 146072588 49320254 942685650
1461 938 184377236 124079448 626270263 28201439
806 1391 162469531 275569564 400336690 576664596
233 690 96173874 382492267 502349990 939455148
1334 416 783809094 111666955 787823318 178606662
1969 784 505894920 816438792 365096145 543335262
808 1065 279232883 41903525 900428811 745994025
1657 11 304619549 76161230 578631753 727249701
1633 1320 37966993 728550730 566767897 203194169
929 340 482309179 481185989 337167511 507059593
815 447 152823833 940703978 527676811 184220842
1492 1528 463536099 970812990 428021566 376390448
932 1969 773179070 362716497 511916267 99444207
1194 628 431618562 969298419 544787133 996263213
1152 974 918724692 520117734 464974727 606647790
1817 574 113949667 539628664 441543990 423500560
1199 1130 762502824 526591327 462270193 371171045
1150 7 917536072 886375628 109071138 183974779
1872 1516 346235014 919375223 852532661 668435241
766 354 267861329 26055676 352159307 950782741
957 1766 616923402 54615087 111800444 93169832
1448 1465 935154169 513417543 569060948 143862376
1491 663 780529477 996263206 733337801 717497544
1282 219 396635658 147177604 56600857 786638350
6 241 579747358 620398741 940884416 238172477
481 930 494204494 850860694 189001154 171977404
190 870 564263203 624077060 76702722 288922544
1829 1414 958258913 232695243 570594104 623852849
865 1728 153914956 627121984 525005086 429042925
911 254 69955278 308595337 396784783 802885857
1342 141 66843491 922781248 321325789 716092406
1187 651 965500304 187022285 826692850 781397345
1846 1499 650644734 974233249 326699258 536568551
756 424 826275735 919288937 770830246 61251356
257 1290 852407122 110802261 640169210 628119373
1587 1102 258818227 58692713 216383358 921510663
1151 1278 421230761 12888876 957109356 140498874
1303 734 818587506 644526720 521473370 458878514
1980 751 684656466 881857305 190770045 410882761
1005 463 566802034 363556931 692852847 708806613
288 1755 460405928 305270534 318387194 710495653
11 910 767850213 573684474 253871101 563309010
862 1135 155453384 166007022 74809241 227468364
363 145 805792731 374521129 426403447 765526709
1497 742 687132617 933018408 256510578 333790216
87 249 860253832 213663585 761880653 286380649
894 1702 147468754 959328312 515132067 796215955
1467 352 320109544 516203474 870140 638805309
1733 303 614696151 812583958 263726784 224800560
1865 838 337981250 24319272 400473601 990925776
231 692 913240813 547983377 354349976 121704066
1487 967 169606288 803444754 930486809 944838768
1151 885 4432309 907526291 129076368 916862868
282 1586 596272110 183645943 891698469 793271194
1091 734 587633080 175872475 631004802 923584977
330 1682 451375754 785361394 573446578 779165261
712 269 797882760 254494376 340636401 795051649
1095 333 31284083 31348809 968194907 130054498
569 817 195524950 79449828 955468010 332984201
1508 1168 60165766 368835118 637447080 516784255
1637 1079 371334200 839854081 888319213 144777894
1144 1249 986509447 68714371 708271468 955070685
617 1154 620815478 7736551 236830016 889587234
176 1938 553516388 146375219 895791404 250306980
894 35 530653070 531994514 382616713 658915922
1525 1698 741384788 181564131 691151478 871698750
229 881 58733959 147885103 319314388 795726681
343 1899 929061189 525190962 981715858 772382436
1853 1331 78964609 278081232 705370269 888852942
1888 127 378728331 561326284 653962195 543573780
1238 1688 62107033 424109064 258878873 457854050
1411 1399 54469875 397958139 300822107 311904906
350 1561 736131680 320330316 999562933 40036393
811 1260 139956512 566322649 848169096 569338483
1360 1774 598993359 981264139 255345535 290037133
811 1247 578745830 905769355 611164612 191798530
1899 1318 413077736 686391026 744080940 154061229
136 274 836007869 342758758 561369220 778988387
1188 1017 640669654 19721825 325894820 358658208
359 1440 825498929 995275804 728323380 870275095
469 986 566311457 207179249 206466076 351402470
1531 1520 961217955 10821012 109226314 292483215
1705 1421 658119074 426540991 847308671 454840602
669 30 963541826 139155724 70557718 703314884
579 356 424292426 450577201 289632716 943190715
1276 1485 295865231 692657612 248461780 113812180
1555 141 872752572 616276985 341351552 179885125
1382 942 770447930 334803426 987614553 670066141
561 655 747718344 654383157 519384333 398281645
279 229 547022096 427676488 704147816 497411536
566 355 858425288 794727250 796882843 73266811
554 991 283633105 448005599 539848333 222186588
1781 396 431497032 551002239 445322091 838374031
1016 1940 525486647 995238174 149537710 484945147
63 931 217953282 339639795 124920384 904583302
557 973 665509898 292425909 846235887 367115546
1867 462 339644828 670612888 435194122 893362441
494 1366 584905095 550097455 454776330 191001293
1970 242 102532956 402968515 874724732 654832361
199 43 798518242 565500970 459814983 576278905
609 855 445683391 577548588 122239564 383138615
645 1871 163844565 673756992 725345687 487781408
1242 581 18024386 813605543 243354191 49725110
1725 343 512076463 104928297 821326498 417235936
371 1564 615718650 955947664 519526700 570328294
203 537 479590817 301887963 855050823 886741912
921 1207 433407769 806501097 823854889 982567663
829 1785 879976278 897708552 261274945 993686414
1947 914 342677204 406652888 881269291 274627559
517 1490 611381432 724527233 985849430 658044043
1582 1621 375480050 975239409 664746379 729279879
1299 1569 786158689 944168127 758400990 882563336
627 675 403969393 133660543 612815210 159729111
1224 938 298884829 717266775 100868262 674216756
1061 1610 783503680 901527927 50831580 814555029
757 1141 233064961 462446007 710848317 141778198
1446 600 699947370 717678264 630303967 433217255
417 1919 965360964 893008787 91360472 120686050
379 496 321376090 117301379 877475267 501042670
1420 1352 217828441 765683360 454395278 30576292
824 1778 828899233 995627403 872026931 544622027
1815 1652 557884281 935981242 56163832 270786415
334 1089 246446215 546156156 306706082 201809169
126 1119 257986019 419266553 974588857 222765712
1702 561 967155685 162005007 457129013 159719047
888 79 321968781 658357421 510325500 853165838
726 1375 39774657 55218615 208295237 624914255
37 197 272945710 779267217 705168279 33728580
1551 96 164409279 646001918 669447394 960379848
1385 190 770353264 104935829 984199636 977813487
1311 867 534513739 959772294 891138887 276168897
877 1651 399038387 576489220 433574881 755135028
504 706 503532760 507466754 384982024 400755143
866 1894 675305983 690860025 761354332 134179716
199 1652 864500856 358623373 53923312 847839480
581 510 921353777 666592712 794134448 461334274
926 1442 87757645 158511784 740431277 704523604
756 111 396520597 506555866 219169118 741362024
660 1159 767847362 62157524 410763853 661860479
525 1514 284751745 383488902 22638674 534500765
864 1836 987901645 235712668 729732270 222452423
320 456 850982022 252821991 542691950 733345440
711 594 363170276 620538295 797732460 584347239
1336 573 915123240 468049113 639292749 958052454
519 1401 422337887 480616985 144196725 845859679
292 111 692371078 646429984 12541361 789994271
1535 1255 831724406 713932313 184454577 198976915
1823 1136 37871206 372115180 169947230 482909676
451 951 251062223 684230344 732366461 838614530
1782 539 260661995 922077155 385609367 645900974
1869 107 912444160 381089336 348446687 288707585
964 1785 436762329 513533034 485169371 57386052
1570 1099 959439150 882285803 450931529 375908747
736 1116 307992021 676222706 812017300 975201527
834 1059 126987923 363190066 685266212 985956178
1486 1058 947168040 630090044 931147619 721597657
1220 1095 716998285 646912163 639680398 230788776
256 298 714550417 795137514 841534040 825695285
1467 1803 839884386 424635468 14373495 893433666
1181 1982 983463303 642391130 622602919 52507265
1428 224 214509596 958085628 732141794 169758684
829 1540 156322381 987913342 79032290 9209515
1707 1948 231800757 19452862 520860019 952990410
1561 733 989677764 522358878 910091353 81561148
1836 1446 776958441 918858271 412216644 217331104
1700 1097 778311964 202161694 230620477 811977469
1872 782 171276785 905353161 842340011 959626607
1655 417 43900946 16072592 628975278 784626910
274 1806 677794547 778449468 226479432 128637274
873 1448 16871018 356288278 367484215 869498337
74 286 683502888 302721254 701387723 975138379
1083 178 839304262 397022679 804980502 864815872
1862 164 661414945 674391435 595429684 15560638
818 1803 294050225 602843287 836428696 286727760
1598 805 267525261 427153790 168826649 530807295
1207 371 31341341 835312243 346670868 664095107
106 1612 815062686 553163808 995010602 735310466
1778 1841 119778016 709735460 616172883 559635184
1712 1233 71396959 90008532 732662623 985153617
462 1525 233314299 170363057 843635725 887836013
1638 1415 993703910 369287684 253175708 258034139
1211 790 625642019 252021359 9049960 583984243
794 420 511280875 448492457 402782702 328959273
760 1181 688856098 854806546 883394637 683453392
527 1501 11346281 57924728 512431600 342474417
259 1703 800109023 12839033 558458384 797645444
614 1214 935752693 757119171 953426064 78876275
1132 139 367758700 223516437 145699121 541337480
208 892 218271385 96158679 580224427 13127975
1965 1525 888972661 461831039 840893488 279841153
1630 1798 465306418 856969361 279026747 914847367
1610 1063 905894395 838279156 671053020 768146127
1506 1179 999519886 364159119 363801074 299078558
559 1781 735688974 871688375 212791825 980927919
293 1253 942460973 339902022 477789566 825008346
1469 1283 3341187 909437727 514680470 922845397
103 1755 438265780 857970671 462543140 808303959
1564 287 247563780 164864690 107358040 961228830
1267 483 469040095 813776416 823309840 498687844
784 378 192329749 279351011 780639976 47352345
1775 1429 134544798 90271240 959217482 963030282
882 1982 964500904 361370428 992911292 384059211
1356 1814 899431329 81460799 758235538 351171285
1889 1502 886688263 882412310 764217743 37785311
1933 932 743520702 811573314 451492969 357557021
276 682 476790646 63552164 247638089 431631702
693 152 630488318 925209683 308832994 992521987
810 492 493185544 629198429 837065843 47376372
966 14 291285515 796780616 786755242 66297412
1211 1338 700948375 430463179 508596895 573459957
1003 1715 346878656 904006889 165006084 547746909
1844 1294 506983926 487146051 293527674 387408254
951 1330 91874987 113931453 148243072 142198633
927 202 139146040 35459690 770682424 695336266
1513 1142 34513546 527673299 195478917 111946190
1033 195 887401747 691181994 817384964 780987674
1061 375 160719661 664584424 768565222 961180586
431 1272 695199246 183408311 250079117 748425267
1233 671 831269675 945802944 243563852 181360500
1486 573 172985109 63675124 798157743 723136287
585 1021 632654421 314292028 986110947 245632662
1535 328 62743522 994225380 788055341 350455884
1001 1718 819502702 159904505 279861995 44144167
517 563 281152722 982046841 665620799 902799469
423 319 422874175 793584221 350242523 836426945
1004 1700 567293983 77256061 590217999 353434412
1434 166 900427434 420316109 771880854 373683323
248 53 668848733 891535705 989386502 465710079
92 371 212906986 438364601 795706420 289064190
1811 1662 497097078 334848235 591185528 424423879
1818 1135 334281555 404413894 330715757 194075773
117 1414 31022025 713579281 576262217 517220905
212 773 44741810 733185941 270519576 460372111
1080 1858 115918530 117808734 550960515 624425123
1692 365 415850664 534281746 927429898 608468993
124 990 596666612 271449878 877377888 883697639
1337 641 905464364 373695089 203335021 293961902
1575 1982 422273727 634965777 705497863 810219453
1708 1418 231857372 359537099 168696012 968877083
883 1339 661795914 133050903 86387198 94515357
772 1159 614670084 579662919 170308336 444425556
964 1647 314859141 313782494 683500061 60349795
1382 225 174081360 643227429 247164997 519349682
176 891 558978429 756615746 171805743 927329678
1978 753 726061828 977485086 252677014 813711717
1114 398 283482539 398049186 563072861 70888439
820 822 377110337 163617890 773535059 106538663
654 1633 719907534 54973557 277502169 634973786
1699 513 538412649 97699819 772370814 684958165
460 299 83309127 374947141 794750494 538849949
106 783 874951547 791117993 718790408 195912620
1215 1221 23150111 164014992 732286075 29671679
382 1239 224111099 528902176 256124489 91325980
872 1264 475808571 131414941 164518111 479283442
118 1042 527677751 805560288 300413485 538410644
1839 1389 648488868 729890395 708832706 873177597
1826 1399 441713206 859886021 752198419 315785991
1575 350 905586638 222053577 225964300 311997387
1279 1297 880267962 688167160 79015829 725353505
1958 1933 524054760 616685716 540214202 310438853
1758 216 592281317 633332842 729029035 568219023
906 1544 207488944 209019952 206145096 504903251
1714 1648 58909506 761969729 271694952 168914647
410 1268 241275863 516359580 964600909 62514904
330 281 782336664 444825252 162367645 301020213
1937 1698 257878271 448738450 62166669 310628791
648 1364 810221386 800502910 840249838 376147377
695 1083 452753837 813671358 726063141 398197201
77 1144 1959380 780411771 595854768 875762450
1054 1135 568210227 999213176 310180502 522403514
115 1385 397047052 507870916 692795559 969346881
1367 1687 273827157 76385122 425364058 147967149
1661 292 328754472 987556552 426457858 644252543
253 1392 432272424 149331614 509736027 121472838
1404 1251 131445243 152736548 720990023 774215524
1363 145 79028447 835723474 943717605 914483266
1834 16 850271672 364792372 651478275 685793592
736 270 461916425 763940855 787538445 364063115
236 400 117408992 559930639 62475160 823659085
954 1677 934772637 522410337 960843243 411409896
1442 1163 129449205 913843800 825847976 452092236
449 351 420861446 807206632 958438550 986246621
831 1572 804370630 632864006 586594837 340523626
1947 748 478003619 561169626 26176355 923664162
1157 911 183724443 180625485 320182840 284334552
1749 458 784314129 376809467 50075340 654125664
301 864 406683432 571068155 693130641 694249178
377 176 692812934 262771642 904079282 707101070
1487 1128 567603652 257642170 70088562 166311387
464 353 242934881 857391847 545696487 842059667
283 50 383778980 591984809 599602835 788749085
1453 900 11087429 416277704 517942609 394804617
207 1063 917817667 292292254 934185444 521611577
1007 1807 642242559 588199870 163544505 10205093
1672 59 759117325 775323808 678737416 140586743
838 363 581189191 16143563 58380361 128439295
986 916 321749390 461075991 105639640 783665840
918 1544 269460970 143898619 802108301 481056791
996 1826 149510543 278132106 50421950 59404659
8 861 904746164 794325528 300684456 544586348
1284 1755 95392599 807081479 707542273 945609595
807 1505 274559715 299436682 605914266 275896804
1626 1343 637200781 212534803 732233566 281217779
481 633 121592989 631187337 554294403 811477263
42 166 793310078 850643924 268620934 297409820
1182 1423 490431377 841302946 332695976 163451452
1869 91 612213954 948538886 992730437 606196166
1330 1584 329126603 504665438 39635074 297565241
299 1057 920606897 958344981 19760711 438864731
132 1169 530887471 451842824 391348245 129772982
705 942 729688655 751686632 844737660 998881319
1122 1971 322202769 401340119 826228527 346189554
1305 908 436243115 671962308 773025542 287975583
607 1064 710395217 868115870 78000675 98928284
299 1922 907722016 464433109 265881060 611185877
40 1542 342411873 662968404 217378935 499942898
1220 658 389556066 548454893 672220006 36592183
144 1867 452313580 492720323 661609092 390229404
181 1393 335804426 452272884 947845989 70690364
1085 634 623829303 495325629 527105967 755456377
1593 1916 579389672 21703005 811366067 481885890
1920 1767 495581319 428497790 78452866 910407531
1357 1502 183584085 886176336 333573184 929788933
1876 127 769437778 617332047 185792536 452778165
795 913 335521642 524725510 354351465 245429974
523 1384 293196034 105958533 97313077 255043451
66 1182 150679095 689080863 864981647 398266926
922 1549 497677827 351813050 664470735 196869576
1768 134 758076548 288936403 164570680 852080989
719 1285 58830042 667399831 276993611 91945902
1250 1126 475336408 464971833 773921347 965563984
141 1699 165261137 226401688 225604688 682901220
338 216 455380411 701338750 504745599 570615926
1570 1135 234820854 132112125 163690249 476107854
1514 516 73209430 43152276 533009210 244093864
446 68 410785818 64005012 914178327 277435020
1362 829 468432567 731269587 674646055 332380703
1354 964 380977509 717268487 859688650 81283096
231 110 535850963 527934692 946474484 529123347
454 1630 298886406 573730379 532087205 566746824
92 1425 926198309 612069149 516881606 407212805
860 1179 70854625 29436701 902218278 286751827
864 1385 714193512 195696625 848450560 616991470
341 1871 781037572 309964188 435202871 766192597
1861 1678 313534323 172129734 881121154 14538937
749 226 247645689 26594404 799610892 611183048
21 1719 728940883 26398951 481656162 449843518
1332 65 194136050 604568021 544142534 936701984
288 1987 254423 905721180 441097242 931200978
536 417 480545662 368342756 204196105 884786426
1659 1112 610708989 181308568 678086340 766972145
1244 328 622140204 317362953 621270763 718908603
167 1513 893490311 341791158 207561118 68824508
786 761 634283378 691325579 484522124 915409404
1668 966 667909262 846943305 904789213 478463494
32 618 908156301 10196707 256351064 818732742
1333 30 852186697 697217173 784536209 241086458
324 39 866401115 838778947 247429232 290461695
1822 1801 925847014 841675415 294967752 823540528
609 443 905211584 707786829 157694536 546766399
24 1396 294687595 593881652 702173916 359814929
457 897 723964068 743438961 131158783 516186297
1965 250 672580275 249970102 777866165 626868516
381 552 815903045 995418796 187897566 444154192
560 1347 491034514 783783605 640139 786182561
1975 1043 834203812 194349143 294600625 305048967
1806 614 548309894 118120386 75258865 411150296
1763 1731 379101846 390195964 454686399 147007989
849 421 265529907 927615073 540442236 19639247
1568 1800 247991742 784377558 35708535 509619422
879 981 333411422 720599483 733005378 798792931
1388 1795 347505720 937758344 817121643 237776516
97 1526 709271298 686223025 700961732 711804227
845 1634 90834569 451751220 113634175 777735658
134 246 756009415 228910834 840413505 319902424
759 1778 114021895 373903230 29146777 203384028
389 257 100807126 708906719 438450716 798881891
214 1963 731127543 135003012 72657659 562164830
1399 59 679826050 115978922 91434377 940586537
756 559 334062908 349614404 913872774 81297521
337 21 440647846 172683711 642350937 150547603
1943 521 306072095 404665310 903393709 466479832
1482 576 896667832 187831651 712248892 340491580
751 1987 210111826 305490194 811592916 947137146
1283 152 721567026 128843059 995953920 778098842
49 342 773052095 698315966 710056683 258680447
762 830 626236716 228984024 320755235 991581864
291 1623 839150459 221393119 619336801 721300702
179 1139 266415350 240671567 866811960 940277593
1845 1453 719394610 522947785 274222307 64674251
441 360 409038870 495918129 750470600 116507570
934 1881 610481511 991175009 854824034 872710812
937 1965 951004304 454402724 392631548 282064655
1732 138 153800425 581900737 399963176 192885326
372 490 270320041 764209675 719687821 163894031
259 576 855391824 963099679 324704183 196612174
1184 1287 766920610 404863989 21132848 215277561
1169 967 925836382 590164680 693025160 164304240
1900 1430 454918309 261498854 956592779 257328383
1486 1846 738579166 839123668 619598082 166052290
501 1151 821971616 624859479 799466391 820705978
1523 1961 421373367 832413830 596489966 195917286
1015 492 179009937 807471883 256696185 435863203
1709 842 751998988 565646908 976428008 706304865
1570 674 923702334 574777596 923649799 312583871
1155 1737 337005701 637903086 300153089 26319087
770 1524 312827606 314815871 855459977 52228739
1088 385 817104135 209079693 136596342 34200721
1872 477 28513728 659304198 357879880 391457140
207 746 297351640 132720360 76658299 220262961
1791 744 51023312 905156156 916207209 575445888
885 867 871976358 584323258 866212260 546344311
1405 437 859305611 134675552 614452125 488728616
1528 1372 86818980 301192043 977993357 981055133
574 1228 548488004 117765273 123436488 333476067
1076 445 21657117 519546833 473542591 301247071
1651 996 983509645 363577170 339976278 216106694
586 1587 56091761 742490665 657479949 530423897
1555 826 10250734 451497542 191846845 377477497
283 712 742177055 938714604 881165195 708265557
1352 103 513298433 233399316 271886879 115391351
1967 192 659902128 662645176 429087389 903280735
1848 68 531512099 850334095 591890072 497774408
170 1564 346977803 189954727 618528229 579017691
263 728 399369107 809362134 742909495 446111107
1398 946 927639116 533251768 322563739 715594817
1015 1084 762254078 957565541 353241559 932661327
1896 1852 752615019 851966042 809059926 787348570
1090 1182 235854487 617579267 426557041 212614466
1250 1138 940204203 138119553 676287720 401965929
446 1765 520423777 282409017 301046979 183775224
1893 1058 996210825 473787824 565943961 41719611
131 381 686404870 810043132 877536602 894873483
464 251 698392179 45525241 797302840 567266165
532 629 704327828 910163784 370082412 843501053
1386 9 620141090 358382558 618036865 304760381
941 1115 156627361 520245464 115225557 574025446
1900 271 328161474 830277684 123927641 856092766
549 350 478234202 970281597 19414868 598569159
1606 1158 49199502 274365812 404089221 297528288
361 17 679179749 923844352 512057239 124574285
168 856 850345562 595110768 709322146 725855742
1632 740 864765042 35669271 758305459 927083381
167 101 114405182 926416912 715290156 988865193
880 1200 23914413 957774876 122103365 815592621
960 1049 114261619 848386505 821667550 411142920
4 970 407846774 945303447 972918725 16444535
1193 194 575563154 425346849 878031341 148985320
499 1124 728180252 356336793 586835349 174131854
979 858 391286407 264434415 637254737 548049504
1696 721 558183518 778296399 257896620 440301525
1064 560 854522791 627858215 310202226 438441091
1076 12 20108084 737770208 724930455 906116380
932 1466 950447336 96247376 140784018 98466218
304 1000 454484501 421682202 14168605 843851813
1434 1819 63885255 355701242 307986161 528225810
35 1506 551821904 997478349 158671863 308325750
579 332 770674254 634402371 828626685 274375775
1262 1885 944315445 122283237 136584526 336919769
1030 1611 886299309 963911434 514736561 796511581
1178 200 496859272 273787910 889786216 241520905
438 318 828974393 224276041 869647929 176737764
1426 1143 203940568 96700851 738386671 409561449
1887 1492 858011365 276625048 989959789 834825446
1831 1935 767316988 16024892 983196524 879361630
817 345 131117882 991903964 315101550 514537334
130 1092 340272354 847331366 595456192 969581777
519 456 959359196 852839414 469742231 786545051
1146 1478 593506618 858599548 813058132 366808895
1358 1052 484477571 88560202 554030982 591715323
1790 794 127791247 420169333 226131183 107288188
1862 945 208137046 482499187 655821092 828656618
303 244 359838649 479575273 281306572 941944054
1615 1163 296969947 212368864 518877485 104766865
235 354 366679062 591027091 894685747 623512697
762 62 727124185 486555592 247306188 523086935
1815 1103 527815784 497900748 2805879 569064549
5 1917 822363830 609909701 275257679 960212088
1296 20 666697292 580181176 170815301 460473708
1659 49 944663803 329535843 540614350 54993506
1336 1779 35943306 782993061 880371262 928769070
530 1619 356244192 865985209 767651622 714997986
1234 1011 153753873 314143902 754211276 160030085
1678 503 293152084 637484607 904087417 491587405
1208 1210 696314672 209181457 943746617 540365310
34 373 430059705 322891736 206350051 96274132
1801 650 404059809 878701725 454987208 787643673
1819 1384 493310065 287358587 418332910 810257273
1310 1088 604005436 551460204 421581515 509893676
638 631 606951043 670850009 824960776 112190626
829 1789 80864779 874893561 623533853 103405233
718 719 257675957 700194354 177686108 426707438
646 558 103010876 928243322 458850159 328559716
566 1740 233096307 259884771 356841585 759907407
1024 659 698012559 992564017 516651996 294988598
616 412 107753491 134289332 339721029 240993765
467 788 185925120 972969233 751439171 630683504
1699 381 963943744 383069060 217795950 656708485
1846 434 283960572 685025961 72105272 860457366
1626 1840 119589738 607442287 937861181 92946152
1390 228 705471129 491769666 530431980 104997589
1340 132 801908033 394942104 321049612 629909740
1465 1330 710913692 837142708 9082435 506696341
208 908 953199216 150288355 319848812 610101250
1921 299 735948902 569198096 505312866 672990564
1791 836 319976694 100060311 14964854 333260909
856 1061 548031796 593943786 328973774 777316772
1930 1513 27582221 561441440 774071248 371179756
1949 1149 283391992 805018404 873393415 346282733
230 363 98068558 905326750 337843812 96773249
1779 17 130590228 93876823 103890537 642917559
11 725 437433832 987171741 628056255 80963064
188 1672 924605388 628613687 243827021 245967542
684 1640 823360297 570829237 797239217 35545574
1640 448 691615375 455257155 735737779 94818260
107 441 177590322 979706185 915552138 299714599
692 568 521795689 417719739 317385252 206711322
277 289 866956204 828608812 529029468 465003396
689 1339 706699647 691501450 671054537 748948294
1174 854 656554974 95849221 146009434 134481751
401 743 492113361 128725007 58860631 867339812
211 1257 950631582 436414709 976817059 688596591
1627 1354 65074655 8493721 275129339 667508212
902 42 534454410 84375713 594914022 744270696
1131 1626 391436076 110288497 408176870 496314190
1692 1107 280948554 886940156 922209943 929713750
1507 395 607369740 558173907 972333887 442139345
376 972 594648764 978684539 569263487 650047050
1629 1037 654654039 856512661 670340866 913450298
1879 201 852708346 736681828 339791152 786696775
1362 804 81368765 677461189 58848254 527648521
1482 623 152522446 648580650 258528387 313964069
386 694 75367729 699580579 867197459 741745509
1080 419 312952163 929233817 963821707 830922939
50 231 888539226 251513152 260517127 756899727
1000 1082 265408761 120921052 593458389 401047093
1816 1211 158670241 831128010 927037828 190749657
1682 1321 62016345 887826925 406166909 810405996
620 703 518156842 922789978 210384822 559380481
1387 1401 28991094 378575417 562743210 917372964
582 1823 215062101 353800887 714244858 886506051
874 223 751418718 914998333 929774470 262205590
666 1564 842363151 923709414 356310092 638163151
337 1299 673321170 335046060 455515127 137058101
1515 498 674745414 371433055 367591477 464087201
1786 113 523152187 715439450 608236331 284755709
1662 558 856789549 403236338 806277121 313032669
717 376 967096222 37729395 833334340 755303137
1837 1982 955095000 25866722 672851503 532089308
1226 4 126261383 756646607 915150840 875852947
622 1933 498946276 378331389 783467649 601242049
683 1652 600732728 653025405 971172364 593929278
572 767 416699117 329447993 531040280 861500329
381 960 555708261 893417227 434343470 88298372
1483 943 480135842 5985786 387693894 651523692
1898 589 143492368 611293385 841651270 816556352
1827 454 707088943 774793186 21635567 100287971
757 1739 832930277 617113585 478901715 996140841
576 580 2040164 968946700 806275719 380999295
1100 407 664123635 232446027 870115335 595969407
1660 1150 122026854 971990173 13370039 379559140
1781 1578 994582531 477065465 506295480 553095998
502 1454 208138402 100507890 982712916 975847714
1122 1259 329869107 401579128 328448283 414253737
32 517 913418600 550365652 609732034 734173479
1530 1799 790251779 57631726 838652684 238142748
290 1857 276216679 913845328 865700766 141040429
1196 497 961954948 717443077 788868315 429975255
1899 1541 831718501 390890715 66938010 19623293
1540 145 940977276 627489657 519175040 137382522
213 550 396729829 972135761 354930191 522257089
1699 1219 495006550 385515146 842136242 359040164
17 1664 79525581 94265551 77474850 311373061
274 1923 880110545 330410724 547687722 765348357
1057 557 62830739 181791367 863587843 509126277
71 1162 671335222 73144340 615398035 129553840
283 401 850764633 771849040 809673178 415015180
1855 1441 223411019 586299183 567051625 106517075
1962 1300 307898724 610048448 43255900 414467773
22 238 676724479 343316420 816055857 473460782
1739 480 435242026 47636333 501560254 215536691
1018 1888 875905827 10384069 528951702 17669148
1495 1624 550861685 90255333 954590450 149512819
1408 617 279084805 585252534 307623554 709399424
1585 1165 976203117 583028590 311740254 423134698
1873 630 193213941 848240682 902863582 94342728
1715 930 239859185 67108966 868016631 591582542
380 1045 117676419 721370787 461155075 328877123
1228 545 544731780 473561900 759492391 2274333
852 899 923955659 776011715 542382044 244343731
307 1071 377627951 972073098 509860763 904335187
638 608 339466730 787944844 220565146 543092000
567 1857 626048508 828684489 913045640 844367369
1369 1598 107676631 306828174 617956175 985235164
1150 1925 93749006 765954493 164177451 691623147
955 857 467915235 577030212 912045323 642118045
163 718 202179076 912137695 270722580 229027627
1073 836 359207026 216517608 951593815 824170655
1314 777 364554406 751133299 877542824 736672399
64 482 227654135 439975880 875887473 604632318
941 1828 334043866 49540309 782676589 413830336
1582 1992 602673021 124081061 650577628 408204017
1420 303 27370271 321200660 408910826 906639839
1085 1729 659275577 915590430 714162814 430157063
439 678 856343273 427503582 385954109 986968643
480 1724 560979748 636924944 619631583 781952364
1435 1359 671473420 672844313 932946467 70234926
1545 622 663933241 55408044 989121522 991849808
1478 5 936706175 401855213 316514409 312310619
1796 1581 858163202 882737983 48534385 315240637
1640 1976 357240332 641064352 379944816 84130585
679 1823 62658287 468170260 844456749 78313896
996 1009 920979911 970149766 743374580 393089744
131 1033 997241948 905729920 304397407 920377299
1445 1614 108952506 563669249 251920337 526068494
1367 346 48165735 540992384 562631507 376213000
506 1020 542595549 891182691 725261428 735836547
623 23 951599473 921657746 647270273 310921595
1892 1651 431492483 858374065 837669246 443846139
1401 837 689684616 649903539 261567314 966340969
771 1634 546569901 308222455 28892435 901307027
1105 32 895477429 481890085 77770973 499553766
480 116 584595949 537270705 720877585 491252373
53 1031 852540302 972334891 203790439 273926884
1009 60 55796855 142733921 480989994 635846322
225 1232 149707982 135712062 969393165 333775673
52 1723 589189528 410183456 715533362 894809347
704 1487 559607474 801323882 716062759 434870388
570 294 721924824 167893496 599036145 537206901
649 1672 209429744 661758302 682084673 329608877
1112 1748 423155929 603029067 360717458 210455169
646 1404 1734618 354127730 511412529 624565284
414 1641 260600729 44306081 950149688 107295198
826 89 548159642 878184802 601665166 858338337
251 771 499994970 892922831 430874772 413993471
908 1280 456420064 266154400 699358897 407800927
199 1347 612979768 189830562 581037736 669628211
1938 1976 876645048 386212609 483762908 350495124
184 579 480566231 611445438 893637165 429994480
216 334 499249378 413576932 768517559 346161648
1290 745 842809265 894414982 316092133 523091779
123 9 845762273 466094444 904238459 526094336
1133 197 290849380 258715199 174433427 842339109
1163 264 238660183 713871939 120760390 572898167
817 1084 270760486 936786661 180542432 156256905
996 365 70822486 779393414 958189734 589580292
1928 1674 242683292 644852352 769747907 147586539
223 170 779478840 883511909 308123354 929987268
1097 953 526783086 793693766 266248872 327664280
979 1556 831975132 68456098 759744755 644868036
405 1051 267570681 935105629 40630123 363375671
235 1417 935695006 176228235 81826428 878537515
826 1540 175169339 329370635 552114023 34872455
455 1453 67210225 622603757 925798847 180113388
1769 1919 226378481 841311628 417322312 412536818
1879 8 391254374 514666316 334015306 856874653
221 1216 116625140 23982848 391046028 827970377
1852 821 265047490 871492217 860454542 796478430
156 380 50658303 145727135 864402922 592204752
534 58 368524668 479614073 517923249 319977799
246 694 810902183 505387097 680168713 911903297
530 938 785850235 706420739 843983708 524950467
965 372 834496412 184621527 248288417 605880883
516 208 260447837 353493255 702517138 985412844
1200 1487 529941850 459864967 77242559 159121687
224 1720 223599997 426684679 417715436 318557731
1904 141 860687128 272097883 465770756 565656066
1208 1632 327354585 220863669 777733545 521952068
1743 1071 772901580 276128389 421590942 437728950
517 791 685625611 212229529 53723172 619276118
289 10 143995455 997620669 142702184 941538666
1053 767 235681631 416179548 947096693 983576804
1109 1166 658284005 676112648 250967642 927153195
785 324 417234015 210789312 3795863 832310485
1477 1610 568196532 399171115 439295725 400304168
1356 1893 193897982 164704632 497674012 713552874
973 1419 459234122 989783298 596854207 539231865
1714 1711 460218335 295069669 442639322 22534831
1809 1477 934373747 912342449 709009880 919197525
451 311 37085014 574015373 355328901 551555796
920 1453 500469249 456452593 151874573 218945607
673 248 802339395 261808393 131879617 867448814
188 1572 108403982 158408513 584606873 247594037
1052 1524 820996538 189527402 587179438 898307200
604 1349 22554755 483621793 627079802 85187506
525 1471 166114562 145640416 328066805 978395704
452 1742 20986537 235220240 420524840 630508673
395 1990 38937334 234697333 368270333 953573357
1313 380 957241927 25010745 489762396 662536106
835 782 312974651 983785815 232440833 167786242
1380 1047 11115623 760721600 223127704 497357943
1330 1278 921565761 620929582 81610117 524970053
1827 1964 969746392 897456272 948554918 357061700
691 1481 810531538 247295435 107776704 319587336
784 911 424132885 962152053 356839605 599735789
250 171 556607390 861829158 338891222 707003949
894 694 688326172 556886041 107148660 898564386
776 423 676838358 344627823 483986639 31778971
1744 635 397951284 751023081 960205126 503373201
761 1622 556916253 26273851 837216978 638731261
899 241 647252171 289693838 504656981 154610150
989 1003 225884431 424230563 841605542 129216574
85 1839 840148037 234865970 820441915 143173569
1439 1890 217120666 673148771 860327188 752625818
28 52 113913436 250022665 82945849 409751716
1644 203 249583376 445170747 117975421 38705882
160 1762 45336074 766155317 931283252 327452356
841 1714 789570965 840506115 199403097 867968353
1871 759 902577652 477009563 230105386 720848863
1230 746 641757406 496556420 985480703 763820672
1474 1242 373587132 210967225 596010520 33986332
1990 1158 93179038 883407025 602110026 136158776
5 1828 245520158 49415141 675561123 474753158
488 1800 850896658 513594090 892423193 593588239
1243 1235 741405179 660408778 531602688 118112786
227 1399 971881770 897655845 448216636 825206320
1020 916 590433304 754959630 599284534 968312355
827 392 211997823 959462293 772585606 346542792
270 1924 626479137 654111737 593801607 909612184
817 1617 344318133 784411314 79113814 882168641
1114 145 486642378 598053859 997076398 960456049
1004 1654 679367067 210992352 977546186 588434284
1202 1368 855287894 346397849 798993383 44302139
1714 1142 563120949 285260653 537521765 637695828
1922 1573 275755025 607916193 738375425 578162927
1952 522 907575231 41235930 51287906 747508500
1749 667 33922741 330500200 376405380 353005261
721 777 44879792 529796241 123732172 94435327
1552 1067 343234219 138850679 318135805 618738673
1759 619 286811305 18225859 435236469 767403890
220 367 667881512 603561542 577571481 340174399
732 1243 802204929 764850463 914614226 899998212
1185 1811 86705909 785829103 144505631 685694954
374 876 375498740 516529833 700411639 708625933
132 1924 757847797 375993779 556170110 546931110
215 414 771558622 308177618 294718172 238854686
967 628 97700730 495135598 413423364 25962801
1812 221 77522542 866538049 143488407 970640072
1029 1827 225710301 344235555 400258589 505413930
1067 1566 958564360 397143701 965096222 92955588
886 169 361096369 64268177 52856365 798208973
1562 1938 309557117 305133808 793112449 566661326
1642 1190 80392603 217928711 107166913 944548905
1260 727 845848787 117348432 933419202 691752623
1966 1116 565838856 996304127 748423619 71371865
818 678 961904507 649584339 530521975 86125107
312 768 733431121 132297390 725206649 527798878
13 50 339769106 586681340 312719214 549526432
1318 1382 460377710 974659565 526808418 762606866
713 910 953163980 529383227 656779902 699581961
119 425 274611366 396036009 160701093 482578806
499 1190 231892378 90492750 978528223 435210452
245 541 967153327 499768949 686909046 350535298
1943 1680 136027284 183585485 835795947 716670000
116 9 736242352 984379254 792375520 915846070
1397 503 897620104 539572598 922953002 223835611
1654 1953 408615665 90116036 799835604 772871700
899 802 722565897 165294415 907703673 957728148
173 615 942657065 498948332 276573342 117280817
590 1775 906807243 233424960 861406676 450771239
1422 1559 588249832 944374904 650647240 194503753
812 1138 474200972 486761865 770052925 476220565
1065 1770 442705399 447411372 605368422 208606754
522 1059 952623846 354239487 631579879 749879256
1474 719 912927542 864876783 790006228 845999725
1709 1654 663278756 142001308 911319024 355526793
1146 1884 671624804 171063042 72579196 624879569
942 1482 517874318 404840067 165829635 503155714
811 448 399738787 615877984 988482119 920809941
1331 245 829955869 204328470 695809928 959807831
740 99 715158994 845836215 231688273 925710354
1153 1671 992400850 651442532 557090848 807894996
725 483 599173024 486679943 616534280 967837272
1690 1379 337881182 781689204 269039402 339637481
76 1864 556976815 644734490 874374435 219900688
1269 144 997660525 885754100 384254211 902915375
1388 1050 801594677 399963585 412553275 445120651
1193 1597 638172760 47973095 44206272 282093959
1965 1966 580984801 528906480 227141936 220370917
1691 1495 564324749 360351778 123742576 260374709
1343 773 451557704 206773973 555936204 28591299
102 743 440348363 406383874 370608078 171812940
1411 1538 477036049 361084731 894239030 7888920
547 584 590604980 881937730 639507774 390499327
1336 227 686601551 678707979 80049508 488658258
1294 1092 656384723 470389524 701171735 948213905
693 1546 163357726 24614085 765859698 323503011
1434 1111 170372904 389178537 33502319 328410936
1766 860 334428560 991726833 282383686 941324231
261 987 175531935 797558302 126267201 82670527
535 1714 200533009 614139418 86999669 859433153
1866 726 926130242 599225775 61096477 665033821
1439 1838 123023327 44110900 369830928 461563573
342 600 508467104 269003003 118808287 782451005
1598 872 337086543 162803277 90675954 132099660
1069 681 333078740 759060504 109107293 121907117
1932 412 599887979 16545100 33213775 406581437
1752 1295 263339257 265705699 607707416 927033315
880 1439 851272932 203923892 262585373 604756377
211 1672 997330498 858572749 778417478 683430928
1035 79 270180542 647245985 55669332 584526082
518 1563 772771906 259518650 246139360 986983003
589 26 413381110 238310571 61115455 182479925
447 293 648965128 907991024 635679131 237622441
1496 1290 66619104 952928257 241218064 691295656
300 1490 69673085 813442400 169073051 929953547
902 857 851306639 906861229 73082768 87416926
183 1093 199656074 25120090 171986950 323228487
596 1823 344187560 663243535 927893022 99564391
1410 1888 941163923 933721865 946455105 99696526
1926 376 995678634 799020717 546631650 20990187
229 668 553849587 609814230 871216493 56466947
1270 1514 751476888 129478319 436814975 982800936
430 1808 401944627 432117340 66586962 974079710
897 409 493294703 92953216 704628309 153537477
1467 1740 119829442 869115022 683510219 765470953
1975 1216 31100964 150110489 477848622 578118240
1485 759 243180880 586631037 567752275 303438284
352 1589 957615009 503445244 704252197 824329837
665 1779 531860425 83373022 393136692 390697867
571 660 273722341 56874497 526142061 173418787
439 857 277607714 809113737 498065956 853613661
1805 130 63795768 756479472 671573486 826565111
56 1285 990575981 74501476 328025483 215003582
381 1874 683867913 519101475 287039263 777790976
1697 260 284604913 863819532 817363697 406838478
1214 1722 428192134 503846710 698510638 380879199
1860 1828 508394917 967858527 704459133 786030880
762 741 355922554 55158329 906641576 755164730
1863 598 61949464 182724347 892135769 73187535
688 1477 968467994 192738224 566075161 252975509
1120 1833 201124906 549256181 292101563 545197224
1310 1048 702665670 745052911 466427526 279132602
1940 874 229578226 838320205 354366270 795085414
703 1820 984356633 679677949 881497578 844788609
1666 922 71564831 198026330 896959108 953058154
661 990 402024679 350903417 404352131 875412476
1651 659 675779531 176013669 57942113 70053100
1298 254 958146241 226585917 140939422 660174524
1288 181 787310556 325763513 204420087 958322202
855 424 578821682 138817592 929340047 177556845
761 1128 373254104 145270820 672104087 956375229
1419 297 816417670 528571108 619374339 607626720
819 1246 164019329 701995342 474599582 316651862
1239 1938 518990752 484698948 739746932 23937061
1202 184 277428834 228859793 199018043 858012086
1497 428 899514733 790374012 970371803 565364609
526 704 424246636 933048757 686573269 636046083
1876 1635 298300640 706060756 970490650 809496475
1707 1301 217789908 191797631 601883791 193614827
1515 856 688097636 521765662 765897374 159410272
1793 210 750061875 750978516 316920749 597584905
1421 1401 694207747 278117959 340359403 659954484
1848 55 2524849 386076210 542214325 976614305
557 1417 748872144 977521223 639351676 511702378
1660 1861 332963261 781855232 169511218 787041381
1416 1422 353794553 20853807 748931972 578581642
985 1947 76412740 583709563 992779938 498239957
1556 1395 346839179 463542567 904686905 562521027
626 1184 782731957 167066145 859201229 915738473
659 1086 453094488 240848429 547859085 92037113
842 1950 502415733 164950894 649553503 577970510
1740 1358 682144636 356762397 580873272 162063864
1465 88 65644874 678058251 164604472 9210937
1457 1082 994895189 76127578 110093919 658259851
1196 908 646814974 314159635 484075296 699070741
1335 468 486563022 282316322 760320279 351637289
272 398 342812679 709580975 248524968 374156984
1590 1123 775675311 624670771 610771654 224403175
638 1747 719544572 110107813 243448957 327469258
154 1494 855907450 433865240 945516851 333308951
503 705 15020783 515580996 323469038 290306205
1971 1421 37632541 776184101 845130098 230842569
1351 1507 919314828 245221176 843598672 926633878
1090 1577 519610843 107667282 993154717 816152725
469 1267 509756371 843630748 706936303 631053352
421 1640 10389175 445628291 60488460 944394353
1336 1869 960762556 611096852 835948226 271984230
1329 1144 733452113 428048041 721251215 456080682
593 1291 874819074 956181302 111619492 979852606
381 172 447111927 666245901 969532789 961742173
652 1420 588167318 83302097 679333324 670746884
1357 36 67693994 833373733 389805662 982114631
779 276 473907890 787308617 299780911 190039957
856 849 343598763 198874092 704052895 607023403
699 823 689718168 156119496 157174838 293478812
888 512 436187219 235062539 984269654 705212213
1807 1202 524835553 901994238 467375496 454194947
1623 774 427472584 781038796 878488961 998791744
665 754 616759555 557782189 340101644 694327202
649 937 574607585 866762708 41747583 169102410
1794 41 325022662 695847567 938109869 421080693
809 142 793855560 90650239 957576397 316728121
312 66 729481847 582838547 401882728 701078446
451 1156 443570705 226673618 336301780 997133806
53 1915 522216142 603157420 465149695 977559646
1092 1297 939917041 464190035 728353787 634242149
640 1324 603502297 574043856 303832370 864284657
1993 352 334339646 306315025 504678948 867222003
57 476 459399461 141286385 621361697 165936765
540 934 219330749 625359787 462080201 900098984
8 241 298417509 804047204 829542575 672837674
343 1890 101387824 179030414 378081434 892902129
1569 346 536865034 414870715 106152790 451011761
661 377 754792843 247902779 779290671 143975172
1387 679 565720582 867253676 118222064 543498284
327 908 213755697 767789282 946943501 48184994
735 1390 520676817 159767589 469415775 264714256
1698 953 586277766 731426947 525499373 647761986
1522 1547 997250349 977298232 314213806 768905395
233 757 487409859 847237487 717730869 497257847
7 1278 681553299 928391505 14950765 517029190
1620 1424 902388427 510164575 288223840 639298889
1928 1601 622217440 846381877 324083334 910909970
1225 1573 535799369 962706706 589538779 20891070
1895 522 701387258 744163026 13836226 39495671
828 925 584888383 470640357 901614436 787688399
947 1200 805506806 582038918 268248047 672761471
344 1513 942180582 513857041 965954011 149659877
258 1092 489156850 433738233 64870514 165520050
505 1209 165219281 957373031 742620140 723222044
1918 33 719014722 179904054 399349571 936525801
1839 1480 225423913 849665548 127789726 936437597
1394 558 585192176 670269679 470883475 75496766
6 1117 353351719 836298556 121978459 447157103
731 1981 542829229 642341173 744666845 995824493
711 1820 700740367 705325901 78105736 226825111
314 91 127543529 323183472 563349065 46189703
417 1353 626120370 497203214 117814048 537835136
413 385 909938476 224474847 669711408 470618243
251 812 992867693 747306530 638888270 346867677
520 1747 443769485 526809070 502489857 315736097
285 1732 542417843 125012086 74359969 827238448
1417 428 274460732 686267003 587313798 384561301
503 1845 349127317 905148115 414321394 97631294
6 1211 517241925 850352167 657834597 602867768
546 1849 719152263 568040304 625523425 264312809
1981 1105 650954800 592756030 813743072 846557232
1547 371 581457965 430782954 453271794 257275050
1485 211 744060491 410453335 850364497 88014274
1376 1119 242479418 981966699 41798383 401096801
632 1909 564731806 699218915 719480951 683818307
1972 1526 823472877 776033900 925377729 345030772
584 1748 389075249 413106565 581814059 143504874
1722 1275 460624751 128679305 610064842 732369682
542 1556 825164791 578077346 184115764 36195429
1846 1610 88132582 377089840 802985538 398169842
1523 331 346781694 984238163 2246909 605713435
1810 897 701897257 756193798 879204014 442646592
306 1071 642916441 279004339 211748880 375901470
1314 1390 480787302 76782170 868828797 913886808
1083 1224 78064470 870250441 664074713 712232035
1139 1786 108253765 75225072 21589741 755658184
124 972 971516975 945897684 470548840 320072068
1324 1207 164637911 186230115 474137492 275479773
1253 1684 37340025 116050257 448536437 29412786
1419 1481 594528736 373238002 153008675 482430881
1202 1274 455402909 363359317 788508961 21846644
1735 205 754159952 429186224 805084882 655471251
771 905 465800725 179500448 653277294 532584353
1221 1889 21687981 368638311 827965655 70312455
543 818 170220328 438449706 291121506 52341438
609 603 254888174 173524731 134616513 807686743
1284 1509 992652124 224896994 58251339 76444138
686 557 175546484 604126360 456437274 494267861
914 889 780287148 76885851 309492126 790937635
1010 1193 979682824 140894409 472088095 727436639
163 1030 381985892 689622016 917405358 299327116
36 990 927070385 367219211 647042172 161631745
1558 462 337587746 423802726 668135629 320135867
1388 313 699430106 395324755 427171341 906893853
1847 1529 413162990 860348998 328088130 535465864
1535 1596 216436684 770004791 997808769 827955369
1257 474 105721242 371683185 219794506 678159417
60 1126 574386106 797094763 556186777 88001018
764 615 842897560 273985593 937324645 717654106
712 20 544245318 138436563 839687411 606783115
240 1845 921652468 397146091 918902112 399001551
51 473 140694524 835609470 566081304 100293410
1895 1994 48430160 640626051 580802516 243025505
422 1683 577207728 974247267 213276278 341213701
1270 1906 935806833 500589931 884774506 447721178
1924 1426 384930463 92171542 5322231 508552806
1853 1097 498337715 659025885 605026523 603998759
1516 1185 879194964 258210545 757902246 654493120
1051 375 864601183 630438781 66084271 676143337
1963 1427 474341804 819754477 921925273 815414183
1692 159 796771366 224079481 405917331 875043034
319 794 663801745 850671052 10166619 47726386
315 1817 778084481 226650129 785693320 768943764
728 1446 944923008 341357486 403246971 309797696
454 1896 153510344 492098997 478444082 838467478
502 1802 196367586 666071421 590816205 506483092
1431 279 716155735 429440816 332812407 579592283
1317 1378 501383358 66298748 228088037 423683654
1979 1019 652988083 60476226 255608456 56442625
350 1974 147196348 228413231 857911463 163598911
651 1564 608271803 758032441 398357017 910962099
69 1237 87674635 982262278 17847581 216674702
213 682 603196336 309198416 521608620 359557021
1696 1244 416010654 680860107 507372584 966778619
1028 302 595356871 158629198 965630756 217665312
146 69 955896029 821898531 428652697 506225689
1504 1017 643785765 649198838 426899427 676218245
1132 1364 861118545 830937309 621986666 600184983
652 547 266983653 870717213 619332887 473024583
990 665 383466141 732575221 117071236 146680211
862 1382 319703047 744505016 108488583 911591511
1696 946 979866320 268730356 28905504 984961245
719 1916 208138944 768883131 650810054 623109727
1641 1455 751261574 151376581 541074991 266165148
1035 1109 393270546 871107831 47222082 288807821
1427 990 431422002 418421019 785624826 457643161
1853 1829 101326092 524495004 315271736 302555028
829 982 745760791 390355728 530327719 580816020
1931 234 586309725 304407654 264649453 864845125
1819 1796 862381767 414618000 3467850 365615896
1118 1305 574616181 500574731 676269774 845615776
269 1256 811857277 276396913 625491683 225658321
1267 1805 125671868 214295857 193854200 982634923
359 470 431065282 846670045 801606337 555909134
540 528 604085459 760064971 797396200 302522556
478 441 160576027 252771124 539029602 942671753
1190 1093 903850005 607424125 84458109 624661970
1896 1099 965297619 255205294 565356456 403775783
729 1777 771726524 412250852 260125488 784654898
106 386 563727621 602864895 898382522 374711526
914 683 293898871 609973523 163594817 245962536
1398 833 183276598 415155942 148262423 531491658
1550 744 61846951 741074313 975308736 146008216
1656 1740 638801934 557082429 845004041 58426572
1149 1549 302608959 388910200 434906132 370800803
98 689 499790274 530606434 62146775 425870226
1325 654 572138373 985602490 262234943 693230080
48 733 558543220 413588648 423575214 260279423
1653 579 667682789 654998009 773129216 41689967
1958 708 745804349 941629955 987915426 566904090
934 420 766997722 849918460 885457429 505162919
1263 889 440346999 193055859 760233625 309303248
1267 691 694862295 435461752 129233438 596433316
370 1745 6668496 837314305 787746077 220399245
310 1975 927830220 767007892 851153336 675153597
139 391 358960283 612356337 607900302 708631394
489 841 190711515 470186807 253375999 611652465
224 34 520795487 734900628 600316276 658741045
427 1629 469154467 114939542 473379943 723905762
72 1019 295446332 967239600 648937453 187550015
1860 1137 317005036 330429417 802477826 994841751
200 1392 56123538 171744693 337396025 320050439
560 1135 564388072 500052188 729778597 829002517
1612 723 335300705 103282242 376999663 120694895
88 1233 153182489 126759731 547393850 878274682
1797 1458 506358963 978840930 646802991 638414846
1116 480 529285582 763364644 70927147 522687575
1746 525 931008307 911825298 989189702 61653069
1461 1109 966868131 881737270 488794993 596400966
703 644 250964818 447343467 324275826 749501847
418 525 317328114 659720458 552408731 310479710
219 1383 562486278 18699581 613937679 701089830
1863 1337 682336884 442902339 170179568 563705363
1565 65 74118328 864486200 414806735 645014418
1591 1975 60022616 228978372 189312911 897872452
975 545 579218036 492005522 883991906 851598408
348 234 100990800 186852283 162892340 42469822
670 1270 122010144 184253868 442846624 479629855
81 362 946755905 79454620 355903905 985097271
11 657 676914126 376664037 957101187 558243734
1740 42 386858896 460017970 356685664 973969282
507 1122 890845421 956381600 393328881 17142058
687 404 737695303 155559697 228003339 130965764
1243 190 238852436 56412712 878052603 10394240
624 1712 731362570 577842774 699371322 708045496
1774 74 410351526 920020625 27325620 443796163
352 575 525673434 75034712 739868724 563555158
711 1946 130594941 531722889 139699013 797537668
1315 1135 697108210 762537685 889950484 813112518
1489 1135 293058868 261674294 458197030 18100036
1144 1678 251966594 940603498 257003465 876987222
659 615 995280805 261831753 254931396 817644226
1331 290 360310825 641791353 767166183 966775047
1853 1903 422681985 609940479 746583623 973427641
661 1442 64361049 888736716 884824562 98586583
1083 171 837660769 788980425 682624546 761913644
1589 1817 936411048 3099576 193962007 963850049
1074 584 401625418 119463814 979721648 237008924
265 414 631490197 489371348 937579273 953503139
806 1424 834151113 108261462 622404765 908003961
1155 1202 239469211 574670860 963673003 290473783
1626 914 96665350 557954146 738903237 755302891
1377 910 319453365 43231078 305072666 699738472
1802 1524 867692082 267084246 802787092 466649702
390 596 285140501 701320218 689966219 897194683
80 1576 45845352 146345600 171016306 157966495
1547 47 703676760 92738575 955498956 890990521
92 846 678682455 291271134 250289163 653706441
1217 631 525149073 977191941 144506095 894869278
1138 1181 50623057 426701777 570798215 664337829
1631 636 921893750 18806894 41794549 497025955
133 349 93628475 827239229 556260484 745771510
1193 747 483030923 169194161 707060719 75080437
1515 380 736013730 91181711 27556321 737565810
1890 672 693157843 861489737 743235951 399283820
57 1361 174412564 101127278 376007298 496989778
1988 1796 533586845 122086018 624428523 652442865
83 439 219932988 441935022 446943106 518131196
1832 1982 480869651 87413297 711229336 47258558
1696 155 102602548 403009251 921110051 591905601
748 1722 532785234 195864611 580814468 573970672
1365 1273 165182909 606196829 538323275 776537623
78 1222 355715033 97189990 104510310 772929564
1547 1664 133571085 52553238 238368769 725762816
1555 1150 277511400 596242235 636044950 783728258
1558 1145 359068365 210751588 840970794 417281725
676 324 584746305 898881133 294712599 638041882
1031 1430 979775088 575246883 96201494 55536995
1288 852 504652746 531049696 857400675 613015773
1527 1699 102201717 652980423 839610028 978065477
1128 337 334779322 152120618 288242473 723858170
267 861 966907441 388284521 473974472 112197113
11 1414 488992715 188016056 890530712 862590150
276 303 600569153 156425546 633874312 736071661
1955 1489 668118752 543057251 149470227 669955252
1104 201 936926556 896069161 449478278 505659728
923 450 219494876 623139856 565711872 965255832
298 759 71316732 34212213 719542249 147114628
88 1779 563832088 723633283 414126878 27053779
1758 468 337357370 589143610 671648800 398099484
1606 1634 619370989 296756785 216235857 57904831
108 125 169179431 367160435 67720672 595329819
1794 1490 364223661 802655581 918718953 448099267
262 913 605389358 375419161 346087975 712115722
662 1682 440786673 751671798 11179521 719099477
1737 1349 389125831 997208394 286564515 639977828
1125 379 34393259 10383640 246520767 963588700
704 755 79096963 296045154 331077179 324856540
1015 293 801897356 425430154 41753171 120852920
1414 1649 764040428 283121250 707913023 348607084
683 575 265297321 196761541 844538110 889212435
83 1521 922681786 980507620 345036302 789979244
206 1807 916673726 432685969 542676697 293159620
451 425 765034401 265957834 10789678 744967334
1084 1578 248605922 578619853 986561953 971167859
1697 1085 321958825 684448023 754396031 536697399
733 1205 758245181 652374171 910168543 142524396
624 519 616500043 423567259 663800856 40191438
973 345 698456939 488750918 407312753 918857614
168 474 21913216 422651696 917119810 205599153
1328 1341 6398682 931540265 900874137 592785201
55 571 177988518 339466341 726289830 215738075
1680 1569 983858862 261041363 570168434 42255943
455 1636 432237056 529286766 968692492 38381697
1637 1917 536720188 485222524 280188391 250628576
868 931 596220056 509685869 496229131 65324863
428 959 33693666 274832297 413080002 748476991
1136 1881 462702911 740697968 359221424 800785189
1503 367 331226814 685263505 294474579 826942050
1389 76 576091620 916725151 113974965 417986697
779 67 560968446 39061899 895557406 364782362
1375 1748 331865048 595722792 165840710 2197331
952 1462 6473643 369771553 405359465 723331895
859 1305 313510514 618649683 193052803 378157115
262 870 953929995 263755616 775805044 216710776
37 918 499703074 532273455 498642061 69039408
1882 356 306731564 755696083 862068787 336747674
542 1007 912778473 683589097 770381703 101903480
1273 139 463936864 173323776 81883952 33239860
1713 985 961302766 565009166 394058360 704815755
1181 767 663817299 29013729 651559251 928266731
1415 1294 217717446 950763746 486240701 232460123
1643 986 324723477 380881634 970127311 18071411
1880 1961 664893321 169601909 261884865 406417685
342 543 36771872 450295115 322222130 868172627
533 1470 242206241 824798989 724624187 814995736
846 678 79380183 416400707 8846466 740488496
158 433 380982225 843264527 27538968 698843649
1073 1241 862390237 112600747 324458596 86496870
142 1512 191479542 837628313 938441740 794986996
600 1868 224382371 545999329 358241383 709629246
1060 62 899911901 550873811 307687024 613888750
879 58 770211916 139720915 575515871 59626935
1099 99 437771871 659962947 10409561 75285429
1672 1234 155946902 388280806 449779235 946092809
741 1450 509549238 931954215 105481964 871575286
575 796 12717366 778934421 18212937 509623788
476 1545 658064651 88532217 320459631 198162304
388 920 604721994 662447105 12971715 592420787
223 1977 641682444 98392041 418231184 836939035
801 1893 435377166 954116068 313777121 43825092
180 1938 348393515 998770824 195313289 816571945
947 1247 752852970 724045045 921009444 985278683
1589 13 668827222 103632715 501405380 728453736
1649 354 485645031 529451700 19289093 613184693
65 1493 444196677 682168624 394572408 335845512
322 1005 825974382 25980767 354056537 67907741
107 1581 140385727 40172878 23056789 709239826
1834 1273 126487398 679390605 490611965 720674449
150 699 509066232 46415085 632466823 889886357
1502 691 800123077 148843447 708449993 320483200
1856 243 183438147 564915318 854702693 435713310
291 1703 510548395 375487135 117373189 605432121
1722 1178 581399257 992100452 31633647 740575239
647 951 372036564 135745061 659912245 813774128
1035 1537 915699250 892882262 437909888 104940045
218 824 98239295 985682440 551507607 243570530
495 74 597811623 404377458 303328780 590094893
1334 117 26656464 235790317 25191226 165172925
1179 1917 806787756 555499612 163171506 290887880
1163 1489 55384262 56421158 960138025 513899919
1625 189 928069355 541102886 51270841 62887586
7 53 256234633 368009891 942165850 36949558
488 1109 223176183 697597398 364536725 194425842
1918 1557 853306208 553441292 125422445 199977534
767 619 237047052 963319788 84392973 644642043
1613 697 51928689 537399872 914624611 100686893
54 387 625350938 792775282 621887559 611380574
878 1602 929104636 10271616 483599716 126262114
279 1238 662608767 272455533 285383987 476653047
946 1250 287726932 849747729 303764777 788430164
442 1823 364224773 865301958 894048910 375132679
1772 162 539279171 668840418 286335266 241816979
935 1622 425130360 31790705 835985074 85814937
1944 393 120324800 532171760 786542776 751183878
360 489 220852907 433256650 830569672 426541538
850 1806 874050031 282914274 562780892 562458563
1754 1590 308138930 90342187 137145947 274479091
1627 146 195517823 358535739 452180651 796094038
541 1405 874458980 641062939 759931225 478617179
429 23 456078658 728849738 382529803 527410917
1070 1357 231781254 160391308 670987301 477842142
829 1215 689145330 893402012 122020460 175932333
728 1738 505999184 545497152 436437352 932448445
1862 1552 927096118 90848203 370405118 723697538
420 1151 697542341 444535813 611200852 965500094
1398 764 67832264 479493973 500277754 737392930
796 1158 642965729 793626564 792961346 353087056
1984 836 597278712 582855769 224580448 733226909
1782 360 913610544 239971622 487886895 525920721
1562 1836 514394258 892256458 256260255 963323646
356 1687 774347075 732123074 289387595 493337172
431 1645 447007634 58286664 107038735 817775034
1650 629 833981572 577926948 923885114 37484249
213 1876 252749369 451171788 181794759 429897069
1838 602 301275651 419085808 224715744 592702224
1246 1477 259360095 866161130 611364787 180636153
113 1619 386053820 787007231 131553564 466177878
234 1717 844857209 800134197 597757206 27323274
412 40 747276607 514966848 738899012 481601386
378 660 343119527 478439508 223787248 37759734
463 890 561202029 564049588 427070187 894979861
1697 1369 838870833 341263151 194946847 501729989
567 1479 69703343 407275681 329284620 635124443
641 721 429525986 696180585 723816272 220856079
1845 646 622958305 228316318 962251376 622256169
42 232 177295603 893397934 940403747 317743628
1935 571 296870008 275135932 876449604 392457495
736 814 875019482 809676095 159245892 871118596
1178 1215 895490352 144252545 671956197 76565955
1654 1138 913513380 496673402 278080598 639737596
66 1072 35183234 141984290 267105897 498395455
1472 567 926586248 523176920 65973921 885375988
1974 1005 140337184 481405695 602357729 891870272
349 1408 960278340 527050854 507148990 534161300
1678 977 354065968 182168570 241361073 964845979
1571 1421 296613016 726938903 225949539 724122025
148 642 155641573 907438848 669842219 882606697
1387 595 229586429 344392395 696310859 303516736
1768 1099 615459974 407386966 516369284 152270757
1556 388 996847837 781500933 958704838 250313801
974 1168 298626862 153721882 234780857 784517874
1659 1692 115410619 14358470 603567777 88800702
1795 1354 978032691 386318622 795902852 741376359
462 250 325077288 632021346 683952399 692767024
1002 599 898067676 72014118 449239545 662105462
1110 478 264692759 825799443 120415945 735568196
36 346 907708643 119095042 56592008 156717397
1484 1080 615333746 584692720 416729619 522704526
117 217 682791119 112500025 895465123 736222055
867 76 830249897 256557098 555006830 610550704
826 626 37545548 558734448 486901978 279534826
447 170 184306852 558570722 873983158 131199875
1966 1577 2114236 460072350 334068793 317399717
730 1959 624213385 119837180 345508978 327343353
497 1559 91702898 597419212 63701770 300624240
1886 1074 435320421 679549698 261854962 375703016
527 1449 312220132 749564211 445650981 361427934
1641 1404 804652719 743703839 223865953 638136423
535 899 438564210 490982156 708294875 924503764
1851 938 9912773 682704390 856807313 893532103
942 1544 873733188 430743132 319987791 510739968
2 913 500950825 550288716 427989153 467146600
895 214 763037433 720509718 564089588 244061014
8 1618 733653505 256679438 425004056 715973449
1949 1759 357456598 546552861 774794644 808298809
389 1085 308339022 264258399 573068171 364538388
332 291 416601195 523992688 16811225 229499576
1589 1920 601362363 25638671 816977532 372506679
1555 1756 730551477 787946839 356990582 317539685
270 580 166986285 58013124 495118955 97008565
1385 346 572251454 245194305 48205152 389870025
1080 1082 432775707 319199115 485331262 983308605
609 348 895983795 346723137 339386074 388533144
877 1326 859794906 163296285 721264064 1243489
1156 1340 413549852 333917018 283032646 974153142
550 1369 411365289 552123356 264681702 651220304
710 1351 733274253 826296259 924437026 887419224
1174 77 972302722 170065584 808595395 910041759
1482 420 752314649 333559989 940931250 203043650
999 964 682275839 93506801 983759930 229614120
1087 1822 278086575 510894608 780075223 595774682
508 910 738978303 678314255 953127580 703883803
1178 403 320923035 587808552 259332592 178551207
919 1076 154121552 227786277 468135938 395356912
294 1467 514036182 98053095 112982412 477361933
1922 224 419293380 216460173 692659956 184575225
130 778 411909143 642383945 41265078 970066038
156 683 830119166 682078369 700490083 306279873
198 1005 306130893 968564120 722213669 946613046
1907 1434 147388728 999743202 408156752 84634916
922 1410 276042674 467615649 494007188 814702448
528 1452 39286602 975244526 734069203 62239551
83 808 225031038 739993879 935959280 936107253
1039 1421 154346717 963736832 970156653 536734688
788 1591 365481150 246454558 815083392 241274744
1380 693 225031605 485698817 412539377 923278471
1378 1116 733616025 149832564 476451292 696337161
716 1234 242310195 478116900 891063006 346098839
1393 1158 805576485 247857408 76461600 513451459
1279 1583 861738160 152453478 163404031 776113239
17 524 30523349 102324742 579637776 911962133
91 957 968637177 828963164 475426889 857550978
1255 1619 396137696 806973136 477300833 981988590
1228 1396 46458991 213200263 756900920 905540144
929 1353 815943372 706305525 352040675 669740012
707 724 813593237 819371237 851373376 903573668
975 1176 632814067 8532509 747637758 387757813
1336 410 107330495 124143247 530753013 773240156
1177 1577 505763186 863941859 917352104 887550434
9 1251 859513620 478761206 920676512 379186233
1944 627 797255891 297364231 845919783 759693563
1555 1588 422657694 809863773 55467199 842830632
494 1390 51050034 914547024 286556843 214556352
251 936 852654444 890268919 421170626 840934688
1174 166 249133509 899513507 283504739 769631258
1545 372 581205100 315900213 657243124 328652317
337 729 894350297 623420391 268262652 898921388
1019 1743 354097289 726814098 387033554 658586276
98 927 172706534 106418638 650925587 330979410
617 1747 807058652 445811036 391429710 643199276
1803 1212 258742747 933575543 204994898 312489183
68 185 969251756 877201758 851401971 447675487
131 226 364372840 283934205 109975499 241444278
1610 614 981188183 42341656 337598875 772158747
1118 169 527764644 811118504 376033115 557167857
1136 1340 27328041 394426725 353938917 660920706
562 130 315571155 763664475 552616034 328379450
421 883 48013734 319575012 159191533 63618935
679 102 397812858 809634097 886629807 862014788
1314 1322 534548097 66561080 925876334 649589281
1476 1025 742808410 402420570 794475220 405938079
187 682 686949886 761944853 255305433 354530348
1115 1030 53399157 505670399 685173377 967023030
331 433 39433228 5708464 148407358 522069637
1269 303 774651970 462463648 397666987 895859990
1741 406 288940954 586567292 659891311 901355550
1057 239 274583156 553114963 597236272 346398294
1064 531 739316963 195896889 564766050 771968227
1723 779 947879824 879907854 683991485 103284285
1647 860 318270215 220565290 891169337 60469203
86 1731 213713597 605607513 814176705 320078933
584 632 308082789 25282735 62488289 928362490
495 1868 592191338 398835394 305409265 540839393
1919 1324 971142536 257889063 102076029 860432510
1165 1623 666283497 495259180 621544000 647168227
1057 1280 479238776 238365006 988327876 621188581
1981 780 618219498 417259329 649912149 215842547
1695 621 121239080 441685162 223207463 424269095
1666 191 866346511 522875525 571296495 510913041
1528 764 927363437 14716382 362574115 55546802
1841 1438 710357834 669752343 107375537 923751898
1261 576 79101312 397840224 227145641 296218539
1058 697 401513431 673439921 25673913 571168965
1796 1188 71948163 822050553 769449468 766095957
33 1341 916959023 725111977 652420124 994895444
1659 568 129036316 261892996 432899533 814443602
958 1520 560487514 226508216 791144329 456412413
900 1466 330067193 772445608 232587177 486832651
1661 1165 28731856 605584891 212293000 199555170
583 1555 636409229 693022155 872308343 721306720
1450 1697 694188286 832258945 368726351 696718159
129 1332 615928743 59383436 812015395 82667383
367 1290 435887551 488391513 596352847 285603630
1138 1731 316263952 787878786 242247409 146095199
839 1133 458645049 565490198 571585681 724352993
772 1291 455728809 362915115 830884474 867113394
1213 1961 634499716 356542244 491464914 962156164
1855 538 502807360 497920401 239847012 481242074
446 1516 147777591 104215723 697582511 26416995
101 1965 466823594 769928076 332065903 361643830
1080 1216 448435528 538347266 647522528 975861823
1007 968 464607875 661021884 27469681 336771629
272 1254 698283214 693548326 172131869 423348189
1596 80 706387227 792957024 177037775 479826175
1711 155 628688974 802403523 885047335 875006136
1448 621 438177290 855119011 145347260 844251539
1683 805 491869967 915969378 374788230 114997496
1048 1377 386571808 314120094 254797838 698483454
1496 890 740912852 182366415 555678910 154736921
374 1580 981514396 269541 578851736 75694943
290 737 981085760 962284909 478153716 534128864
484 164 224474496 8136376 686726444 928090622
736 354 11830556 884793383 90749030 643823239
1751 520 340429422 762670460 428561001 638257359
211 1136 291469105 755445998 587800560 112051492
412 1500 307742324 861799696 394714724 468765164
661 368 450616124 784335425 978481560 907340164
76 869 282241406 693301265 116673581 742413624
20 1648 559830425 85352898 561857308 898382232
1834 1772 354137723 74353635 382497658 124338629
249 424 604435032 625813858 838396248 242576406
1972 1555 362316328 820672649 45036345 426014473
1623 1233 68309370 697123585 475548358 131429195
1894 915 637472592 992746438 499548043 949205457
511 874 152694371 306584298 99413521 314505451
575 1164 835571084 838136890 785030354 390032820
1693 851 726576881 876204493 458143315 728734209
323 355 820058734 22054866 331457184 993593491
897 925 676196269 418514395 807590102 781033329
1279 1675 799833719 798848851 434383015 284672826
399 757 96538247 230458360 416721806 118017689
1583 901 37201618 935432 864140333 215998076
1649 1235 248858650 729103465 527963215 351123875
520 839 540903635 351250903 641206887 586621831
1578 77 571002824 483323218 889007137 953468485
1584 317 667012837 983668459 550978492 855948363
1146 1287 224306061 444170501 879268776 524430433
945 50 558342453 186195654 317925856 835324555
442 1439 220326182 933772180 193138093 953434085
1217 1197 800574493 572839499 445566151 37635047
1598 1903 900052426 177197036 834914260 620630107
1369 658 637520292 698746935 651308378 277861609
891 290 707008725 389151468 70784790 171742031
383 319 296875328 6466933 965830544 621638445
1185 876 882530057 526320841 716730348 672709779
1854 354 797003128 259222450 940393274 267537949
1483 117 118836675 542479031 837552763 221879125
1293 104 922276864 657419182 455646390 31938402
501 1790 635931215 316840634 783535118 122599323
1702 1577 170886023 597667522 889801814 26209327
267 237 245874138 350214327 605267568 426501125
338 1206 573683895 523743284 805610763 112856390
1910 1515 520050109 207808397 426559144 958750476
1839 305 570464367 871989299 577883232 515882734
653 639 165456119 286156071 399308607 923831512
1674 1805 319424599 838123381 918650165 577347729
931 1935 242209931 9707210 715340485 983389757
1172 1591 42796307 38876611 789898068 937339358
1861 1497 116977828 364785448 982665923 914911475
1565 89 827546777 686669976 793386483 951639654
1679 1565 807367718 200746875 579648665 527059947
1400 1070 417963219 262788691 618620324 831730023
934 243 311130654 642159222 333322982 150397548
1446 1369 136182360 539506213 944909196 668035259
1782 369 404026890 217501288 315979106 437786267
501 1158 221246026 736823537 691612973 22043528
415 921 596548954 594874742 703534129 763763317
1915 1174 666104700 660238041 684370351 582034659
42 708 611555205 950968487 640651003 174029071
1574 771 73496943 252024065 619976540 907263868
1180 1893 476192142 226059390 555948341 693766833
1246 1268 694151726 39820001 603843575 840627079
1871 1993 115376447 475288897 866812676 692950333
737 1096 239635588 499384453 700513459 910179162
1768 1030 746885227 111724553 815698239 49056495
1829 1141 792514590 954740938 723226271 905658956
1535 1101 408914974 280518072 349515705 523043722
815 1961 661853160 206607242 396193533 938885531
610 359 182017070 433793900 252615313 670020039
548 1744 385839319 56869001 368603719 802628273
1415 137 860317485 365292897 740932193 872432735
264 1362 439345576 371634240 614411627 858902328
1839 724 284682863 317911168 60799951 5967914
1612 1544 922215387 704172137 979061025 862271434
1899 61 13164073 708476046 377314898 1732184
832 518 344102463 554387612 692350573 391192546
1885 237 492819559 388746196 271802336 184978614
1191 1366 743229540 260928075 699235926 380828220
1770 1485 905274486 361398569 778493188 801622131
391 241 57109875 532110467 565141502 86837872
325 1938 337832587 46235494 530009476 502600302
1438 808 590821755 359732265 923676408 680445748
1088 750 833834233 421007162 862327084 173651916
130 603 28676135 258308342 560155161 574106389
712 951 633913110 143396230 669828084 472563534
1881 1100 38037178 976101437 197581663 542578367
1118 720 375655742 948913776 703339011 424348028
1931 1818 275187667 473577930 360215682 315085912
1729 1743 128372245 935672744 858542616 559344715
64 913 784430076 161937404 938538807 96285269
59 1510 892120782 487702763 410434160 373883137
985 1802 633664440 80063122 528830607 547633199
264 1257 384634249 718498331 92834590 366594047
466 68 2532846 111462964 164255123 685519719
1380 680 634640762 464272346 44926626 42256139
1178 1987 481414234 698959665 717354602 954473398
1309 1078 558598122 375367685 262665582 926920685
900 715 204287582 771294389 315975296 264156276
969 631 955196481 791146408 608557347 579629776
1343 444 496680849 308525151 781806928 38073712
146 1889 328033830 301183881 469630869 818741280
758 1374 1548455 338539478 216803519 161861226
1881 771 772879715 23823039 180068369 848506408
388 925 545309499 768159898 252959330 146399648
1378 1462 545410062 227561014 810770897 45534266
1176 45 216430492 592402481 823003641 572278285
326 245 827641102 843651593 971134957 325274126
221 1166 315068447 900230125 70959979 769510199
1575 145 130848920 50221524 386764251 855970660
751 794 436871399 472368790 738185737 664998469
1024 1039 50662613 154277675 229090518 353997934
397 1584 616850635 352247290 718366720 942672555
139 310 382472130 886137668 88241487 820284198
584 1501 535351122 239372478 390687578 879760664
924 1408 545130892 158867977 321216283 54013511
654 801 712372583 830097834 170001088 171052658
1846 1272 911731948 396324664 927928708 880720762
1230 437 77174718 323986499 190777352 279259828
914 397 764319358 433340467 425728648 257020102
1494 904 979509589 712708104 666089510 948352129
276 1106 388061030 830548379 643203656 425477048
959 407 839803555 212163414 648020445 34386119
1219 405 204366501 464061440 901694028 598263670
854 617 898187535 741699476 926663232 950058139
1271 1512 156188138 227559348 2429746 410903244
815 1736 510833818 67245019 651047835 636946765
921 58 870568292 812815827 844775746 519707097
863 888 236163480 298046852 295699394 482787893
553 769 833566615 649084802 591250626 25052392
1471 298 379766741 677678379 283397415 929744727
772 131 778142431 146502349 766711001 64533639
501 1899 302579705 723954242 541528230 974438385
264 1332 429715340 700966750 548216831 184356508
536 1502 389125088 991532957 454379272 280652817
1749 56 93570154 121193742 118559302 107726196
1552 660 627917263 617140266 935141440 651853406
1619 1590 172820875 124909497 82724418 411724622
1616 375 160938806 746738172 508044902 504677342
1460 1415 45322312 974940230 459850712 36530022
942 165 901031268 90712237 896081440 932453554
1771 1747 116351244 150397537 530824075 4848086
768 690 757268606 315831798 62198487 442569557
1088 1185 363004034 546037167 955018191 551932909
1383 591 277504279 200818379 260058267 192560280
1324 1851 467776764 910983435 735235432 319831231
1795 1182 398770569 220620762 577042635 782117858
330 1905 135026180 284940874 650108086 341746627
707 1769 359288248 491478269 456672919 353102582
1127 8 24992894 124740736 205128692 276279127
1624 668 65881768 112994294 599672753 959507870
1660 1366 115575303 272424738 439113789 213491675
464 1013 673057656 490994440 774159671 923166826
1047 280 377619836 101845301 617585464 827342830
1157 592 713344499 896971887 427095085 196467233
1516 1834 329689867 761047155 463812040 588673951
1470 1369 503845620 68382044 512527649 661575180
36 1553 655952632 392192529 793915297 766483136
1715 340 607613067 719799236 687542581 950075934
1393 28 572183004 198690803 412699467 819579194
390 779 129917859 713205 168993014 543651021
403 390 231392828 932605463 450787407 779123763
1151 480 183969037 523180478 431560857 370262044
1647 537 757872429 685918205 868537377 370564257
224 732 117907292 571750077 163206608 294927887
1557 1342 917443731 342731189 439574536 902612771
1106 872 470750622 112778026 977880023 665404821
955 156 436162243 949817073 970815164 100277336
959 1794 510252519 612512183 436527214 324820142
1295 1192 362912768 783272287 48872415 38624760
522 191 438589995 267816254 564140976 854575659
1365 889 699520652 830663173 637548593 774974916
691 1549 659869011 987827363 657274340 596875045
383 984 26329422 513430383 901926256 731629973
1150 443 413662093 603195963 831580610 781370088
385 1194 977159306 983345118 99615141 214462759
399 686 262797015 388266021 521086751 318791191
195 1940 852276867 196613240 914640885 344447688
1767 1213 678499648 711287187 902379985 794350040
920 955 819172881 211597929 655260043 249654358
768 52 918096398 11163292 395884252 552772951
1012 506 736992625 962760896 142869718 455034555
683 620 883921520 631169750 740183397 885268145
1359 44 493375508 682942314 673929696 123280280
676 994 664671808 202073092 320324822 55657939
1714 870 509345426 256149283 69159839 504361637
1308 549 605012153 963153656 698316410 393510098
1137 783 50931709 824283803 76852191 380854818
1133 752 16235013 317933726 159098855 990570690
858 1190 597186545 337533910 843440228 728490417
633 1116 388743102 308397697 701476136 310609238
469 349 701755443 760071783 327216245 543969882
975 25 988477627 30468500 229229819 512525213
1377 655 466473676 779757521 750903429 64721409
1301 1716 655446976 102808011 375212581 858750181
8 881 737938013 963038646 628089041 800108410
1008 34 468849654 873543149 839844389 671278933
1366 810 926421237 768843019 895722738 293222339
25 1972 520901353 213516702 699309792 538681139
1731 467 994968173 169538657 739416071 816787506
758 933 506189653 357184862 524216470 377789972
690 1210 651202019 198225367 397659610 614203644
1492 325 289913615 857315563 753987121 88525738
673 129 710447134 605880244 490596807 142695822
1739 86 649663390 526155870 345691709 437980237
71 611 520908461 429588179 342080288 486678186
252 1443 360321759 910885005 293072806 79303480
1163 28 211203634 32462268 904440880 701472937
1069 57 662645780 254050014 869583471 34767130
1231 1035 492904896 167582447 132375106 985792535
1654 1068 273185356 931361425 818951972 853136098
125 1518 725996038 1464117 441200803 522525761
904 1797 422857079 641270603 14126008 389200399
928 1445 240184832 736767290 293450664 18783762
337 68 323270366 787896481 776941387 197118540
1907 1408 649806520 469801035 154114146 595738540
1364 213 646092375 968114377 550086591 637882900
1368 942 134431059 85902696 695647755 943513940
1188 126 92779353 894910986 194608644 784457314
1358 1960 76926986 785437048 487267711 198573312
1266 190 778737245 931407180 152607777 397817503
208 1277 564653621 429210995 190964879 563142762
624 1793 757407460 363891843 773634635 205204536
1785 23 305116641 149646149 327982755 758602614
1168 889 138667569 744705049 651768311 543900584
1849 1969 237281832 803304036 484229316 918436163
933 1856 924734199 365074750 444470374 772432656
1302 759 649825051 262705338 542169706 982272109
1452 418 840137560 913536174 830962619 762651932
292 1539 793832650 5445319 115517244 112399106
16 142 786413857 115224287 980715758 249493918
141 1208 86987555 381842782 496111893 837067741
712 1667 598365416 925259701 378783947 492461900
976 923 925903714 31846217 704466621 995943150
697 1509 7165640 906169408 598929487 76620147
1995 476 701367871 136966048 227073898 974133087
478 914 253636512 624586543 342139479 744924349
1175 1996 407415192 747732048 882252527 916437423
730 904 772276467 795929217 504279658 798112638
1542 946 907158420 999188674 591113897 208074763
528 330 654778612 869057789 465129318 58594202
818 1406 473296074 858902588 127583457 325580212
644 1812 567336856 776459690 786639713 468122022
1747 730 86218924 495721390 562599787 839593957
1625 202 938244090 810862059 565641073 843983693
259 1453 527617587 365895018 166335222 396439825
1842 1556 639807642 198846671 129077071 565547690
937 1545 812267342 410568088 104595374 34498959
1664 989 38399073 33539326 283182468 71657933
123 464 645050886 653289302 444606904 941445548
597 888 334390917 972953583 444269328 549828012
1436 518 526317954 799676477 916170566 521941959
1569 894 101713758 148221955 646168700 75545280
288 1764 912995223 745298214 710283101 727178765
1865 1786 511592830 35315481 118124465 927347694
1979 1797 783055118 830053204 735397056 246335538
1967 1869 589439056 521779497 514474171 970091339
1775 1776 806208980 397708289 938305769 284459732
1891 1893 476373602 253085008 577719522 262483727
1136 1790 474035714 779254520 724564587 164938926
103 1785 57365429 735409937 630281219 960077151
795 1246 834769635 829646392 481376388 131617568
1258 1311 538356801 124679892 747747608 761998170
1557 1386 25855444 923537660 416758903 580221328
313 8 263195641 320326215 389314495 736449905
729 1051 646227069 789490751 276845453 677481128
1625 804 756442346 543784998 521389377 915763217
87 735 510628736 746059036 978196630 969109632
1226 1303 115228635 770341271 149271408 18372917
878 535 34980422 61631281 557894530 456897059
132 1570 548247655 630535676 715428029 786381599
1000 895 883656566 515935880 411597756 180171610
380 480 424226787 432939294 463255630 3885512
1318 135 633673861 165261818 456712252 419744899
1606 1698 881760698 710430724 216406372 112171911
1217 650 924739265 173757452 461625295 770316325
798 277 600033153 496251221 711938093 211817655
612 1189 664080173 969038314 889437569 730691996
1402 922 948647828 192166493 84610952 879328579
1578 585 160391845 837201862 465606626 492909008
74 1901 494525527 563370705 342152113 126077459
822 1757 501651538 925673699 828730524 649301072
1222 933 217224559 238848360 980276454 432037960
911 1021 488661160 733406547 173269511 363650343
1634 1033 770162450 220167572 904611721 561182427
729 1358 320762944 506570309 936642208 619640882
700 966 758649409 973348097 369736976 24876613
1768 920 730476018 450221181 271104213 718743669
1199 707 34409845 203101680 458813427 186271638
691 1483 898819794 376237578 732217689 469345377
1604 893 192164360 828704021 130893683 749948683
1203 1326 532781241 769244466 282197426 981086711
874 831 392934916 763311286 642920642 177223705
1073 1063 27628567 490925333 250453456 592140920
355 205 864677391 797604846 60447623 883793220
786 1341 428585224 405039169 414433326 365661117
1766 1167 699866223 536069237 533088515 515583602
209 334 907749512 883065200 121116672 87969963
1490 774 794839060 437384157 710532695 216292077
9 1162 867170130 720727720 199224500 768633479
587 1169 304161508 463541556 152564777 23571821
1531 1170 770153924 464846789 204811611 907468968
1868 1716 97239263 652868508 56622906 979141818
1746 760 305528103 711176624 423639538 267697334
814 1794 565801075 275864130 922419370 76509538
1381 118 128956510 989562029 802809985 144614475
1109 383 538808057 948998910 573096228 272481649
1468 554 732682108 320176421 387103192 68024226
249 1221 868758845 486956513 676446713 878159265
730 566 80620206 644236705 599346739 810631070
1629 1189 54472324 323939174 765889212 898403298
1357 1604 666610985 242850370 575891039 524504234
350 1561 468390818 138553332 726821684 830065143
770 1667 244716893 822814710 135425763 324851676
161 852 529673814 484730688 185963775 20980013
1873 1440 619912755 742197865 101522130 890610126
45 1616 328949064 454173866 854483357 171327003
1537 1452 816289827 570047937 770880986 687174668
874 1252 172379173 120205766 318061440 487358397
1682 1374 436569080 678404158 564528814 15796558
1218 464 883129173 988615378 402551709 922658869
166 1320 37370208 797825740 80575229 262816867
1871 864 343297475 120722756 61457447 914347344
1856 137 9679084 491219178 288642651 302007739
805 107 779400992 30834625 589662602 94045067
46 162 468596603 787027051 676519232 90272706
1899 586 424496634 219081323 566081427 858941961
756 1129 288932546 369726126 68493662 253866978
961 222 474331204 552755084 143610443 324018571
394 1850 564377747 853689252 925290378 466687671
443 639 152363167 401670648 737919419 693409026
1715 1206 703414442 19243278 609598014 625887369
39 1912 60290454 74280742 369988042 768264575
1991 818 859644710 450801294 965219758 2903543
840 1671 671901761 621389111 179763327 357220457
467 1299 584885237 709662167 478369521 661058414
1644 773 681784515 377537832 679918623 225826899
403 1463 196329580 324127849 347416081 511158441
1535 776 737405227 813780298 750225571 341853889
1255 631 602861375 585822833 228708927 338598210
1337 121 359868364 592607501 377433095 874525426
1333 1445 580259868 7498776 370478826 856968536
1321 1524 516487556 659815960 113733425 932109581
1622 1515 266042485 741921360 16078943 770127328
1344 715 673328134 165439337 747761115 716785864
1644 1763 8980920 361005741 446695770 32697114
1502 1402 892993959 137705533 343815891 849942523
1463 1795 459687671 578104044 712606033 571250978
1021 835 586512777 522374261 698144379 78903167
610 1521 457212663 370918459 281345069 854842002
1348 77 814900499 252529580 388592345 882008984
1394 1666 609625719 246475712 305183170 750321427
1020 1019 630783266 142222619 167693454 823336952
948 1353 764773656 813907720 35241306 800100140
685 1891 188033969 733929558 140561253 663115299
1358 370 773470462 251799722 481348984 914788162
783 344 745996681 976011943 24084309 206752771
136 1734 859077716 927865849 415351239 66559885
1086 1949 1569019 229302954 101193419 98332274
570 42 854849155 744412262 212296514 579847921
1846 1523 133947868 535200585 914788903 577395710
936 1837 661994255 930600721 543928271 82850036
1257 467 432299470 692427549 712750590 71370667
1148 434 117201276 711314447 981025404 167227075
955 1061 332893942 920436979 153710257 411273078
1943 445 485079996 640295556 736120562 970199511
1555 23 998300900 730763548 267403694 712691321
1784 1865 695738297 736781878 639661948 838785968
1858 1960 343860913 270150371 77081764 220594196
827 945 834618754 681390915 646606678 660763833
781 677 905482358 59373946 672590474 829437392
753 438 926464164 254298846 807508791 880211325
1904 1719 146523342 268015112 626659316 921448839
1788 908 944784133 454603978 351523479 471440556
817 1590 586467625 928466861 815007329 400863415
1332 1270 189121851 373301025 478073085 649960793
1847 1882 139453024 357275342 26462288 876505804
657 475 607823960 486229280 695369113 123856630
141 1675 432538351 608612602 453740897 908852954
207 269 199907161 720751402 261179460 943802140
794 1922 354401475 322593070 338290356 644381762
580 1059 692405523 442952383 862267144 963665654
1467 1177 341994473 299405587 910158321 215845290
293 1813 18394666 943207546 74549528 834649893
1702 546 555259210 977800466 439372849 574840168
1169 688 75100626 161516218 249368337 171663162
610 1285 386162375 576725981 134660646 75178344
1451 1047 869022347 652832103 385316566 812025661
1471 780 516428759 949746141 361517088 271840497
1449 1417 397984895 674008839 19745417 404502698
9 510 971402032 340607098 555393981 177281200
1429 523 407331088 432530837 280476789 267504978
1115 331 12340331 629183005 460878994 483990979
18 1570 892558354 281880418 790292339 465748101
114 822 712666005 658447805 651369869 435742360
1651 1256 541754416 86855382 729116404 137010161
1989 1453 637848329 276721525 289853757 435817563
660 1560 929070897 580649090 331928621 522084274
461 366 876424756 501536527 73484306 419204716
