10
20 18
10100000111011101000
10110100101010101000
1 10
1 19
2 19
3 4
3 9
3 11
3 14
3 18
4 17
5 6
5 13
5 19
7 13
8 11
8 19
9 15
13 20
15 16
20 9
01000110001111100100
10000110101101100100
1 14
2 7
2 14
6 9
6 13
7 18
10 11
12 19
15 16
20 1
00000000000000000100
00000000001000000000
8 19
20 5
00000100000100110001
00000110100000100001
4 12
6 11
7 9
8 20
15 19
20 14
10000100101000000011
10000100101011000000
1 2
1 4
1 13
2 6
4 5
4 9
4 10
4 20
6 14
8 9
9 15
9 16
9 19
11 20
20 14
00010100001110101010
10010001001100111000
1 13
2 17
3 13
4 12
4 15
4 16
5 16
5 19
6 15
8 12
9 17
10 11
10 12
11 13
20 15
10011001101010000101
11000100100110101001
1 5
1 8
1 13
1 15
2 13
3 19
4 9
4 18
5 17
5 19
6 8
9 19
11 15
12 18
13 20
20 6
00011000000100100001
00011000000101100000
3 12
4 6
5 13
5 14
5 20
11 15
20 13
11101000111000010010
11101100001110010000
1 5
1 9
1 17
2 8
3 13
6 11
6 13
6 19
7 19
10 16
11 12
11 16
14 19
20 7
00010000000111000011
00100000001011000011
2 14
4 11
5 11
6 19
7 13
8 13
14 20
