100
20 96
11110111111101111111
11111111111111110110
1 3
1 7
1 8
1 9
1 10
1 13
1 14
1 18
2 3
2 8
2 11
2 14
2 15
2 16
2 18
3 4
3 6
3 7
3 10
3 13
3 14
3 15
3 17
3 19
3 20
4 7
4 10
4 12
4 14
4 16
4 17
5 6
5 7
5 8
5 9
5 11
5 13
5 18
5 19
5 20
6 7
6 8
6 12
6 14
6 16
6 17
6 19
7 8
7 9
7 12
7 14
7 16
7 19
8 9
8 11
8 13
8 14
8 16
9 10
9 11
9 12
9 13
9 14
9 16
9 17
9 19
9 20
10 12
10 14
10 15
10 16
10 17
10 18
10 19
11 12
11 16
11 20
12 14
12 15
12 16
12 17
12 19
13 14
13 15
13 16
13 18
13 19
14 15
14 20
15 16
15 17
16 17
16 19
17 19
17 20
19 20
20 11
00011101100000000000
10110001010000000000
1 4
1 8
1 15
6 9
6 15
6 19
8 18
9 10
10 12
10 16
17 19
20 81
01110111111111111111
11111110111111110111
1 4
1 6
1 7
1 9
1 10
1 12
1 13
1 14
2 3
2 6
2 9
2 12
2 13
2 14
2 15
2 17
2 18
3 4
3 10
3 11
3 16
3 17
3 20
4 5
4 6
5 6
5 7
5 13
5 14
5 16
5 17
5 18
6 7
6 8
6 9
6 10
6 12
6 13
6 14
6 15
6 20
7 10
7 11
7 12
7 18
8 10
8 11
8 13
8 15
8 16
9 11
9 12
9 13
9 15
9 20
10 13
10 14
10 15
10 16
10 17
11 12
11 14
11 17
11 19
12 16
12 19
13 14
13 15
14 15
14 16
14 17
14 18
14 19
15 16
15 17
15 20
16 17
16 20
17 20
18 19
18 20
20 150
10111111111111111101
11011111111111011111
1 2
1 3
1 5
1 6
1 7
1 8
1 9
1 12
1 13
1 14
1 17
1 18
1 20
2 3
2 5
2 6
2 7
2 8
2 9
2 10
2 11
2 13
2 14
2 17
2 18
2 19
2 20
3 4
3 5
3 6
3 7
3 9
3 11
3 12
3 13
3 14
3 15
3 16
3 17
3 19
3 20
4 5
4 6
4 7
4 9
4 11
4 12
4 14
4 15
4 16
4 17
4 18
4 19
4 20
5 7
5 8
5 9
5 10
5 11
5 13
5 14
5 16
5 17
5 18
5 19
5 20
6 7
6 8
6 9
6 10
6 11
6 12
6 13
6 14
6 16
6 17
6 18
6 19
6 20
7 8
7 9
7 10
7 11
7 12
7 14
7 15
7 16
7 17
7 19
7 20
8 10
8 11
8 12
8 13
8 14
8 15
8 16
8 17
8 18
8 19
8 20
9 10
9 11
9 12
9 13
9 17
9 18
9 19
9 20
10 11
10 12
10 13
10 14
10 15
10 16
10 17
10 18
10 20
11 13
11 14
11 15
11 17
11 18
11 19
11 20
12 13
12 14
12 18
12 19
12 20
13 14
13 16
13 17
13 18
13 19
13 20
14 15
14 16
14 18
15 16
15 18
15 19
15 20
16 17
16 20
17 18
17 19
18 19
18 20
19 20
20 114
11111101110111111011
11110111111110101111
1 2
1 3
1 4
1 7
1 9
1 10
1 12
1 15
1 18
1 19
2 8
2 9
2 11
2 12
2 16
3 4
3 5
3 6
3 7
3 8
3 9
3 10
3 12
3 14
3 15
3 16
3 17
3 18
4 5
4 6
4 8
4 9
4 10
4 11
4 12
4 13
4 14
4 15
4 16
4 17
4 18
4 19
4 20
5 6
5 8
5 11
5 12
5 14
5 15
5 16
5 17
6 7
6 8
6 10
6 11
6 12
6 13
6 14
6 16
6 17
6 18
6 19
6 20
7 10
7 13
7 16
7 20
8 9
8 10
8 12
8 14
8 15
8 19
8 20
9 10
9 12
9 13
9 14
9 15
9 16
9 17
9 18
9 19
9 20
10 11
10 12
10 13
10 15
10 16
10 17
10 18
10 20
11 13
11 15
11 18
11 19
12 16
12 18
13 14
13 16
13 17
13 18
13 19
13 20
14 16
14 18
14 19
15 18
16 17
16 18
16 19
16 20
17 20
18 20
20 159
11111111111111111011
11111111101111111111
1 2
1 3
1 6
1 7
1 8
1 9
1 10
1 11
1 12
1 13
1 14
1 16
1 17
1 18
1 20
2 3
2 4
2 5
2 7
2 8
2 10
2 11
2 12
2 13
2 14
2 15
2 16
2 17
2 18
2 19
2 20
3 5
3 8
3 9
3 10
3 11
3 14
3 15
3 16
3 18
3 19
4 5
4 6
4 7
4 8
4 10
4 11
4 12
4 13
4 14
4 15
4 16
4 17
4 18
4 19
5 6
5 7
5 8
5 9
5 10
5 11
5 12
5 13
5 14
5 15
5 16
5 17
5 18
5 20
6 7
6 8
6 9
6 10
6 11
6 12
6 13
6 14
6 15
6 17
6 18
7 8
7 9
7 12
7 13
7 14
7 16
7 17
7 18
7 19
7 20
8 9
8 10
8 12
8 13
8 14
8 15
8 16
8 17
8 18
8 19
8 20
9 10
9 11
9 12
9 13
9 14
9 16
9 18
9 19
10 11
10 12
10 13
10 14
10 15
10 16
10 17
10 18
10 20
11 12
11 13
11 14
11 15
11 16
11 17
11 18
11 19
11 20
12 13
12 14
12 16
12 18
12 19
12 20
13 14
13 15
13 16
13 17
13 18
13 19
13 20
14 15
14 16
14 17
14 19
14 20
15 16
15 17
15 18
15 19
15 20
16 17
16 18
16 19
17 18
17 19
17 20
18 19
18 20
19 20
20 59
10111111101101110111
00111111101111111101
1 6
1 8
1 9
1 14
1 15
1 16
1 20
2 3
2 14
2 20
3 4
3 8
3 11
3 12
3 15
3 19
4 8
4 9
4 16
4 20
5 7
5 8
5 18
6 9
6 12
6 14
6 16
6 18
7 9
7 16
7 19
7 20
8 10
8 16
8 18
9 12
9 16
9 18
9 20
10 17
10 18
10 19
11 14
11 15
11 16
11 17
12 14
12 15
12 16
12 17
12 19
13 14
13 16
14 16
14 19
14 20
15 19
15 20
17 18
20 54
01010111100111111101
01011100011111101111
1 2
1 5
1 6
1 12
1 14
1 18
2 3
2 5
2 7
2 9
2 14
2 18
3 6
3 8
3 10
3 14
4 9
4 11
4 12
4 16
4 17
5 11
5 14
6 7
6 17
6 19
7 9
7 14
7 17
7 18
8 10
8 11
8 12
8 13
8 15
8 19
8 20
9 12
10 14
10 20
11 13
11 18
11 19
12 14
12 19
14 15
14 18
14 19
15 16
15 17
15 18
16 19
17 20
19 20
20 1
00000000000010000000
00000000000000010000
2 15
20 41
10110101101011011000
00110101011011011100
1 3
1 4
1 7
1 10
1 12
2 11
2 13
2 16
3 6
3 15
4 6
4 8
4 14
4 16
4 20
5 11
5 12
6 13
6 16
6 17
6 18
7 13
7 17
8 9
8 13
8 15
9 14
9 16
9 20
10 16
11 13
12 16
12 17
12 18
12 19
13 14
13 15
13 18
16 18
16 19
18 20
20 174
11111111011111111111
11110111111111111111
1 2
1 3
1 4
1 5
1 6
1 7
1 8
1 9
1 10
1 11
1 12
1 13
1 14
1 15
1 16
1 17
1 18
1 19
1 20
2 3
2 4
2 5
2 6
2 7
2 8
2 9
2 10
2 11
2 12
2 13
2 14
2 15
2 16
2 17
2 18
2 19
2 20
3 4
3 5
3 6
3 7
3 8
3 10
3 12
3 13
3 14
3 15
3 16
3 17
3 18
3 19
3 20
4 5
4 6
4 7
4 8
4 9
4 11
4 13
4 14
4 16
4 17
4 18
4 20
5 6
5 7
5 8
5 9
5 10
5 11
5 12
5 13
5 14
5 15
5 16
5 17
5 18
5 19
5 20
6 7
6 8
6 9
6 10
6 11
6 12
6 13
6 14
6 15
6 16
6 17
6 18
6 19
6 20
7 8
7 9
7 10
7 11
7 13
7 14
7 16
7 17
7 18
7 20
8 10
8 11
8 12
8 13
8 14
8 15
8 16
8 18
8 19
8 20
9 10
9 11
9 12
9 13
9 14
9 15
9 16
9 17
9 18
9 19
10 11
10 12
10 13
10 14
10 15
10 16
10 17
10 18
10 19
10 20
11 12
11 13
11 14
11 15
11 16
11 17
11 20
12 13
12 14
12 15
12 16
12 18
12 19
12 20
13 14
13 15
13 16
13 17
13 18
13 19
13 20
14 15
14 16
14 17
14 18
14 19
14 20
15 16
15 17
15 18
15 19
15 20
16 17
16 18
16 19
17 18
17 19
17 20
18 19
18 20
19 20
20 134
10111111101111111111
11111111111110111011
1 2
1 3
1 5
1 6
1 7
1 8
1 9
1 11
1 12
1 13
1 16
1 18
1 19
1 20
2 3
2 5
2 7
2 8
2 10
2 11
2 14
2 15
2 16
2 17
2 18
2 19
3 4
3 6
3 8
3 9
3 12
3 13
3 16
3 17
3 19
3 20
4 5
4 6
4 7
4 8
4 9
4 11
4 12
4 13
4 14
4 15
4 16
4 17
4 18
4 19
5 6
5 11
5 12
5 13
5 14
5 17
6 8
6 9
6 10
6 11
6 13
6 14
6 15
6 16
6 17
6 18
6 19
7 9
7 10
7 11
7 12
7 14
7 15
7 16
7 17
7 18
7 19
8 9
8 10
8 11
8 12
8 13
8 14
8 17
8 18
8 19
9 11
9 12
9 13
9 14
9 16
9 17
9 18
9 19
9 20
10 11
10 14
10 15
10 16
10 17
10 19
11 12
11 13
11 16
11 17
11 19
11 20
12 13
12 14
12 15
12 17
12 19
12 20
13 14
13 17
13 19
14 15
14 16
14 17
14 18
14 19
14 20
15 16
15 18
15 19
15 20
16 17
16 18
16 19
17 19
17 20
18 19
18 20
19 20
20 66
11110111110111101110
11111011011110110111
1 4
1 5
1 7
2 4
2 7
2 10
2 11
2 13
2 15
2 16
2 20
3 4
3 5
3 7
3 8
3 11
3 12
3 13
3 16
3 17
3 18
4 8
4 10
4 19
5 6
5 7
5 15
5 16
5 18
5 20
6 17
6 20
7 10
7 11
7 12
7 17
7 19
7 20
8 10
8 12
8 13
8 14
8 20
9 13
9 15
9 17
9 18
10 12
10 14
11 15
11 17
11 19
11 20
12 16
12 18
12 19
12 20
13 15
13 16
14 15
14 17
14 18
14 20
15 16
16 17
17 19
20 131
11111101111101111111
11111111011111111101
1 3
1 5
1 7
1 8
1 9
1 10
1 11
1 12
1 14
1 15
1 18
1 19
2 3
2 5
2 8
2 12
2 14
2 15
2 16
2 17
2 18
2 20
3 4
3 6
3 8
3 9
3 10
3 11
3 13
3 14
3 15
3 17
3 18
3 20
4 5
4 6
4 7
4 8
4 10
4 11
4 12
4 13
4 17
4 19
5 6
5 8
5 9
5 10
5 11
5 12
5 13
5 14
5 15
5 16
5 18
5 20
6 7
6 8
6 9
6 10
6 11
6 12
6 13
6 14
6 15
6 17
6 18
6 19
7 9
7 10
7 12
7 13
7 14
7 15
7 16
7 17
7 19
7 20
8 9
8 10
8 11
8 12
8 13
8 14
8 15
8 16
8 17
8 20
9 11
9 13
9 14
9 16
9 17
9 18
9 19
9 20
10 11
10 12
10 13
10 14
10 16
10 20
11 12
11 13
11 14
11 15
11 16
11 17
11 18
12 14
12 15
12 16
12 17
12 18
12 19
13 15
13 16
13 17
13 18
13 19
13 20
14 16
14 19
14 20
15 16
15 17
15 19
16 18
17 18
17 19
18 20
20 40
11111111111111100001
11111101111111100110
1 5
1 11
1 13
1 17
2 3
2 13
3 11
3 12
3 13
4 5
4 11
4 12
4 13
4 14
4 17
5 8
5 13
5 16
5 18
6 9
6 10
6 14
6 19
6 20
8 12
8 14
9 11
9 15
9 17
9 18
10 17
10 18
11 16
12 19
13 14
13 19
14 16
15 17
15 18
17 20
20 87
10111011111011110111
11101111101001111111
1 2
1 5
1 6
1 9
1 11
1 14
1 16
1 17
1 18
1 19
1 20
2 4
2 7
2 8
2 9
2 15
2 16
2 19
3 5
3 6
3 7
3 8
3 10
3 11
3 13
3 14
3 16
3 20
4 6
4 7
4 8
4 12
4 13
4 16
4 18
5 11
5 12
5 14
5 16
5 19
6 7
6 8
6 10
6 11
6 14
6 17
6 19
7 9
7 10
7 13
7 14
7 16
7 17
7 18
8 9
8 11
8 12
8 14
8 18
8 19
8 20
9 11
9 13
9 14
9 17
9 19
10 14
10 15
10 18
10 19
11 13
12 14
12 16
12 17
12 18
13 15
14 17
15 16
15 17
15 18
15 19
15 20
16 19
16 20
17 18
17 20
18 20
20 149
11111011111101111111
11111111111110111110
1 2
1 3
1 4
1 5
1 9
1 10
1 11
1 12
1 13
1 14
1 16
1 17
1 19
1 20
2 5
2 6
2 7
2 8
2 9
2 11
2 12
2 13
2 14
2 15
2 16
2 17
2 18
2 20
3 4
3 5
3 6
3 7
3 8
3 9
3 10
3 11
3 12
3 15
3 16
3 17
3 18
3 20
4 5
4 6
4 7
4 8
4 11
4 12
4 13
4 14
4 15
4 16
4 17
4 19
5 6
5 7
5 8
5 9
5 10
5 11
5 13
5 14
5 15
5 16
5 17
5 18
5 19
6 7
6 9
6 10
6 11
6 12
6 14
6 15
6 16
6 17
6 18
6 19
6 20
7 8
7 9
7 10
7 11
7 12
7 13
7 15
7 17
7 20
8 9
8 10
8 11
8 12
8 13
8 15
8 16
8 17
8 18
8 19
9 10
9 11
9 12
9 16
9 17
9 20
10 11
10 12
10 13
10 14
10 16
10 17
10 18
10 19
10 20
11 12
11 13
11 14
11 15
11 16
11 17
11 18
11 19
11 20
12 13
12 14
12 15
12 17
12 18
12 19
12 20
13 14
13 15
13 16
13 17
13 18
13 19
14 15
14 16
14 18
14 19
14 20
15 17
15 18
16 17
16 18
16 19
16 20
17 18
17 20
18 20
20 60
11111111110011110011
11011110110111110111
1 7
1 8
1 12
1 16
2 3
2 4
2 8
2 10
2 13
2 16
2 20
3 6
3 7
3 9
3 13
3 16
3 17
3 19
4 6
4 9
4 11
4 14
4 15
4 17
4 20
5 6
5 9
5 11
5 15
5 16
6 7
6 10
6 11
6 13
6 19
7 11
7 13
7 14
7 20
8 16
8 19
9 11
9 12
9 14
9 15
9 18
9 20
10 12
10 13
10 19
11 14
11 15
11 16
12 19
13 16
13 17
13 18
14 16
14 17
16 20
20 35
11111101011100101010
01011111010111010011
1 3
1 15
1 17
1 18
2 5
2 8
2 9
2 11
2 13
2 16
3 20
4 8
4 11
4 12
4 18
5 10
5 16
6 10
6 12
6 14
7 9
7 10
8 12
8 19
9 19
10 13
10 14
10 18
10 20
12 19
13 17
13 19
16 20
17 19
17 20
20 158
11111111110111111101
11111111111101111110
1 2
1 3
1 5
1 6
1 7
1 8
1 9
1 11
1 12
1 13
1 14
1 15
1 16
1 17
1 18
1 19
1 20
2 3
2 5
2 6
2 7
2 8
2 9
2 10
2 11
2 12
2 13
2 14
2 16
2 19
2 20
3 4
3 5
3 6
3 7
3 8
3 9
3 10
3 11
3 12
3 13
3 14
3 15
3 16
3 17
3 18
3 19
3 20
4 5
4 6
4 7
4 8
4 9
4 10
4 11
4 12
4 13
4 14
4 15
4 16
4 17
4 18
4 19
5 6
5 8
5 13
5 14
5 15
5 16
5 17
5 18
5 19
6 11
6 12
6 13
6 14
6 15
6 16
6 18
6 19
7 8
7 9
7 10
7 11
7 12
7 13
7 15
7 16
7 17
7 18
7 20
8 9
8 10
8 11
8 12
8 13
8 15
8 16
8 17
8 18
8 19
8 20
9 10
9 11
9 13
9 14
9 15
9 17
9 18
9 19
9 20
10 11
10 12
10 13
10 14
10 15
10 16
10 18
10 19
10 20
11 13
11 14
11 15
11 17
11 18
11 19
12 13
12 15
12 16
12 17
12 18
12 20
13 14
13 15
13 16
13 17
13 18
13 19
13 20
14 15
14 16
14 17
14 19
14 20
15 17
15 18
15 19
15 20
16 17
16 18
16 19
16 20
17 18
17 19
17 20
18 19
18 20
19 20
20 29
00110010010011111111
00011110111101001110
1 10
2 6
3 6
3 8
3 9
3 17
4 5
4 6
5 8
5 9
5 12
5 14
7 17
7 18
7 19
9 10
9 17
9 19
10 13
10 14
10 15
10 19
11 13
11 15
12 18
13 20
14 18
16 17
16 19
20 78
11111110111001111011
10111111111001110111
1 3
1 5
1 6
1 7
1 9
1 10
1 11
1 12
1 14
1 15
1 18
1 19
2 3
2 7
2 8
2 12
2 13
2 16
3 5
3 10
3 11
3 13
3 15
3 17
4 6
4 7
4 8
4 9
4 10
4 12
4 13
4 15
4 16
4 19
5 6
5 7
5 9
5 11
5 14
5 15
5 17
5 19
6 7
6 8
6 13
6 16
6 17
6 18
6 19
6 20
7 10
7 13
7 17
8 11
8 17
8 20
9 11
9 12
9 13
10 11
10 14
10 15
10 16
10 19
11 12
11 15
11 17
11 19
11 20
12 18
12 20
13 16
13 18
14 16
15 19
15 20
16 19
17 19
20 157
11111110111111111111
11111111111111111101
1 2
1 3
1 4
1 6
1 7
1 8
1 9
1 10
1 12
1 14
1 15
1 16
1 17
1 18
1 19
1 20
2 3
2 4
2 5
2 7
2 8
2 9
2 10
2 11
2 12
2 13
2 14
2 15
2 16
2 18
2 19
3 5
3 6
3 7
3 8
3 9
3 10
3 11
3 12
3 13
3 15
3 16
3 17
3 18
3 19
3 20
4 5
4 7
4 8
4 9
4 10
4 12
4 13
4 15
4 16
4 17
4 18
4 19
4 20
5 6
5 7
5 9
5 10
5 11
5 12
5 13
5 15
5 16
5 17
5 18
5 19
6 8
6 9
6 10
6 11
6 12
6 13
6 14
6 15
6 16
6 17
6 18
6 19
6 20
7 8
7 9
7 10
7 11
7 12
7 13
7 14
7 16
7 17
7 18
7 19
8 9
8 10
8 11
8 12
8 13
8 14
8 15
8 16
8 17
8 18
8 19
8 20
9 10
9 11
9 12
9 14
9 15
9 16
9 17
9 19
9 20
10 11
10 12
10 16
10 17
10 18
10 19
10 20
11 14
11 18
11 19
11 20
12 13
12 14
12 15
12 16
12 17
12 18
12 20
13 15
13 16
13 17
13 18
13 20
14 15
14 16
14 18
14 19
14 20
15 16
15 17
15 19
15 20
16 17
16 18
16 19
16 20
17 18
17 20
18 19
18 20
19 20
20 157
11011101111111111111
11011111111101111111
1 2
1 3
1 4
1 6
1 7
1 8
1 9
1 10
1 11
1 13
1 15
1 16
1 18
1 19
1 20
2 4
2 5
2 6
2 7
2 8
2 9
2 10
2 11
2 12
2 13
2 14
2 15
2 16
2 17
2 18
2 20
3 4
3 5
3 8
3 9
3 10
3 11
3 12
3 14
3 15
3 17
3 18
3 19
3 20
4 8
4 10
4 11
4 12
4 13
4 14
4 15
4 17
4 19
4 20
5 6
5 8
5 9
5 11
5 12
5 13
5 14
5 15
5 16
5 17
5 18
5 20
6 7
6 9
6 10
6 11
6 12
6 13
6 14
6 15
6 19
6 20
7 8
7 9
7 10
7 12
7 13
7 14
7 16
7 17
7 18
7 19
8 9
8 10
8 11
8 12
8 13
8 14
8 15
8 16
8 17
8 18
8 19
8 20
9 10
9 11
9 12
9 13
9 14
9 15
9 16
9 17
9 18
9 20
10 11
10 12
10 13
10 14
10 16
10 17
10 18
10 19
10 20
11 12
11 13
11 14
11 15
11 16
11 17
11 19
12 13
12 14
12 15
12 16
12 17
12 18
12 19
12 20
13 14
13 15
13 16
13 17
13 18
13 19
13 20
14 16
14 17
14 18
14 19
14 20
15 16
15 17
15 18
15 19
15 20
16 17
16 18
16 20
17 18
17 19
17 20
18 19
19 20
20 34
11111111011001010110
10111111001001110111
1 8
1 11
2 6
2 10
2 11
3 5
3 6
3 9
3 11
3 12
3 17
4 7
4 18
5 7
5 8
5 16
6 7
6 19
7 16
7 17
8 11
9 10
9 19
10 12
10 14
11 14
11 15
12 16
12 17
13 14
14 17
14 18
15 18
19 20
20 128
11101111111111011111
11110111011111111111
1 2
1 3
1 5
1 6
1 7
1 8
1 9
1 10
1 11
1 12
1 13
1 15
1 19
2 3
2 4
2 5
2 6
2 7
2 9
2 10
2 12
2 15
2 16
2 17
2 18
2 19
3 4
3 6
3 8
3 9
3 10
3 11
3 13
3 14
3 15
3 16
3 19
3 20
4 6
4 7
4 9
4 10
4 13
4 14
4 15
4 16
4 17
4 18
4 19
5 9
5 12
5 13
5 14
5 16
5 17
5 18
6 7
6 8
6 9
6 10
6 12
6 14
6 18
7 8
7 9
7 10
7 13
7 14
7 15
7 16
7 17
7 18
7 20
8 9
8 10
8 11
8 12
8 13
8 14
8 15
8 17
8 18
8 19
8 20
9 10
9 11
9 12
9 18
9 19
9 20
10 12
10 13
10 14
10 16
10 17
10 18
11 13
11 14
11 15
11 16
11 18
11 19
11 20
12 13
12 14
12 15
12 19
12 20
13 14
13 17
13 18
13 19
13 20
14 15
14 16
14 17
14 18
14 19
15 17
15 18
15 20
16 17
16 19
16 20
17 18
17 19
18 19
19 20
20 51
00111111111011110101
11001111101110111101
1 7
1 15
1 16
1 19
1 20
2 6
2 7
2 12
2 19
2 20
3 15
3 20
4 9
4 11
4 14
4 15
4 17
4 19
5 6
5 8
5 10
5 19
6 7
6 8
6 16
6 18
7 11
7 13
7 14
7 16
7 17
7 20
8 9
8 11
8 16
8 19
9 14
9 15
9 16
10 12
10 15
10 20
11 20
12 13
12 16
12 19
13 16
15 18
16 18
16 20
18 19
20 133
01111111111110111011
01111110110111111111
1 2
1 3
1 4
1 5
1 7
1 8
1 9
1 10
1 12
1 15
1 16
1 17
1 19
1 20
2 3
2 4
2 6
2 7
2 9
2 10
2 12
2 13
2 15
2 16
2 17
2 18
2 19
2 20
3 7
3 8
3 9
3 12
3 13
3 15
3 16
3 17
3 19
4 5
4 6
4 9
4 10
4 11
4 15
4 16
4 17
4 19
4 20
5 6
5 8
5 10
5 13
5 15
5 17
5 18
5 20
6 7
6 8
6 9
6 11
6 12
6 13
6 14
6 17
6 18
6 19
6 20
7 8
7 9
7 10
7 11
7 12
7 13
7 15
7 16
7 17
7 18
8 11
8 12
8 15
8 16
8 17
8 19
8 20
9 10
9 11
9 13
9 14
9 15
9 16
9 17
9 19
9 20
10 11
10 13
10 14
10 16
10 17
10 18
10 19
10 20
11 12
11 13
11 14
11 15
11 17
11 20
12 13
12 14
12 16
12 17
12 18
12 19
12 20
13 15
13 16
13 17
13 18
13 19
14 15
14 16
14 17
14 18
14 20
15 16
15 17
15 18
15 19
15 20
16 17
16 18
16 19
18 20
19 20
20 49
01111100111101111111
11101101111111011110
1 6
1 17
1 20
2 4
2 6
2 12
2 14
2 17
3 7
3 10
3 13
3 17
3 18
4 6
4 11
4 17
5 9
5 10
5 12
5 14
5 16
5 17
6 9
6 15
6 16
6 19
7 15
7 18
7 20
8 17
8 19
9 12
9 13
9 15
11 14
11 17
11 18
11 20
12 13
12 16
14 18
14 20
15 17
15 19
16 17
16 18
16 19
17 20
18 20
20 75
11111111111101111110
11110111111111011111
1 2
1 4
1 9
1 12
1 15
1 16
1 17
1 18
2 4
2 5
2 8
2 13
2 14
2 18
2 19
3 10
3 11
3 12
3 13
3 14
3 15
3 17
3 19
4 8
4 11
4 15
4 19
4 20
5 7
5 11
5 13
5 17
6 9
6 10
6 13
6 14
6 15
6 17
6 18
7 8
7 9
7 11
7 12
7 13
7 15
7 18
8 10
8 15
8 16
8 17
9 10
9 18
10 13
10 15
11 13
11 14
11 16
11 17
11 19
12 14
12 16
12 18
12 19
12 20
13 14
13 15
13 17
13 19
13 20
14 15
14 16
14 17
15 18
16 19
18 20
20 120
10111111111111111101
11111011111111101111
1 4
1 6
1 7
1 9
1 10
1 11
1 13
1 17
1 18
1 20
2 4
2 5
2 6
2 7
2 9
2 11
2 13
2 14
2 16
2 18
2 19
2 20
3 4
3 7
3 8
3 12
3 15
3 16
3 18
3 19
4 7
4 8
4 9
4 10
4 12
4 13
4 14
4 15
4 19
4 20
5 6
5 7
5 8
5 9
5 10
5 12
5 13
5 14
5 15
5 17
5 18
6 7
6 8
6 9
6 11
6 12
6 13
6 14
6 15
6 16
6 18
7 8
7 9
7 10
7 12
7 14
7 15
7 16
7 18
7 19
7 20
8 10
8 12
8 13
8 14
8 19
8 20
9 11
9 12
9 13
9 15
9 16
9 18
9 20
10 13
10 14
10 16
10 18
10 20
11 12
11 14
11 16
11 17
11 18
11 20
12 13
12 15
12 16
12 17
12 18
12 19
13 14
13 16
13 17
13 18
13 19
13 20
14 15
14 16
14 18
14 19
14 20
15 16
15 18
15 20
16 17
16 19
17 20
18 19
19 20
20 115
10101110011111111111
10101011111111110111
1 2
1 3
1 4
1 5
1 6
1 7
1 8
1 9
1 10
1 11
1 14
1 15
1 18
1 19
1 20
2 4
2 5
2 7
2 11
2 13
2 14
2 15
2 19
2 20
3 4
3 5
3 6
3 8
3 10
3 11
3 12
3 14
3 15
3 16
3 18
3 19
3 20
4 6
4 7
4 9
4 10
4 11
4 12
4 17
4 19
4 20
5 8
5 9
5 11
5 15
5 17
5 18
5 19
5 20
6 7
6 8
6 9
6 10
6 11
6 12
6 13
6 16
7 8
7 10
7 11
7 13
7 16
7 18
8 10
8 11
8 12
8 13
8 15
8 16
8 18
8 19
8 20
9 14
9 19
9 20
10 11
10 14
10 15
10 16
10 18
10 19
11 13
11 15
11 17
11 19
11 20
12 13
12 14
12 15
12 16
12 18
12 19
12 20
13 15
13 16
13 17
13 18
13 19
13 20
14 16
14 18
14 19
15 16
15 17
15 18
16 17
16 19
17 18
17 19
18 19
20 0
00000000000000000000
00000000000000000000
20 181
11101011110111111111
11011111110011111111
1 2
1 3
1 4
1 5
1 6
1 7
1 8
1 9
1 10
1 11
1 12
1 13
1 14
1 15
1 16
1 17
1 18
1 19
1 20
2 3
2 4
2 5
2 6
2 7
2 8
2 9
2 10
2 11
2 12
2 13
2 14
2 15
2 16
2 17
2 19
2 20
3 4
3 5
3 6
3 7
3 8
3 9
3 10
3 12
3 13
3 14
3 15
3 16
3 17
3 18
3 19
3 20
4 5
4 6
4 7
4 8
4 9
4 10
4 11
4 12
4 13
4 14
4 15
4 16
4 17
4 18
4 19
4 20
5 6
5 7
5 8
5 9
5 10
5 11
5 12
5 13
5 14
5 15
5 16
5 17
5 18
5 20
6 7
6 8
6 9
6 10
6 11
6 12
6 13
6 14
6 15
6 16
6 17
6 18
6 19
6 20
7 8
7 9
7 10
7 11
7 12
7 13
7 14
7 15
7 16
7 18
7 19
7 20
8 9
8 10
8 11
8 12
8 13
8 14
8 15
8 16
8 17
8 18
8 19
8 20
9 10
9 11
9 12
9 13
9 14
9 15
9 16
9 17
9 18
9 19
9 20
10 11
10 12
10 13
10 14
10 15
10 16
10 18
10 19
10 20
11 12
11 13
11 14
11 15
11 17
11 18
11 19
11 20
12 13
12 14
12 15
12 16
12 17
12 18
12 19
12 20
13 14
13 15
13 16
13 17
13 19
13 20
14 16
14 17
14 18
14 19
14 20
15 16
15 17
15 18
15 19
15 20
16 17
16 18
16 19
16 20
17 18
17 19
17 20
18 19
18 20
20 50
01011111111110111101
10011111011111011111
1 6
1 10
1 13
1 17
1 18
1 19
2 9
2 14
3 12
3 16
3 20
4 6
4 8
4 10
4 11
4 12
4 17
4 19
5 6
5 12
5 15
6 10
6 12
6 13
6 18
7 12
7 20
8 10
8 16
8 18
8 19
8 20
9 11
9 16
9 17
9 20
10 12
10 15
10 18
11 12
11 14
11 17
13 14
13 15
13 16
13 19
15 17
16 17
16 18
16 20
20 44
01110111111111011001
11011111100111100111
1 2
1 8
1 9
1 18
2 6
2 7
2 11
2 12
2 16
3 13
3 14
3 15
3 17
3 18
3 19
3 20
4 5
4 6
4 14
5 9
5 13
6 13
6 20
7 9
7 14
7 15
7 20
8 9
8 13
8 16
8 20
9 12
9 14
9 15
9 16
10 18
10 20
11 14
11 15
12 13
13 14
14 18
14 19
17 20
20 163
11111111011111111111
11111111101111111111
1 2
1 3
1 4
1 6
1 7
1 8
1 9
1 10
1 11
1 12
1 13
1 14
1 15
1 16
1 18
1 19
2 3
2 4
2 5
2 6
2 7
2 8
2 9
2 10
2 11
2 12
2 13
2 15
2 16
2 17
2 18
2 19
2 20
3 4
3 5
3 7
3 8
3 9
3 10
3 11
3 12
3 13
3 14
3 16
3 17
3 19
3 20
4 6
4 9
4 10
4 11
4 14
4 15
4 16
4 17
4 18
4 19
4 20
5 8
5 9
5 10
5 11
5 12
5 13
5 14
5 15
5 16
5 17
5 18
5 20
6 7
6 9
6 10
6 11
6 12
6 13
6 14
6 15
6 16
6 17
6 18
6 19
6 20
7 8
7 9
7 11
7 12
7 13
7 14
7 15
7 16
7 17
7 18
7 19
8 10
8 11
8 12
8 13
8 14
8 15
8 16
8 17
8 19
9 10
9 11
9 12
9 13
9 14
9 15
9 16
9 17
9 18
9 19
9 20
10 11
10 12
10 13
10 14
10 16
10 17
10 18
10 19
10 20
11 12
11 13
11 14
11 16
11 17
11 18
11 19
11 20
12 13
12 14
12 16
12 17
12 18
12 19
12 20
13 14
13 15
13 17
13 18
13 19
13 20
14 16
14 17
14 18
14 19
14 20
15 16
15 17
15 18
15 19
15 20
16 17
16 18
16 19
16 20
17 18
17 19
18 19
18 20
19 20
20 72
11110111111110101111
11110111111111101011
1 3
1 5
1 6
1 10
1 11
1 12
1 13
1 14
1 15
1 16
1 19
2 6
2 8
2 10
2 15
2 16
3 5
3 6
3 8
3 12
3 15
3 18
3 19
4 7
4 10
4 15
4 19
5 13
5 18
5 19
5 20
6 7
6 12
6 13
6 15
6 16
6 20
7 9
7 12
7 13
7 17
8 10
8 12
8 14
8 15
8 17
8 20
9 11
9 13
9 17
9 18
9 19
10 12
10 13
10 14
10 15
10 16
10 19
11 16
11 18
11 19
12 13
12 17
12 18
12 20
13 14
14 19
14 20
15 17
15 20
17 18
18 19
20 12
11000010001001100011
11000000101001010110
1 4
2 16
2 20
4 7
4 14
5 11
6 9
8 20
9 14
10 18
13 19
15 18
20 70
11111101100111111111
01111110110111111111
1 5
1 6
1 13
1 15
1 16
2 4
2 8
2 11
2 17
2 18
2 20
3 5
3 6
3 7
3 10
3 12
3 15
3 18
4 7
4 9
4 14
4 15
4 16
4 20
5 9
5 20
6 7
6 11
6 13
6 16
6 17
6 18
6 19
6 20
7 8
7 12
7 14
7 19
7 20
8 12
8 13
8 18
8 19
8 20
9 12
9 18
9 20
10 12
10 17
10 20
11 12
11 16
12 14
12 15
12 17
12 19
13 15
13 17
13 18
13 19
14 16
14 17
14 19
14 20
15 16
15 17
15 19
16 17
16 20
18 19
20 9
01111000100001010010
01110010000001011010
2 10
3 6
4 8
4 11
4 20
5 19
7 14
11 16
17 19
20 176
11111111110111111111
11011111111111111111
1 2
1 3
1 4
1 5
1 6
1 7
1 8
1 9
1 10
1 11
1 13
1 14
1 15
1 17
1 18
1 19
1 20
2 3
2 4
2 5
2 6
2 7
2 8
2 9
2 10
2 11
2 12
2 13
2 14
2 15
2 16
2 17
2 18
2 19
2 20
3 4
3 5
3 6
3 7
3 8
3 9
3 10
3 11
3 12
3 13
3 14
3 15
3 16
3 17
3 18
3 20
4 5
4 6
4 7
4 8
4 9
4 10
4 11
4 12
4 13
4 14
4 15
4 16
4 18
4 19
4 20
5 7
5 8
5 9
5 10
5 11
5 12
5 13
5 14
5 15
5 16
5 17
5 18
5 19
5 20
6 7
6 8
6 9
6 10
6 11
6 12
6 13
6 14
6 15
6 16
6 17
6 18
6 20
7 8
7 9
7 10
7 11
7 12
7 13
7 15
7 16
7 18
7 19
7 20
8 9
8 11
8 12
8 13
8 14
8 15
8 16
8 18
8 19
8 20
9 10
9 11
9 12
9 13
9 14
9 15
9 16
9 17
9 19
9 20
10 11
10 12
10 13
10 14
10 15
10 16
10 17
10 18
10 19
10 20
11 12
11 13
11 14
11 15
11 16
11 17
11 18
11 19
11 20
12 14
12 15
12 16
12 17
12 18
12 19
13 14
13 15
13 17
13 18
13 19
13 20
14 15
14 16
14 17
14 18
14 19
14 20
15 16
15 17
15 18
15 19
15 20
16 17
16 18
16 19
16 20
17 18
17 19
17 20
18 19
18 20
19 20
20 189
11111111111110111111
11111111111111111011
1 2
1 3
1 4
1 5
1 6
1 7
1 8
1 9
1 10
1 11
1 12
1 13
1 14
1 15
1 16
1 17
1 18
1 19
1 20
2 3
2 4
2 5
2 6
2 7
2 8
2 9
2 10
2 11
2 12
2 13
2 14
2 15
2 16
2 17
2 18
2 19
2 20
3 4
3 5
3 6
3 7
3 8
3 9
3 10
3 11
3 12
3 13
3 14
3 15
3 16
3 17
3 18
3 19
3 20
4 5
4 6
4 7
4 8
4 9
4 10
4 11
4 12
4 13
4 14
4 15
4 16
4 17
4 18
4 19
4 20
5 6
5 7
5 8
5 9
5 10
5 11
5 12
5 13
5 14
5 15
5 16
5 17
5 18
5 19
5 20
6 7
6 8
6 9
6 10
6 11
6 12
6 13
6 14
6 15
6 16
6 17
6 18
6 19
6 20
7 8
7 9
7 10
7 11
7 12
7 13
7 14
7 15
7 16
7 17
7 18
7 19
7 20
8 9
8 10
8 11
8 12
8 13
8 14
8 15
8 16
8 17
8 18
8 19
8 20
9 10
9 11
9 12
9 13
9 14
9 15
9 16
9 17
9 18
9 19
9 20
10 11
10 12
10 13
10 14
10 15
10 16
10 17
10 18
10 19
10 20
11 12
11 13
11 14
11 15
11 16
11 17
11 18
11 19
12 13
12 14
12 15
12 16
12 17
12 18
12 19
12 20
13 14
13 15
13 16
13 17
13 18
13 19
13 20
14 15
14 16
14 17
14 18
14 19
14 20
15 16
15 17
15 18
15 19
15 20
16 17
16 18
16 19
16 20
17 18
17 19
17 20
18 19
18 20
19 20
20 38
10001110111000101011
11001011110100100110
1 5
1 7
1 18
1 20
2 15
3 5
3 8
3 9
4 7
4 15
4 16
5 6
5 7
5 13
5 18
6 7
6 13
6 19
6 20
7 9
7 14
7 19
8 14
8 16
8 20
9 10
9 12
9 19
10 16
11 15
11 17
12 16
12 17
13 14
13 17
14 19
17 18
18 20
20 190
11101111111111111111
11111111111011111111
1 2
1 3
1 4
1 5
1 6
1 7
1 8
1 9
1 10
1 11
1 12
1 13
1 14
1 15
1 16
1 17
1 18
1 19
1 20
2 3
2 4
2 5
2 6
2 7
2 8
2 9
2 10
2 11
2 12
2 13
2 14
2 15
2 16
2 17
2 18
2 19
2 20
3 4
3 5
3 6
3 7
3 8
3 9
3 10
3 11
3 12
3 13
3 14
3 15
3 16
3 17
3 18
3 19
3 20
4 5
4 6
4 7
4 8
4 9
4 10
4 11
4 12
4 13
4 14
4 15
4 16
4 17
4 18
4 19
4 20
5 6
5 7
5 8
5 9
5 10
5 11
5 12
5 13
5 14
5 15
5 16
5 17
5 18
5 19
5 20
6 7
6 8
6 9
6 10
6 11
6 12
6 13
6 14
6 15
6 16
6 17
6 18
6 19
6 20
7 8
7 9
7 10
7 11
7 12
7 13
7 14
7 15
7 16
7 17
7 18
7 19
7 20
8 9
8 10
8 11
8 12
8 13
8 14
8 15
8 16
8 17
8 18
8 19
8 20
9 10
9 11
9 12
9 13
9 14
9 15
9 16
9 17
9 18
9 19
9 20
10 11
10 12
10 13
10 14
10 15
10 16
10 17
10 18
10 19
10 20
11 12
11 13
11 14
11 15
11 16
11 17
11 18
11 19
11 20
12 13
12 14
12 15
12 16
12 17
12 18
12 19
12 20
13 14
13 15
13 16
13 17
13 18
13 19
13 20
14 15
14 16
14 17
14 18
14 19
14 20
15 16
15 17
15 18
15 19
15 20
16 17
16 18
16 19
16 20
17 18
17 19
17 20
18 19
18 20
19 20
20 27
10011101001101010111
11111101001100011100
1 6
1 12
1 18
2 3
3 6
3 8
3 11
4 12
4 13
4 19
5 7
5 16
6 8
6 11
6 14
6 17
7 11
7 13
7 15
8 14
8 17
11 18
12 15
12 18
14 16
17 18
17 20
20 63
11111111111100110010
11111101011101011101
1 2
1 10
1 13
1 20
2 19
2 20
3 6
3 10
3 12
3 17
3 19
4 5
4 6
4 8
4 9
4 10
4 15
4 16
4 17
4 18
5 6
5 11
5 12
5 15
5 16
5 17
5 20
6 10
6 11
6 14
6 15
6 16
6 17
6 18
7 8
7 12
7 17
7 18
7 20
8 9
8 10
8 11
8 14
8 19
9 10
9 12
9 15
9 16
9 17
10 12
10 16
10 17
11 12
11 14
11 15
12 17
12 18
13 17
15 16
15 17
16 19
18 19
19 20
20 5
00010000000000100110
00010000000010000110
4 8
4 15
6 11
11 19
12 18
20 19
01001111011110000111
00101100111110011110
1 2
1 6
2 5
2 20
3 6
3 17
5 9
5 18
6 10
7 8
7 9
7 12
8 11
10 12
12 19
13 14
15 16
15 19
15 20
20 17
00110111101110101100
11100001110011011101
1 13
3 17
4 8
4 9
4 17
6 18
7 14
8 17
9 15
10 11
10 13
10 14
13 15
14 18
14 20
16 18
17 20
20 135
10111011111111111111
11111111011110111111
1 2
1 3
1 5
1 6
1 7
1 8
1 9
1 10
1 11
1 13
1 14
1 15
1 16
1 17
1 18
1 19
2 3
2 7
2 8
2 10
2 11
2 13
2 14
2 16
2 17
2 19
2 20
3 4
3 6
3 7
3 8
3 12
3 13
3 14
3 16
3 17
3 18
3 20
4 5
4 6
4 7
4 8
4 9
4 11
4 12
4 13
4 15
4 20
5 6
5 8
5 9
5 10
5 11
5 12
5 13
5 15
5 16
5 17
5 19
6 7
6 8
6 9
6 11
6 14
6 15
6 16
6 18
6 19
7 8
7 9
7 10
7 11
7 12
7 14
7 15
7 16
7 17
7 19
8 9
8 11
8 12
8 13
8 16
8 17
8 18
8 19
8 20
9 10
9 11
9 12
9 13
9 14
9 15
9 18
9 19
9 20
10 12
10 14
10 15
10 16
10 17
10 19
11 12
11 13
11 14
11 18
11 20
12 13
12 14
12 16
12 19
12 20
13 14
13 15
13 16
13 17
13 18
13 19
13 20
14 15
14 17
14 18
14 19
14 20
15 16
15 17
15 19
15 20
16 20
17 18
17 19
17 20
18 19
18 20
19 20
20 160
11001111111111111111
11111111110111111011
1 2
1 3
1 4
1 5
1 6
1 7
1 8
1 9
1 10
1 11
1 12
1 13
1 14
1 15
1 16
1 17
1 19
1 20
2 4
2 5
2 6
2 7
2 8
2 9
2 11
2 12
2 13
2 14
2 15
2 16
2 17
2 18
2 19
2 20
3 4
3 5
3 6
3 8
3 9
3 10
3 11
3 12
3 13
3 14
3 15
3 16
3 17
3 18
3 19
3 20
4 5
4 7
4 8
4 9
4 10
4 11
4 12
4 13
4 14
4 16
4 17
4 18
4 19
4 20
5 6
5 7
5 8
5 9
5 10
5 11
5 12
5 13
5 14
5 15
5 16
5 18
5 19
5 20
6 7
6 8
6 10
6 12
6 13
6 14
6 15
6 16
6 17
6 18
6 19
6 20
7 9
7 10
7 13
7 14
7 17
7 18
7 19
7 20
8 10
8 11
8 12
8 13
8 14
8 15
8 17
8 20
9 10
9 12
9 14
9 15
9 16
9 17
9 18
9 19
9 20
10 12
10 13
10 14
10 15
10 16
10 17
10 18
10 19
10 20
11 12
11 13
11 14
11 15
11 16
11 17
11 19
11 20
12 13
12 14
12 15
12 16
12 17
12 18
12 19
13 14
13 16
13 17
13 19
13 20
14 17
14 18
14 20
15 16
15 17
15 19
15 20
16 17
16 18
16 19
16 20
17 19
17 20
18 19
18 20
19 20
20 158
11111111111011111011
11101111111101111111
1 2
1 4
1 6
1 7
1 9
1 10
1 11
1 12
1 13
1 14
1 15
1 16
1 18
1 19
1 20
2 3
2 4
2 6
2 7
2 8
2 9
2 11
2 12
2 13
2 14
2 15
2 17
2 18
2 19
2 20
3 4
3 5
3 6
3 8
3 9
3 10
3 12
3 13
3 14
3 15
3 17
3 18
3 19
3 20
4 6
4 7
4 9
4 10
4 11
4 12
4 13
4 14
4 15
4 16
4 17
4 18
5 6
5 7
5 8
5 9
5 10
5 12
5 13
5 14
5 15
5 16
5 17
5 18
5 19
5 20
6 7
6 8
6 9
6 10
6 11
6 12
6 14
6 15
6 16
6 18
6 19
6 20
7 8
7 9
7 10
7 11
7 12
7 13
7 14
7 15
7 16
7 17
7 18
7 19
7 20
8 9
8 10
8 11
8 15
8 16
8 17
8 18
8 19
8 20
9 11
9 12
9 13
9 14
9 15
9 16
9 17
9 18
9 19
9 20
10 11
10 12
10 13
10 17
10 18
10 19
10 20
11 12
11 13
11 14
11 15
11 16
11 17
11 18
11 19
11 20
12 13
12 14
12 15
12 17
12 18
12 19
13 14
13 15
13 19
13 20
14 15
14 16
14 17
14 19
14 20
15 17
15 18
15 19
15 20
16 17
16 19
16 20
17 18
17 19
17 20
18 19
18 20
19 20
20 105
11111110111111110111
11111011111111110111
1 5
1 10
1 11
1 12
1 13
1 20
2 5
2 6
2 7
2 8
2 9
2 10
2 12
2 13
2 14
2 15
2 17
2 19
2 20
3 4
3 6
3 8
3 11
3 12
3 13
3 14
3 17
3 19
4 5
4 6
4 7
4 8
4 9
4 10
4 12
4 13
4 16
4 19
4 20
5 6
5 8
5 18
6 8
6 9
6 11
6 13
6 14
6 15
7 9
7 10
7 12
7 13
7 14
7 15
7 16
7 17
7 18
7 19
7 20
8 9
8 10
8 11
8 12
8 20
9 10
9 11
9 12
9 15
9 16
9 17
9 18
9 19
9 20
10 12
10 14
10 15
10 16
11 12
11 13
11 14
11 15
11 18
11 19
11 20
12 15
12 18
12 19
12 20
13 14
13 15
13 16
13 17
13 18
13 19
14 15
14 17
14 20
15 16
15 17
15 18
15 19
16 17
16 20
18 19
19 20
20 64
11101111111111110011
01111111111011111011
1 7
1 9
1 10
1 11
1 15
2 4
2 5
2 10
2 15
2 17
2 18
2 20
3 4
3 7
3 8
3 9
3 10
3 11
3 12
3 16
4 6
4 7
4 9
4 13
4 16
5 7
5 9
5 13
5 15
5 20
6 7
6 9
6 16
6 18
6 20
7 8
7 12
8 11
8 14
8 16
8 17
8 18
9 10
9 12
9 14
10 11
10 12
10 14
10 16
11 15
11 18
11 19
12 13
12 15
13 14
13 19
14 18
14 19
15 16
15 19
15 20
16 19
17 19
18 20
20 105
11111111111111011111
01111111111111111111
1 3
1 6
1 7
1 9
1 10
1 12
1 13
1 14
1 15
1 16
1 19
1 20
2 3
2 5
2 6
2 7
2 9
2 10
2 11
2 12
2 13
2 15
2 17
2 18
2 19
2 20
3 8
3 14
3 15
3 16
3 17
3 19
4 5
4 6
4 7
4 9
4 11
4 13
4 18
4 19
4 20
5 6
5 7
5 9
5 11
5 12
5 13
5 14
5 16
5 18
5 19
5 20
6 7
6 8
6 9
6 12
6 13
6 14
6 18
6 19
6 20
7 8
7 10
7 11
7 15
8 10
8 11
8 12
8 14
8 16
8 17
8 18
9 13
9 15
9 16
9 18
10 11
10 12
10 16
10 20
11 13
11 14
11 15
11 16
11 17
11 18
11 20
12 13
12 15
12 16
13 16
13 17
13 19
13 20
14 16
14 18
14 19
15 17
15 20
16 18
16 19
17 19
17 20
18 19
18 20
20 137
11111011011111111111
11011111011111111111
1 2
1 3
1 4
1 5
1 8
1 9
1 10
1 13
1 14
1 15
1 17
1 19
1 20
2 3
2 5
2 6
2 7
2 10
2 12
2 13
2 14
2 15
2 16
2 17
2 18
2 20
3 5
3 6
3 7
3 9
3 10
3 11
3 12
3 13
3 14
3 15
3 16
3 18
3 20
4 5
4 6
4 8
4 9
4 10
4 11
4 12
4 13
4 15
4 17
4 18
5 6
5 9
5 10
5 11
5 12
5 13
5 14
5 15
5 16
5 17
6 7
6 8
6 10
6 11
6 12
6 13
6 14
6 17
6 18
6 19
7 8
7 9
7 13
7 14
7 15
7 16
7 18
8 9
8 13
8 14
8 15
8 16
8 17
8 18
8 19
9 10
9 11
9 12
9 16
9 17
9 18
10 11
10 13
10 14
10 15
10 16
10 17
10 19
10 20
11 12
11 15
11 17
11 18
11 19
11 20
12 13
12 14
12 15
12 16
12 17
12 19
12 20
13 14
13 15
13 16
13 17
13 18
13 19
13 20
14 15
14 16
14 17
14 18
14 19
14 20
15 16
15 17
15 18
15 20
16 17
16 18
16 19
17 18
17 20
18 19
18 20
19 20
20 168
11111111110111111101
11111100111111111111
1 2
1 3
1 4
1 5
1 6
1 7
1 8
1 9
1 10
1 11
1 12
1 14
1 15
1 16
1 17
1 18
1 20
2 3
2 4
2 5
2 6
2 7
2 8
2 9
2 10
2 13
2 14
2 15
2 16
2 17
2 18
2 19
2 20
3 4
3 5
3 6
3 7
3 8
3 9
3 10
3 11
3 12
3 13
3 14
3 15
3 16
3 17
3 18
3 19
3 20
4 5
4 6
4 7
4 8
4 9
4 10
4 11
4 12
4 13
4 15
4 16
4 18
4 19
4 20
5 7
5 8
5 9
5 10
5 11
5 12
5 13
5 14
5 15
5 16
5 17
5 19
5 20
6 7
6 8
6 9
6 10
6 11
6 12
6 13
6 14
6 15
6 16
6 17
6 18
6 19
7 8
7 9
7 10
7 11
7 12
7 14
7 15
7 16
7 17
7 18
7 19
7 20
8 9
8 10
8 12
8 13
8 14
8 15
8 16
8 17
8 18
8 19
8 20
9 10
9 11
9 12
9 15
9 16
9 17
9 18
9 19
9 20
10 11
10 12
10 13
10 14
10 16
10 17
10 18
10 19
10 20
11 13
11 14
11 15
11 16
11 17
11 19
12 13
12 14
12 15
12 16
12 17
12 18
12 19
12 20
13 14
13 15
13 16
13 17
13 18
13 19
13 20
14 15
14 18
14 19
15 16
15 17
15 18
15 19
15 20
16 17
16 19
16 20
17 18
17 19
18 19
18 20
19 20
20 148
11111011111111111111
10111111111111111111
1 2
1 3
1 5
1 6
1 7
1 8
1 9
1 10
1 11
1 12
1 13
1 14
1 15
1 16
1 17
1 18
1 20
2 3
2 4
2 5
2 6
2 9
2 11
2 13
2 14
2 15
2 19
3 4
3 5
3 6
3 8
3 9
3 11
3 12
3 14
3 16
3 17
3 18
3 20
4 6
4 7
4 9
4 10
4 11
4 14
4 15
4 16
4 18
4 19
4 20
5 6
5 7
5 8
5 9
5 10
5 13
5 14
5 16
5 17
5 18
5 19
5 20
6 7
6 8
6 9
6 10
6 11
6 13
6 14
6 15
6 16
6 17
6 18
6 19
6 20
7 8
7 9
7 11
7 12
7 13
7 14
7 15
7 17
7 18
7 19
7 20
8 10
8 11
8 13
8 14
8 15
8 16
8 17
8 18
8 19
8 20
9 10
9 11
9 12
9 13
9 14
9 15
9 17
9 18
9 19
9 20
10 11
10 12
10 13
10 14
10 15
10 16
10 19
10 20
11 14
11 15
11 17
11 18
11 19
11 20
12 13
12 15
12 16
12 17
12 18
12 20
13 14
13 15
13 16
13 19
14 15
14 16
14 17
14 18
15 16
15 17
15 18
15 19
15 20
16 18
16 19
16 20
17 18
17 19
17 20
18 19
18 20
19 20
20 160
11110111111111111110
11110110111111111111
1 2
1 3
1 4
1 6
1 7
1 8
1 10
1 11
1 12
1 13
1 14
1 15
1 16
1 17
1 18
1 20
2 3
2 4
2 6
2 7
2 8
2 9
2 10
2 11
2 12
2 13
2 14
2 15
2 16
2 17
2 18
2 19
2 20
3 5
3 6
3 7
3 8
3 9
3 10
3 12
3 13
3 16
3 17
3 18
3 19
3 20
4 5
4 6
4 7
4 10
4 11
4 13
4 14
4 15
4 16
4 17
4 19
4 20
5 6
5 7
5 8
5 9
5 10
5 11
5 12
5 13
5 14
5 15
5 16
5 17
5 19
5 20
6 7
6 8
6 9
6 10
6 11
6 12
6 13
6 14
6 15
6 16
6 17
6 18
6 19
6 20
7 8
7 9
7 10
7 11
7 12
7 13
7 14
7 16
7 17
7 18
7 19
8 9
8 10
8 11
8 12
8 13
8 14
8 16
9 10
9 14
9 15
9 17
9 18
9 19
9 20
10 11
10 12
10 13
10 14
10 15
10 16
10 18
10 19
10 20
11 12
11 13
11 14
11 15
11 16
11 17
11 18
11 19
11 20
12 15
12 16
12 17
12 18
12 19
12 20
13 14
13 15
13 16
13 17
13 18
13 19
13 20
14 15
14 16
14 17
14 18
14 19
15 17
15 18
15 20
16 17
16 18
16 19
16 20
17 18
17 19
17 20
18 19
18 20
19 20
20 74
11111011111011111011
11011101111111111011
1 5
1 6
1 11
1 14
1 15
1 20
2 4
2 8
2 12
2 14
2 15
2 17
3 6
3 7
3 12
3 13
3 16
3 18
4 5
4 7
4 10
4 13
4 16
4 17
5 10
5 11
5 14
5 15
5 17
5 20
6 8
6 13
6 14
6 15
6 16
6 17
6 18
7 9
7 13
7 15
7 20
8 9
8 10
8 11
8 13
8 16
8 17
8 18
8 20
9 12
9 14
9 15
9 17
9 18
9 20
10 12
10 14
10 15
10 16
10 17
10 18
11 12
11 13
11 15
11 17
12 14
12 20
13 18
13 20
14 20
16 17
16 19
17 18
19 20
20 110
11110111010111111111
11011111100111111111
1 2
1 4
1 6
1 7
1 8
1 9
1 10
1 13
1 14
1 15
1 18
1 19
2 3
2 4
2 5
2 6
2 8
2 9
2 10
2 11
2 12
2 14
2 17
2 19
3 5
3 7
3 9
3 11
3 12
3 13
3 15
3 16
3 17
3 18
3 19
3 20
4 5
4 6
4 9
4 10
4 17
4 18
4 19
4 20
5 7
5 10
5 13
5 15
5 19
6 9
6 12
6 13
6 15
6 17
6 19
7 8
7 9
7 11
7 12
7 13
7 14
7 15
7 16
7 18
7 19
8 9
8 10
8 12
8 13
8 15
8 16
8 18
8 19
8 20
9 10
9 11
9 13
9 14
9 16
9 17
9 19
9 20
10 13
10 14
10 15
10 17
10 18
10 19
10 20
11 15
11 17
12 14
12 19
13 15
13 17
13 18
14 17
14 18
14 20
15 16
15 17
15 18
15 19
15 20
16 18
16 19
17 18
17 19
17 20
18 19
20 129
10111110111111111111
11111110111111111101
1 3
1 5
1 6
1 8
1 10
1 12
1 13
1 14
1 15
1 17
1 18
2 3
2 4
2 7
2 8
2 9
2 10
2 13
2 14
2 15
2 16
2 17
2 20
3 4
3 5
3 6
3 7
3 8
3 9
3 10
3 12
3 14
3 16
3 17
3 18
3 19
3 20
4 7
4 8
4 9
4 10
4 11
4 14
4 15
4 17
4 19
4 20
5 6
5 7
5 9
5 10
5 13
5 15
5 18
5 20
6 9
6 11
6 13
6 14
6 15
6 16
6 17
6 18
6 19
7 8
7 9
7 10
7 11
7 12
7 14
7 15
7 16
7 17
7 18
7 20
8 9
8 11
8 13
8 14
8 15
8 16
8 17
9 10
9 11
9 12
9 13
9 14
9 16
9 17
9 18
10 13
10 16
10 17
10 18
10 19
10 20
11 13
11 14
11 15
11 16
11 17
11 18
11 19
11 20
12 13
12 14
12 16
12 17
12 18
12 20
13 14
13 15
13 16
13 18
13 19
13 20
14 16
14 18
14 20
15 17
15 18
15 19
15 20
16 17
16 18
16 20
17 20
18 19
19 20
20 122
11111111011110111111
01111101111111111111
1 4
1 7
1 8
1 9
1 10
1 11
1 13
1 15
1 16
1 17
1 20
2 4
2 6
2 7
2 8
2 9
2 13
2 15
2 16
2 19
3 4
3 5
3 6
3 9
3 10
3 11
3 13
3 14
3 16
3 17
3 19
3 20
4 5
4 7
4 9
4 10
4 13
4 14
4 16
4 17
4 18
4 19
4 20
5 6
5 8
5 9
5 10
5 11
5 12
5 13
5 16
5 17
5 19
6 8
6 10
6 11
6 12
6 14
6 17
6 19
7 8
7 9
7 11
7 13
7 15
7 16
7 17
7 18
7 20
8 9
8 10
8 11
8 12
8 13
8 14
8 17
9 10
9 11
9 12
9 13
9 15
9 16
9 17
9 18
9 19
10 13
10 15
10 16
10 17
10 18
10 20
11 12
11 13
11 14
11 15
11 17
11 20
12 14
12 17
12 18
12 19
13 14
13 15
13 16
13 17
13 19
13 20
14 15
14 17
14 19
14 20
15 16
15 17
15 18
15 19
15 20
16 17
16 18
16 19
16 20
17 20
18 20
20 163
11111111111101111111
11111111111111110111
1 2
1 3
1 4
1 5
1 6
1 7
1 8
1 9
1 10
1 11
1 12
1 13
1 14
1 15
1 16
1 18
1 19
1 20
2 3
2 4
2 5
2 6
2 7
2 8
2 9
2 10
2 11
2 13
2 15
2 16
2 17
2 18
2 19
2 20
3 5
3 7
3 8
3 10
3 11
3 12
3 13
3 14
3 16
3 17
3 18
3 19
3 20
4 5
4 6
4 7
4 8
4 9
4 10
4 12
4 13
4 14
4 15
4 16
4 17
4 19
4 20
5 6
5 7
5 9
5 11
5 12
5 13
5 15
5 17
5 19
5 20
6 8
6 9
6 10
6 11
6 12
6 13
6 15
6 16
6 17
6 18
6 20
7 9
7 10
7 11
7 12
7 13
7 14
7 16
7 17
7 18
7 19
7 20
8 9
8 10
8 11
8 13
8 15
8 16
8 17
8 18
8 19
9 10
9 11
9 13
9 14
9 15
9 16
9 17
9 18
9 19
9 20
10 11
10 12
10 13
10 15
10 16
10 17
10 19
10 20
11 12
11 13
11 15
11 16
11 17
11 18
11 19
11 20
12 13
12 14
12 15
12 16
12 18
12 19
12 20
13 14
13 15
13 16
13 17
13 18
13 19
13 20
14 15
14 16
14 17
14 18
14 19
14 20
15 16
15 17
15 18
15 19
15 20
16 17
16 18
16 19
16 20
17 18
17 19
17 20
18 19
18 20
19 20
20 13
10001000011110011100
10101011011000010001
1 12
2 13
3 13
3 17
3 20
5 11
5 12
5 16
8 19
10 11
10 16
11 13
18 20
20 50
11111010111110111110
11011001111011111111
1 3
1 4
1 7
1 8
1 13
1 14
1 17
2 10
2 16
2 19
3 6
3 16
3 18
4 7
4 9
4 13
4 18
5 6
5 7
5 8
5 11
5 15
5 18
5 19
6 9
6 16
6 17
7 13
7 15
7 16
8 15
8 17
8 20
9 16
9 19
10 12
10 13
10 18
10 20
11 16
12 15
12 17
12 19
13 17
14 15
14 18
14 20
15 16
15 20
17 18
20 126
11111111111111001111
11011111111110111111
1 4
1 5
1 6
1 7
1 9
1 10
1 11
1 12
1 14
1 15
1 16
1 19
1 20
2 3
2 4
2 5
2 6
2 7
2 10
2 11
2 12
2 13
2 16
2 18
2 20
3 4
3 5
3 6
3 7
3 8
3 9
3 10
3 11
3 12
3 13
3 14
3 16
3 17
3 18
3 20
4 5
4 6
4 9
4 10
4 12
4 13
4 15
4 16
4 17
4 18
4 20
5 7
5 8
5 9
5 10
5 11
5 12
5 15
5 16
5 20
6 7
6 8
6 9
6 10
6 14
6 15
6 17
6 18
6 19
6 20
7 8
7 10
7 11
7 12
7 13
7 15
7 16
7 18
7 20
8 10
8 12
8 13
8 15
8 16
8 17
8 18
8 19
8 20
9 10
9 11
9 14
9 17
9 19
10 12
10 13
10 16
10 17
10 19
10 20
11 12
11 16
11 18
11 19
11 20
12 14
12 15
12 16
12 19
12 20
13 15
13 16
13 19
13 20
14 15
14 16
14 18
14 19
14 20
15 18
16 17
16 18
16 19
17 18
17 19
17 20
19 20
20 169
11111100111111111101
11101110111111011111
1 2
1 3
1 4
1 5
1 6
1 7
1 8
1 9
1 10
1 11
1 12
1 13
1 15
1 16
1 17
1 18
1 19
1 20
2 3
2 4
2 6
2 7
2 8
2 9
2 10
2 11
2 12
2 13
2 14
2 15
2 16
2 17
2 18
2 19
2 20
3 4
3 5
3 6
3 7
3 8
3 10
3 11
3 12
3 13
3 14
3 15
3 16
3 18
3 19
3 20
4 5
4 6
4 7
4 8
4 9
4 10
4 11
4 12
4 13
4 14
4 15
4 16
4 17
4 19
4 20
5 6
5 8
5 9
5 10
5 11
5 13
5 14
5 15
5 17
5 18
5 19
5 20
6 7
6 8
6 9
6 10
6 11
6 12
6 14
6 15
6 16
6 17
6 18
6 19
6 20
7 8
7 9
7 10
7 11
7 12
7 14
7 15
7 16
7 18
7 19
7 20
8 10
8 11
8 12
8 13
8 14
8 15
8 16
8 17
8 18
8 19
8 20
9 10
9 11
9 12
9 13
9 14
9 15
9 16
9 17
9 18
9 19
9 20
10 11
10 12
10 13
10 14
10 15
10 16
10 17
10 18
10 20
11 12
11 13
11 14
11 15
11 17
11 18
11 19
11 20
12 13
12 14
12 16
12 17
12 18
12 19
12 20
13 14
13 15
13 17
13 18
13 20
14 15
14 16
14 17
14 19
14 20
15 16
15 18
15 19
15 20
16 17
16 18
16 19
16 20
17 19
17 20
18 19
18 20
20 136
11111111111111110111
11111111111111110111
1 4
1 5
1 6
1 7
1 8
1 10
1 11
1 12
1 13
1 15
1 17
1 19
1 20
2 3
2 4
2 5
2 6
2 7
2 8
2 9
2 11
2 12
2 13
2 14
2 15
2 16
2 18
2 19
2 20
3 4
3 5
3 6
3 7
3 8
3 9
3 10
3 12
3 14
3 15
3 16
3 18
3 19
4 5
4 6
4 7
4 10
4 11
4 12
4 14
4 15
4 16
4 18
4 19
5 7
5 9
5 11
5 13
5 14
5 15
5 17
5 20
6 8
6 9
6 11
6 12
6 13
6 15
6 16
6 17
6 18
6 19
6 20
7 8
7 9
7 10
7 11
7 12
7 14
7 17
7 18
7 20
8 9
8 10
8 11
8 13
8 14
8 15
8 16
8 17
8 18
8 19
8 20
9 10
9 11
9 12
9 13
9 15
9 18
9 19
9 20
10 11
10 13
10 14
10 16
10 17
10 18
10 19
11 12
11 14
11 15
11 17
11 18
11 19
12 13
12 14
12 15
12 16
12 17
12 18
12 19
13 16
13 20
14 16
14 17
14 19
14 20
15 16
15 18
15 20
16 18
16 19
16 20
17 18
17 20
18 19
19 20
20 34
11101110111101011001
00111100111111001111
1 3
2 5
2 18
3 7
3 16
3 17
4 7
4 9
4 11
4 14
4 15
4 20
5 9
5 12
5 19
6 7
6 12
6 16
7 11
7 19
8 14
8 16
9 10
9 19
9 20
10 12
10 20
11 14
12 18
13 17
13 18
13 19
16 19
17 18
20 140
01111111111111111111
11111111111111111110
1 3
1 4
1 7
1 8
1 9
1 10
1 11
1 12
1 13
1 14
1 15
1 16
1 17
1 18
1 20
2 7
2 8
2 9
2 10
2 11
2 12
2 13
2 14
2 15
2 16
2 19
2 20
3 4
3 5
3 6
3 7
3 8
3 9
3 10
3 11
3 12
3 13
3 14
3 15
3 16
3 17
3 18
3 19
4 5
4 6
4 7
4 8
4 10
4 11
4 12
4 13
4 15
4 16
4 17
4 18
4 19
4 20
5 6
5 12
5 14
5 15
5 16
5 17
5 20
6 7
6 9
6 10
6 12
6 13
6 14
6 16
6 17
6 19
6 20
7 9
7 10
7 11
7 12
7 13
7 14
7 15
7 16
7 17
7 18
7 20
8 9
8 10
8 11
8 12
8 13
8 14
8 15
8 16
8 17
8 18
8 19
8 20
9 10
9 11
9 13
9 14
9 15
9 17
9 18
9 20
10 11
10 14
10 15
10 16
10 17
10 18
10 20
11 12
11 13
11 16
11 18
11 19
11 20
12 13
12 16
12 18
12 20
13 14
13 15
13 17
13 19
13 20
14 15
14 16
14 17
14 18
14 19
14 20
15 16
15 18
15 20
17 18
17 20
18 19
19 20
20 58
11010111011111111011
11011111111100110111
1 2
1 4
1 9
1 11
1 15
1 19
2 11
2 15
2 16
2 19
3 5
3 6
3 19
4 5
4 7
4 9
4 10
4 13
4 16
4 17
4 19
5 7
5 10
5 12
5 19
6 7
6 12
6 20
7 8
7 10
7 12
7 13
7 14
7 18
8 9
8 10
8 11
8 13
8 16
9 10
9 11
10 11
10 13
10 15
10 20
11 13
11 20
12 13
12 19
13 14
13 18
13 19
14 18
15 20
16 18
16 20
17 20
18 19
20 107
11111101101111111111
11111111110011111111
1 4
1 7
1 8
1 9
1 10
1 11
1 12
1 14
1 16
1 17
1 18
1 19
1 20
2 5
2 7
2 8
2 9
2 10
2 11
2 13
2 14
2 15
2 16
2 18
2 20
3 4
3 5
3 7
3 8
3 11
3 12
3 14
3 16
3 17
3 18
3 20
4 5
4 8
4 9
4 12
4 13
4 16
4 17
4 18
4 19
4 20
5 6
5 7
5 8
5 9
5 11
5 12
5 15
5 16
5 18
6 7
6 9
6 10
6 12
6 13
6 16
7 8
7 9
7 12
7 14
7 19
8 10
8 11
8 12
8 13
8 15
8 17
8 20
9 10
9 11
9 12
9 15
9 16
9 19
9 20
10 11
10 12
10 14
10 16
10 17
10 20
11 13
11 14
11 18
11 19
12 14
12 15
12 17
12 18
13 14
13 18
13 19
14 17
14 19
15 16
15 17
15 18
15 19
15 20
16 19
17 18
18 20
20 161
11111111111010011011
11110101111111001111
1 2
1 3
1 4
1 5
1 6
1 7
1 8
1 9
1 10
1 11
1 12
1 13
1 14
1 15
1 16
1 17
1 18
1 20
2 3
2 4
2 6
2 7
2 8
2 9
2 10
2 11
2 13
2 14
2 16
2 18
2 19
2 20
3 4
3 5
3 6
3 7
3 9
3 10
3 11
3 12
3 13
3 14
3 16
3 17
3 18
3 19
3 20
4 5
4 6
4 7
4 8
4 9
4 10
4 12
4 13
4 15
4 16
4 17
4 18
4 19
5 6
5 8
5 9
5 10
5 11
5 14
5 15
5 16
5 18
5 19
5 20
6 7
6 8
6 9
6 10
6 11
6 12
6 14
6 15
6 16
6 17
6 18
6 19
6 20
7 8
7 9
7 10
7 11
7 12
7 13
7 14
7 15
7 16
7 17
7 18
7 19
7 20
8 9
8 10
8 11
8 12
8 14
8 15
8 16
8 17
8 18
9 10
9 12
9 13
9 14
9 15
9 17
9 18
9 19
10 11
10 12
10 13
10 14
10 15
10 16
10 17
10 18
10 19
10 20
11 12
11 13
11 14
11 15
11 16
11 17
11 19
11 20
12 13
12 14
12 15
12 16
12 20
13 14
13 15
13 16
13 17
13 18
13 19
13 20
14 15
14 16
14 17
14 18
14 20
15 16
15 17
15 18
15 20
16 17
16 18
16 19
16 20
17 18
17 19
17 20
18 19
20 171
11111101111111111110
10111111111111111101
1 2
1 3
1 4
1 5
1 6
1 8
1 9
1 11
1 12
1 13
1 14
1 16
1 17
1 18
1 20
2 3
2 4
2 5
2 6
2 7
2 8
2 9
2 10
2 11
2 12
2 13
2 14
2 15
2 16
2 17
2 19
2 20
3 4
3 5
3 6
3 7
3 8
3 9
3 10
3 11
3 12
3 13
3 14
3 15
3 16
3 17
3 18
3 19
3 20
4 5
4 6
4 7
4 8
4 9
4 10
4 11
4 12
4 13
4 14
4 15
4 16
4 17
4 18
4 19
4 20
5 6
5 8
5 9
5 11
5 12
5 13
5 14
5 15
5 16
5 19
5 20
6 9
6 10
6 11
6 12
6 13
6 14
6 15
6 16
6 17
6 18
6 19
6 20
7 8
7 9
7 10
7 11
7 12
7 13
7 14
7 15
7 16
7 18
7 19
7 20
8 9
8 10
8 11
8 12
8 13
8 14
8 15
8 16
8 17
8 18
8 19
8 20
9 10
9 11
9 12
9 13
9 14
9 15
9 16
9 17
9 18
9 19
9 20
10 11
10 12
10 14
10 15
10 16
10 17
10 18
10 19
11 12
11 14
11 15
11 16
11 17
11 18
11 19
12 13
12 14
12 15
12 16
12 17
12 18
12 19
12 20
13 14
13 15
13 16
13 17
13 18
13 19
13 20
14 15
14 16
14 17
14 18
14 19
14 20
15 16
15 17
15 18
15 19
15 20
16 18
16 19
17 18
17 19
17 20
18 19
19 20
20 171
11111011101111111111
10110111111111111111
1 2
1 3
1 5
1 6
1 7
1 8
1 9
1 10
1 11
1 12
1 14
1 16
1 17
1 18
1 20
2 4
2 6
2 7
2 9
2 10
2 11
2 12
2 13
2 14
2 15
2 16
2 17
2 18
2 20
3 4
3 5
3 6
3 7
3 8
3 9
3 10
3 11
3 12
3 13
3 14
3 15
3 16
3 17
3 18
3 19
3 20
4 5
4 6
4 8
4 9
4 10
4 11
4 12
4 13
4 14
4 15
4 16
4 17
4 18
5 6
5 7
5 8
5 9
5 10
5 11
5 12
5 13
5 15
5 17
5 18
5 19
5 20
6 7
6 8
6 9
6 10
6 11
6 12
6 13
6 14
6 15
6 16
6 17
6 18
6 19
6 20
7 8
7 9
7 10
7 11
7 13
7 14
7 15
7 16
7 17
7 18
7 19
7 20
8 9
8 10
8 11
8 12
8 14
8 15
8 16
8 17
8 18
8 19
8 20
9 10
9 11
9 12
9 13
9 14
9 15
9 16
9 18
9 19
9 20
10 11
10 12
10 13
10 14
10 15
10 16
10 17
10 18
10 19
10 20
11 12
11 13
11 14
11 15
11 16
11 17
11 18
11 19
11 20
12 14
12 15
12 16
12 17
12 18
12 19
12 20
13 14
13 15
13 16
13 17
13 18
13 19
13 20
14 15
14 16
14 17
14 18
14 19
14 20
15 17
15 18
15 19
15 20
16 18
16 19
16 20
17 18
17 19
17 20
18 19
18 20
19 20
20 45
10111101111101110101
11101111111001101110
1 3
1 10
1 19
2 6
2 10
2 15
2 18
3 4
3 11
3 12
4 19
4 20
5 6
5 9
5 11
6 7
6 9
6 14
6 16
6 17
6 18
6 19
7 8
7 12
7 19
8 11
8 12
8 13
8 17
9 12
9 16
9 17
9 18
11 15
11 16
12 14
12 15
12 18
12 20
13 16
14 15
14 16
15 18
15 19
18 20
20 78
11111111011111011110
11111111011011011111
1 3
1 6
1 7
1 8
1 9
1 10
1 11
1 13
1 15
1 20
2 4
2 6
2 11
2 12
2 14
2 15
2 20
3 5
3 6
3 9
3 11
3 14
3 17
4 6
4 8
4 10
4 17
4 18
5 7
5 15
5 18
6 7
6 10
6 12
6 13
6 15
6 16
6 18
6 19
7 8
7 10
7 11
7 15
7 16
7 20
8 9
8 10
8 11
8 12
8 13
8 14
8 19
8 20
9 11
10 11
10 15
10 16
10 19
11 13
11 17
11 20
12 13
12 14
12 15
12 19
13 14
13 18
13 19
14 15
14 17
14 18
14 19
15 17
16 18
16 19
17 20
18 19
19 20
20 74
10111111110010111111
11111111110001110111
1 2
1 3
1 5
1 8
1 10
1 11
1 13
1 15
1 16
2 4
2 12
2 13
2 16
2 17
2 18
2 20
3 4
3 10
3 13
3 18
3 19
3 20
4 9
4 10
4 11
4 13
4 15
4 19
4 20
5 7
5 8
5 11
5 14
6 8
6 9
6 10
6 16
6 19
7 10
7 13
7 14
7 15
7 17
7 20
8 10
8 12
8 13
8 14
8 15
8 19
9 13
9 16
9 17
9 18
10 19
11 18
11 20
12 15
12 18
12 19
13 14
13 16
13 17
13 18
13 20
14 15
14 20
15 17
15 18
15 19
16 17
16 18
18 20
19 20
20 17
10010111100110001111
10110111111100001100
1 17
1 18
2 6
2 7
4 14
5 10
6 11
6 20
7 8
7 18
8 9
8 10
11 19
12 20
13 16
13 18
17 18
20 16
00001101000110001001
01001000010100111000
1 9
1 13
2 5
2 17
5 12
5 20
7 12
7 19
8 10
8 17
9 12
9 19
10 12
10 16
16 19
17 20
20 51
01111011111101110100
10101110110011111110
1 6
1 10
1 12
1 13
1 14
1 19
2 6
2 7
2 8
2 9
2 19
3 5
3 7
3 8
3 9
3 10
3 14
3 17
3 18
4 9
4 16
4 17
5 7
5 8
5 10
5 14
5 15
5 18
6 19
7 15
7 16
8 15
8 17
8 19
9 11
9 17
10 14
10 16
10 19
11 18
12 14
12 15
12 18
13 14
13 15
13 16
14 15
14 16
14 18
18 20
19 20
20 145
11110111101111111111
11100111111111111111
1 2
1 3
1 4
1 5
1 6
1 7
1 8
1 10
1 11
1 12
1 13
1 14
1 15
1 16
1 17
1 18
1 20
2 4
2 5
2 8
2 10
2 13
2 14
2 15
2 16
2 18
2 19
2 20
3 5
3 6
3 7
3 8
3 9
3 10
3 11
3 12
3 13
3 15
3 16
3 18
3 19
4 5
4 8
4 10
4 11
4 12
4 13
4 14
4 15
4 16
4 17
4 20
5 6
5 7
5 8
5 10
5 12
5 13
5 14
5 15
5 18
5 20
6 7
6 8
6 9
6 10
6 11
6 12
6 13
6 14
6 16
6 17
6 18
6 20
7 9
7 10
7 11
7 12
7 13
7 14
7 15
7 16
7 17
7 18
7 19
7 20
8 9
8 10
8 12
8 14
8 15
8 16
8 18
8 19
8 20
9 10
9 12
9 13
9 14
9 15
9 16
9 18
9 19
9 20
10 11
10 13
10 14
10 15
10 16
10 17
10 18
10 20
11 12
11 13
11 14
11 16
11 17
11 18
11 19
11 20
12 14
12 15
12 17
12 20
13 14
13 17
13 18
13 20
14 15
14 16
14 17
14 18
14 20
15 17
15 18
15 19
15 20
16 18
16 20
17 18
17 19
17 20
18 19
18 20
19 20
20 14
00000001100001110011
01001001110000110000
2 8
4 8
4 11
4 16
5 15
7 15
8 13
8 20
9 15
10 19
13 16
14 15
14 19
16 20
20 175
11111101101011111111
11111101111101011111
1 2
1 4
1 5
1 6
1 7
1 8
1 9
1 10
1 12
1 13
1 14
1 15
1 16
1 17
1 18
1 19
1 20
2 3
2 4
2 5
2 6
2 7
2 8
2 9
2 10
2 11
2 12
2 13
2 14
2 15
2 16
2 17
2 18
2 19
2 20
3 4
3 5
3 6
3 7
3 8
3 9
3 10
3 11
3 12
3 13
3 14
3 15
3 16
3 17
3 18
3 19
3 20
4 5
4 7
4 8
4 9
4 10
4 12
4 13
4 14
4 15
4 16
4 17
4 18
4 19
4 20
5 6
5 7
5 9
5 10
5 11
5 12
5 13
5 14
5 15
5 16
5 17
5 18
5 19
5 20
6 7
6 8
6 9
6 10
6 11
6 12
6 13
6 14
6 15
6 16
6 17
6 18
6 19
6 20
7 8
7 10
7 13
7 14
7 15
7 16
7 17
7 18
7 19
7 20
8 9
8 10
8 11
8 12
8 13
8 15
8 16
8 17
8 18
8 19
8 20
9 10
9 11
9 12
9 13
9 14
9 15
9 17
9 19
9 20
10 11
10 12
10 13
10 14
10 16
10 17
10 18
10 19
10 20
11 12
11 13
11 14
11 15
11 16
11 17
11 18
11 20
12 13
12 15
12 16
12 17
12 18
12 19
12 20
13 14
13 15
13 16
13 17
13 18
13 19
13 20
14 15
14 16
14 17
14 18
14 19
14 20
15 16
15 17
15 18
15 19
15 20
16 17
16 18
16 19
16 20
17 18
17 19
17 20
18 19
19 20
20 65
11111100111111111110
11111111110111101110
1 4
1 6
1 9
1 12
1 13
1 14
1 15
1 18
1 19
2 8
2 10
2 14
2 15
2 18
2 19
3 5
3 8
3 13
3 14
3 16
3 17
4 6
4 8
4 9
4 11
4 12
4 20
5 10
5 11
5 12
5 17
5 18
6 7
6 9
6 14
6 15
6 16
7 9
7 13
7 14
7 17
7 18
7 19
7 20
8 13
8 15
8 17
8 18
9 10
9 15
9 17
9 19
10 11
10 12
10 13
10 14
10 17
10 20
11 15
11 16
11 18
11 19
12 15
12 19
16 17
20 4
00000001001000100010
00000010000010100010
5 19
6 7
8 9
13 15
20 133
11111111111110111111
11110111111111111111
1 2
1 3
1 4
1 5
1 7
1 8
1 9
1 14
1 15
1 16
1 17
1 18
1 19
1 20
2 3
2 6
2 7
2 8
2 9
2 10
2 11
2 13
2 14
2 15
2 17
2 18
2 19
2 20
3 4
3 5
3 6
3 8
3 10
3 11
3 12
3 13
3 17
3 18
3 20
4 5
4 6
4 7
4 10
4 11
4 12
4 15
4 19
5 9
5 10
5 11
5 12
5 13
5 16
5 17
5 19
5 20
6 7
6 9
6 10
6 11
6 12
6 13
6 16
6 19
6 20
7 10
7 12
7 13
7 14
7 15
7 17
7 18
7 19
8 11
8 12
8 14
8 15
8 16
8 17
8 18
8 19
8 20
9 10
9 11
9 12
9 13
9 14
9 15
9 16
9 17
9 18
9 19
10 11
10 13
10 14
10 15
10 17
10 18
10 19
10 20
11 12
11 13
11 14
11 15
11 16
11 17
11 19
11 20
12 14
12 15
12 16
12 18
12 19
12 20
13 14
13 16
13 17
13 18
13 19
14 15
14 17
14 18
14 19
14 20
15 16
15 17
15 18
15 20
16 18
17 19
17 20
18 19
19 20
20 36
01000011001110110111
11011001110001101100
1 9
1 18
1 19
2 4
2 11
2 15
2 17
2 18
3 6
3 18
4 15
4 20
5 6
5 18
5 19
6 20
7 8
7 11
8 9
8 10
8 13
8 15
8 17
10 18
10 19
11 16
12 15
12 17
13 15
13 16
14 15
15 16
15 17
15 18
15 20
16 20
20 14
00110100111001010100
01011101000010010101
1 18
2 6
2 13
2 18
3 4
4 18
5 18
6 8
6 10
6 18
7 16
9 20
14 17
18 20
20 45
11001101111110101101
11111110101011100101
1 3
1 6
1 9
1 14
1 15
2 3
2 5
2 7
2 10
2 18
2 20
3 9
3 17
4 14
5 9
5 13
5 15
5 16
6 17
6 19
7 13
7 18
8 15
8 19
9 12
9 15
9 17
9 18
9 19
9 20
10 12
10 20
11 12
11 14
11 16
11 17
11 19
11 20
12 13
12 15
12 16
12 19
15 16
16 17
16 20
20 66
11111110101011011111
10101111101101111111
1 4
1 8
1 16
1 17
1 18
2 3
2 4
2 17
2 18
2 20
3 5
3 6
3 11
3 15
3 16
3 18
3 19
4 7
4 8
4 12
4 14
4 16
4 17
4 20
5 6
5 7
5 8
5 11
5 13
5 16
6 9
6 17
6 20
7 9
7 11
7 12
7 14
7 16
7 18
7 20
8 14
8 16
8 17
9 13
9 15
9 18
9 20
10 11
10 14
11 17
11 18
11 20
12 13
12 14
12 16
12 18
12 19
13 17
13 18
14 16
14 17
14 19
15 16
15 20
16 17
17 18
20 156
11111111101101111111
11111101101111111111
1 2
1 3
1 4
1 5
1 6
1 7
1 8
1 9
1 10
1 12
1 13
1 16
1 17
1 18
1 19
1 20
2 3
2 4
2 5
2 6
2 7
2 8
2 9
2 10
2 11
2 12
2 14
2 17
2 18
2 19
2 20
3 4
3 5
3 7
3 8
3 10
3 11
3 12
3 13
3 14
3 15
3 16
3 17
3 18
3 19
3 20
4 5
4 6
4 7
4 8
4 9
4 10
4 11
4 12
4 13
4 14
4 15
4 16
4 17
4 18
4 19
4 20
5 6
5 7
5 8
5 9
5 11
5 12
5 14
5 15
5 16
5 17
5 18
5 19
5 20
6 7
6 8
6 9
6 10
6 11
6 12
6 13
6 15
6 16
6 17
6 18
6 19
6 20
7 8
7 9
7 10
7 11
7 12
7 13
7 14
7 16
7 17
7 18
7 20
8 10
8 13
8 15
8 16
8 17
8 18
8 19
8 20
9 11
9 12
9 14
9 16
9 17
9 19
9 20
10 11
10 13
10 14
10 16
10 17
10 18
10 19
10 20
11 12
11 14
11 15
11 17
11 18
11 20
12 13
12 14
12 16
12 17
12 18
12 19
12 20
13 14
13 16
13 17
13 18
13 19
13 20
14 15
14 16
14 19
14 20
15 16
15 17
15 18
15 19
16 18
16 19
17 18
17 20
18 19
18 20
19 20
20 134
11101111101111111111
10111111110111111111
1 3
1 4
1 5
1 6
1 7
1 8
1 10
1 11
1 12
1 13
1 14
1 15
1 17
1 19
1 20
2 6
2 7
2 9
2 14
2 16
2 17
2 19
3 4
3 5
3 6
3 7
3 9
3 10
3 11
3 12
3 13
3 14
3 15
3 16
3 19
3 20
4 5
4 7
4 8
4 10
4 12
4 15
4 17
4 18
5 6
5 7
5 9
5 10
5 11
5 12
5 17
5 18
5 19
5 20
6 7
6 9
6 10
6 11
6 12
6 13
6 14
6 15
6 16
6 17
6 18
6 19
7 8
7 9
7 10
7 14
7 16
7 17
7 18
7 19
7 20
8 9
8 10
8 11
8 13
8 14
8 15
8 17
8 18
8 19
9 10
9 11
9 12
9 14
9 17
9 19
9 20
10 11
10 14
10 18
10 19
10 20
11 12
11 13
11 14
11 15
11 16
11 17
11 18
11 20
12 13
12 14
12 15
12 16
12 17
12 18
12 19
12 20
13 14
13 15
13 16
13 17
13 19
13 20
14 17
14 18
14 19
15 17
15 18
15 19
15 20
16 17
16 18
16 20
17 18
17 19
17 20
18 19
18 20
19 20
20 10
00100010011001001000
00101000010001001010
1 14
2 5
2 17
3 16
5 14
6 10
8 14
9 11
10 14
14 20
20 182
10111111111111111101
11111111101111111011
1 2
1 3
1 4
1 5
1 7
1 8
1 9
1 10
1 11
1 12
1 13
1 14
1 15
1 16
1 17
1 18
1 20
2 3
2 4
2 5
2 6
2 7
2 8
2 9
2 10
2 11
2 12
2 13
2 14
2 15
2 16
2 17
2 18
2 19
2 20
3 4
3 5
3 6
3 7
3 8
3 9
3 10
3 11
3 12
3 13
3 14
3 15
3 16
3 17
3 18
3 19
3 20
4 5
4 6
4 7
4 8
4 9
4 10
4 11
4 12
4 13
4 14
4 15
4 17
4 18
4 19
4 20
5 6
5 7
5 8
5 9
5 10
5 11
5 12
5 13
5 14
5 15
5 16
5 17
5 18
5 19
5 20
6 7
6 8
6 9
6 10
6 11
6 12
6 13
6 14
6 15
6 16
6 17
6 18
6 19
6 20
7 8
7 9
7 10
7 11
7 12
7 13
7 14
7 15
7 16
7 17
7 18
7 19
7 20
8 10
8 11
8 12
8 13
8 14
8 15
8 16
8 17
8 18
8 19
8 20
9 10
9 11
9 12
9 14
9 15
9 16
9 17
9 18
9 19
9 20
10 11
10 12
10 13
10 14
10 16
10 17
10 18
10 19
10 20
11 12
11 13
11 14
11 15
11 16
11 17
11 18
11 19
12 13
12 14
12 15
12 16
12 17
12 18
12 19
12 20
13 14
13 15
13 16
13 17
13 18
13 19
13 20
14 15
14 16
14 17
14 18
14 19
14 20
15 16
15 17
15 18
15 19
16 17
16 18
16 19
16 20
17 18
17 19
17 20
18 19
18 20
19 20
20 181
11111111111101111111
11101111111111111111
1 2
1 3
1 4
1 5
1 6
1 7
1 8
1 9
1 10
1 11
1 12
1 13
1 14
1 15
1 16
1 17
1 18
1 19
1 20
2 3
2 4
2 5
2 6
2 7
2 8
2 9
2 10
2 11
2 12
2 13
2 14
2 15
2 16
2 17
2 18
2 19
2 20
3 4
3 5
3 7
3 8
3 9
3 10
3 11
3 12
3 13
3 14
3 15
3 16
3 17
3 18
3 19
3 20
4 5
4 6
4 7
4 8
4 9
4 10
4 11
4 12
4 13
4 14
4 15
4 16
4 17
4 18
4 19
4 20
5 7
5 8
5 9
5 10
5 11
5 12
5 13
5 14
5 15
5 16
5 17
5 18
5 19
6 7
6 8
6 9
6 10
6 11
6 12
6 13
6 14
6 15
6 16
6 17
6 18
6 19
6 20
7 8
7 10
7 11
7 12
7 13
7 14
7 15
7 16
7 17
7 18
7 19
8 9
8 10
8 11
8 12
8 13
8 14
8 16
8 17
8 18
8 19
8 20
9 10
9 11
9 12
9 13
9 14
9 15
9 16
9 17
9 18
9 19
9 20
10 11
10 12
10 13
10 14
10 16
10 17
10 18
10 19
10 20
11 12
11 13
11 14
11 15
11 16
11 17
11 18
11 19
11 20
12 13
12 14
12 15
12 16
12 17
12 19
12 20
13 14
13 16
13 17
13 18
13 19
13 20
14 15
14 16
14 17
14 18
14 19
14 20
15 16
15 17
15 18
15 19
15 20
16 17
16 18
16 19
16 20
17 18
17 19
17 20
18 19
18 20
19 20
20 45
00111111111110101100
11111110111101011000
1 2
1 11
2 7
2 10
2 11
3 5
3 6
3 11
3 12
3 14
3 19
4 5
4 6
5 10
5 13
5 15
5 17
6 16
6 19
7 9
7 10
7 11
7 12
7 17
8 10
8 12
8 13
8 14
9 11
9 18
10 20
11 14
11 19
11 20
12 14
12 15
12 16
12 20
13 16
14 17
15 17
15 20
16 18
17 19
18 19
20 183
11111111111111111111
11111111111111111111
1 3
1 4
1 5
1 7
1 8
1 9
1 10
1 11
1 12
1 13
1 14
1 15
1 16
1 17
1 18
1 19
2 3
2 4
2 5
2 6
2 7
2 8
2 9
2 10
2 11
2 12
2 13
2 14
2 15
2 16
2 18
2 19
2 20
3 4
3 5
3 6
3 7
3 8
3 9
3 10
3 11
3 12
3 13
3 14
3 15
3 16
3 17
3 18
3 19
3 20
4 5
4 6
4 7
4 8
4 9
4 10
4 11
4 12
4 13
4 14
4 15
4 16
4 17
4 18
4 19
4 20
5 6
5 7
5 8
5 9
5 10
5 11
5 12
5 13
5 15
5 16
5 17
5 18
5 19
5 20
6 7
6 8
6 9
6 10
6 11
6 12
6 13
6 14
6 15
6 16
6 17
6 18
6 19
6 20
7 8
7 9
7 10
7 11
7 12
7 13
7 14
7 15
7 16
7 17
7 18
7 19
7 20
8 9
8 10
8 11
8 12
8 13
8 14
8 15
8 16
8 17
8 18
8 19
8 20
9 10
9 11
9 12
9 13
9 14
9 15
9 17
9 18
9 19
9 20
10 11
10 12
10 13
10 14
10 15
10 16
10 17
10 18
10 19
10 20
11 12
11 13
11 14
11 15
11 16
11 17
11 18
11 19
11 20
12 13
12 14
12 15
12 16
12 17
12 18
12 19
12 20
13 14
13 15
13 16
13 17
13 18
13 20
14 15
14 16
14 17
14 18
14 19
14 20
15 16
15 17
15 18
15 19
15 20
16 17
16 18
16 19
16 20
17 18
17 19
17 20
18 19
18 20
19 20
