1086 1865
)())(()))((()()()()()(())))()(((((())())(()()()))(()(()((())))())))(()(()())))((()((())())((())()(()(())()(((((()((())(())))()()(()()(()((((())(())))((()((())))))))(()(())()())(((()(()()()(()((()()((())))))))(()))((())))()))()()))((()(())())()(())))))())())()(()))))()))(((()())()))()()(()()())()())))(()))(((()((())))))(((()()((())(()()())(()))()))()))))()))(((()))()()(((()()))()))))(())))()((())())()(((())()))()(((()((((()))())())())((((((())(())((())())()()()))))()))())()()())()(()()(())()()(())(((((())(()(()()))(())(((((())())())))))()))))))))))))))()((())()())(((())))))(()())(()())(()())))))(())(())())())())()))())(((()()()))(()())()()(((())()))))(())(()))))())(()())))()()()(()))))(()(()))))()(()()()(((()())()(())()(((())()(())()))(()())()()((()()(()))()))))()))(())))))(())))()(())((()()())((()))(()))())()(())))()((()()))())))()())((()()()))(()())(())())(()()())()))()()()(((()(()()))))())())()())))()(())(()(())()())()()))(()())(((()(((())()))(())()()()()()))((()(((())((())()))(()()()()()()((((()))(((((())()((()(((()(()(((((()(((())))))))())()()((((())())(())()))())((
797 841
477 551
883 969
87 212
608 805
886 973
923 981
556 691
633 825
372 1073
547 695
354 646
111 472
88 347
258 678
169 829
862 939
491 516
898 1030
167 733
579 939
444 957
2 401
386 968
51 495
563 621
977 1072
58 202
616 916
155 768
142 168
864 1005
678 1024
360 598
1064 1081
323 728
1078 1079
480 553
1015 1036
231 670
746 980
792 1061
247 736
507 611
316 986
851 944
811 1019
605 895
127 819
827 1032
207 804
438 993
878 1080
969 1012
578 1026
531 881
19 127
314 324
526 1036
136 844
924 1041
582 911
1076 1081
454 608
529 1002
85 301
788 899
239 876
949 1033
117 723
42 599
214 628
784 877
158 979
395 631
489 897
757 1072
633 700
383 850
961 1071
1006 1016
131 641
1017 1022
260 1017
811 821
198 737
871 1045
692 938
121 622
253 647
898 979
395 747
894 908
37 298
171 983
537 617
232 622
672 879
269 742
909 985
600 602
101 662
269 515
233 848
1009 1067
889 1072
553 1024
975 1025
357 460
408 1001
504 1010
855 1011
987 1047
752 891
352 398
340 615
282 653
588 893
760 895
944 1026
575 841
383 691
277 303
351 386
357 360
20 351
919 1065
911 1001
271 391
743 885
647 749
995 1013
876 897
987 989
498 511
94 921
135 283
511 838
1036 1080
915 1006
647 651
995 1047
350 419
37 763
446 709
9 54
336 941
199 401
1021 1043
443 738
493 718
924 924
257 884
197 333
489 522
865 994
279 441
1016 1070
1083 1085
1028 1068
137 154
43 583
100 753
455 830
1079 1081
320 940
118 622
31 193
1016 1042
901 958
474 896
893 1045
581 942
183 219
588 982
47 241
627 1041
816 922
264 766
547 617
580 701
854 1018
87 598
300 773
164 818
414 600
943 1006
160 612
431 1022
362 374
504 1016
801 1080
242 881
878 892
66 777
484 571
428 685
277 604
597 1051
539 618
1022 1066
503 1018
131 851
732 1042
52 80
445 493
670 926
1004 1006
12 653
376 724
96 464
236 578
1044 1066
916 997
203 464
411 1026
328 636
51 336
188 619
18 547
793 937
600 629
641 963
199 594
970 1018
1044 1048
901 1027
877 1062
421 698
711 940
881 888
913 1011
1031 1041
371 385
224 845
787 867
440 603
244 437
129 446
670 1005
434 897
643 678
403 855
782 807
278 985
702 995
1043 1066
872 1028
203 831
298 334
932 944
678 685
397 809
711 715
885 1085
659 976
686 865
164 796
413 807
749 765
830 987
1065 1068
364 955
66 743
1070 1081
491 971
172 232
1073 1085
428 994
721 775
786 967
367 599
475 600
423 1073
1030 1052
1069 1084
955 981
27 299
932 1000
883 954
567 737
656 977
938 943
941 1047
526 778
542 846
425 959
266 398
355 488
910 1059
33 354
231 355
551 1051
461 1048
737 742
24 875
436 971
46 182
756 1050
994 1045
316 414
22 706
1076 1083
972 988
635 712
207 727
801 810
396 915
1055 1077
185 940
1039 1074
63 878
585 825
1082 1083
475 483
578 685
5 495
1060 1072
900 937
697 1013
732 1069
751 955
25 68
610 631
1070 1070
434 980
831 1012
389 426
78 719
253 543
459 1032
906 1020
1075 1084
169 170
427 641
203 534
16 568
553 743
539 798
516 668
576 888
522 926
457 622
822 1021
894 904
533 567
262 652
395 893
139 476
165 351
357 778
746 768
496 639
346 804
798 1030
617 881
687 830
908 1047
1082 1086
17 1051
632 961
32 803
893 971
79 696
21 741
301 745
888 907
240 662
913 917
552 767
874 918
885 988
145 346
61 905
518 657
484 643
129 742
119 252
735 1036
1026 1031
308 549
521 612
944 1085
561 895
690 722
756 897
228 522
778 898
542 601
966 1052
605 973
430 792
840 1009
363 865
1081 1083
611 995
824 928
670 691
524 713
418 734
230 649
12 370
39 233
198 902
281 575
168 579
188 483
323 850
1075 1075
71 794
285 353
1061 1083
863 899
435 545
481 835
206 872
800 829
4 254
166 448
88 663
320 362
125 816
907 960
817 1079
553 935
203 233
761 1086
685 770
782 814
354 786
734 751
593 975
522 900
67 704
207 561
193 570
673 673
469 920
525 985
106 147
344 1084
1078 1079
914 996
714 911
862 973
239 1002
390 529
493 529
831 908
190 713
80 878
802 1071
855 1035
964 1027
739 952
458 459
578 904
447 981
916 985
176 608
281 414
462 672
371 896
672 1025
556 654
159 236
974 1084
263 313
656 1073
277 973
795 969
979 1003
1007 1078
864 1060
630 1066
8 108
11 865
840 968
352 539
858 950
398 652
1052 1083
208 688
592 920
898 927
314 635
803 1019
759 1021
429 1018
2 983
384 1003
875 1055
529 706
696 767
333 614
247 735
6 903
769 1072
996 1017
565 764
266 359
843 1024
464 554
625 831
84 328
919 1051
301 447
489 870
752 761
198 454
915 1018
666 1047
460 541
253 399
16 815
557 601
470 501
619 830
202 602
461 1007
883 942
850 946
899 901
1009 1053
675 849
337 786
206 490
375 787
911 922
585 756
699 775
112 1078
288 679
493 906
197 266
709 957
464 681
389 811
587 953
134 651
491 959
83 432
342 681
981 1081
856 1020
582 781
338 851
758 799
397 963
120 741
624 827
347 764
535 652
863 1079
967 1036
709 940
983 1077
26 260
822 874
335 976
354 541
1066 1079
435 796
830 947
388 821
1007 1046
174 549
88 618
1009 1059
476 966
631 870
183 457
648 831
294 807
861 976
314 925
760 874
588 642
160 661
465 954
1046 1046
558 1030
661 963
957 992
39 1068
435 772
839 972
290 1085
260 623
1069 1080
447 1020
280 1025
20 704
601 1026
20 212
460 1072
75 636
442 533
949 953
229 300
654 817
997 1012
144 652
947 1038
483 988
321 453
483 975
516 1056
965 1075
1004 1036
529 884
840 978
589 653
958 998
544 623
77 619
120 703
589 793
244 385
343 609
920 987
482 487
945 1053
580 806
306 918
672 766
657 904
335 697
968 1047
846 890
157 536
859 915
363 821
605 962
454 455
1082 1086
1 213
898 917
98 735
301 846
46 360
890 918
1069 1079
453 751
7 675
204 327
967 1031
1044 1049
725 762
247 752
1037 1057
914 925
385 984
107 341
415 573
310 543
323 420
45 68
106 372
461 669
54 721
692 861
689 893
615 757
583 1023
554 670
347 758
341 403
881 1047
837 857
162 553
191 845
85 713
502 1064
258 370
622 798
395 580
357 959
965 992
968 977
480 758
44 832
61 945
446 491
579 735
731 889
533 1024
1073 1085
375 713
328 1071
38 128
245 840
164 508
834 1016
932 996
406 653
125 273
499 728
588 732
798 897
478 781
743 1078
517 538
744 851
649 973
344 802
1013 1065
537 647
96 213
340 1061
279 454
699 720
196 579
494 839
110 411
742 885
140 817
190 521
55 917
198 455
172 498
297 1006
950 1051
703 807
353 408
28 981
657 900
527 803
776 1068
1022 1078
497 522
424 723
763 887
649 708
413 654
871 916
509 995
361 917
81 979
115 817
657 737
138 1029
304 594
860 880
950 1045
834 976
608 825
671 1082
1051 1051
335 753
139 658
1077 1082
497 603
616 1050
188 603
318 649
878 1035
671 945
309 607
271 1001
303 667
827 1014
42 903
70 70
461 989
725 1037
113 424
814 924
863 864
699 943
526 1063
897 1031
855 949
525 897
180 480
497 931
488 846
1009 1080
828 1048
693 993
825 932
354 1016
566 645
75 1031
591 821
822 858
543 1053
254 784
941 1051
566 900
682 947
101 318
652 866
393 823
327 1029
201 958
1037 1071
140 650
64 785
404 554
226 560
218 367
237 368
1079 1083
272 901
71 854
301 834
557 877
586 1013
194 295
1059 1077
610 869
801 947
931 1070
228 606
1076 1076
842 879
612 694
934 1077
673 862
355 784
757 1076
776 846
267 1019
1045 1078
884 1062
671 1065
298 844
802 830
121 925
545 1062
71 501
339 368
1026 1034
21 230
537 855
162 971
928 930
1074 1086
633 705
95 787
199 313
533 537
561 707
597 607
278 650
568 1064
805 1066
136 1013
1000 1023
489 964
213 1083
759 812
863 922
579 988
310 627
503 539
431 566
113 944
229 542
537 780
195 928
1019 1070
548 981
863 875
624 915
166 365
765 814
166 1085
302 975
826 880
1004 1018
192 847
150 463
738 985
863 928
447 730
211 1075
700 747
12 847
521 958
691 985
638 1071
691 1020
301 1085
246 640
711 718
4 687
1021 1044
634 1082
457 621
644 792
43 107
61 358
681 1045
1061 1073
155 465
801 1082
1080 1084
115 1020
845 973
691 729
632 941
346 626
501 882
951 962
1044 1076
1072 1074
576 1071
158 286
977 986
737 740
175 300
22 432
1053 1055
938 956
1061 1065
756 901
655 848
599 844
938 962
469 612
1075 1082
516 1046
1073 1086
482 982
12 616
980 1065
931 990
562 773
190 680
105 405
925 949
952 1059
197 1029
496 684
330 502
561 807
1045 1076
887 947
175 390
67 123
954 1019
928 1044
1014 1036
447 775
827 828
13 237
47 304
1084 1084
923 1065
240 595
539 817
106 443
629 632
531 913
777 815
679 920
567 680
145 233
527 669
21 283
685 993
606 901
345 441
363 726
140 1031
475 824
49 678
610 705
242 328
821 857
433 542
926 947
935 1041
1013 1068
632 989
569 657
633 661
1012 1030
477 870
942 1027
349 681
414 875
644 934
431 1016
677 1048
936 1078
297 950
93 445
725 903
75 841
385 599
836 951
1078 1084
805 948
95 761
908 997
881 972
662 1068
458 585
582 742
252 797
1023 1083
980 1053
804 1063
686 935
985 989
711 729
474 592
832 1054
67 261
501 903
308 801
738 1044
815 996
389 527
307 338
787 972
155 687
744 933
743 1067
401 418
621 708
369 832
374 685
643 943
58 636
669 1058
1044 1075
667 1017
665 886
826 930
121 156
313 405
634 894
1005 1024
696 781
353 847
7 872
267 362
190 508
1047 1062
437 734
398 436
535 848
867 1063
394 724
272 875
377 924
304 551
380 1029
191 1002
543 990
1037 1055
190 257
672 903
620 779
267 799
73 380
277 857
269 741
556 960
493 634
681 798
48 686
569 804
264 1059
776 963
792 1000
858 1070
639 725
874 990
158 1020
10 860
372 715
291 904
248 999
702 1072
598 825
209 407
152 455
701 786
71 230
876 955
408 1031
189 894
350 604
262 388
116 130
859 991
705 917
168 532
155 533
117 386
514 562
367 537
536 695
70 420
31 704
60 706
440 475
406 663
646 720
564 631
581 1066
817 1076
458 957
549 967
1024 1029
898 981
507 1074
311 505
505 755
881 1067
664 668
882 980
457 460
922 954
421 801
3 1074
1071 1082
762 832
317 755
175 758
925 972
310 402
1085 1085
93 251
34 995
38 519
234 956
962 1027
967 987
671 936
716 891
1007 1025
263 598
779 1070
390 774
653 1007
1057 1079
51 404
861 1069
585 724
321 620
382 591
976 1037
31 65
408 487
597 911
730 1049
948 1071
649 1010
23 1001
1022 1078
1052 1054
181 615
268 903
864 891
260 1042
98 409
669 1028
412 1011
312 1072
157 619
648 976
1083 1085
564 700
529 886
627 685
91 1084
810 881
629 1043
223 325
197 605
1064 1078
1038 1059
902 905
216 307
253 510
953 1014
1070 1070
1006 1058
977 1021
164 847
1054 1077
740 1010
446 857
306 485
604 649
435 728
948 1022
288 777
170 613
817 874
288 691
174 795
53 471
823 862
122 507
307 868
743 769
1042 1070
95 961
827 857
634 693
491 545
623 709
116 676
643 936
436 705
191 866
587 1063
556 728
901 972
720 936
980 1064
363 941
504 694
402 700
498 744
121 1036
508 893
4 49
1065 1085
833 898
529 770
905 972
337 1068
116 944
170 435
816 1026
999 1078
207 568
429 947
331 678
354 879
851 902
229 573
1037 1076
122 199
784 977
969 991
1057 1077
1079 1082
17 972
1078 1084
715 873
1038 1047
212 722
542 834
666 706
885 1047
439 799
75 802
1023 1066
1007 1059
781 1006
912 971
1036 1052
549 862
918 933
567 921
575 1004
458 580
106 276
880 966
654 1046
616 618
925 966
335 773
189 614
220 995
1 237
1049 1077
533 733
435 753
106 694
56 800
342 853
1031 1081
131 231
204 429
999 1019
458 763
213 374
21 61
311 959
462 841
98 764
1007 1026
258 378
519 903
442 1035
1049 1086
801 1060
727 937
464 812
44 626
36 218
937 996
411 497
232 700
535 557
695 805
194 639
400 869
140 1049
340 741
908 1025
758 883
121 499
715 1082
729 905
688 779
591 997
851 1055
670 675
1064 1080
38 195
1053 1064
857 1047
301 619
646 677
765 929
487 730
450 766
1050 1071
369 724
139 790
509 737
460 994
671 765
1079 1079
760 957
88 697
462 1010
417 1018
522 885
956 1024
899 1052
965 965
854 1065
829 949
807 1012
772 794
123 945
919 967
448 486
781 986
194 963
324 551
374 524
100 842
918 983
340 643
562 833
45 473
665 797
1037 1081
167 648
256 506
805 1019
310 834
615 909
289 292
731 984
860 922
417 836
851 1022
709 976
939 964
305 898
943 1016
407 686
798 977
670 1041
577 655
494 883
473 681
334 631
405 649
420 923
329 585
5 942
8 645
35 556
9 367
833 965
934 966
729 737
710 823
1054 1055
250 715
712 844
21 595
42 421
73 1042
361 442
579 669
705 706
434 750
853 899
786 991
816 1080
463 536
264 551
18 653
364 505
926 989
612 890
99 794
740 829
703 950
435 698
481 712
682 791
931 1057
986 1006
701 1005
625 709
779 996
562 1004
1085 1086
266 710
924 952
556 910
920 997
147 270
472 606
982 1006
399 667
887 967
104 890
921 933
86 98
508 647
716 720
254 495
1076 1081
846 937
107 502
694 929
934 1010
75 727
144 157
290 392
633 996
70 560
318 510
639 741
775 1046
273 580
465 480
976 1074
756 783
130 495
738 949
944 1039
900 927
568 910
82 255
775 862
494 891
699 842
529 886
353 1024
99 253
367 464
217 434
881 1077
1076 1079
573 1026
670 911
103 644
1042 1058
1081 1081
658 904
554 630
546 1068
22 1039
1001 1056
272 657
273 1005
214 315
639 1008
810 1048
1042 1046
295 627
163 640
777 792
767 1005
957 1044
861 913
42 815
526 611
855 1049
443 780
715 1018
319 1082
40 449
234 788
161 1068
904 1034
28 875
283 694
618 904
174 1043
965 1042
863 987
448 555
931 958
897 1031
691 932
95 799
976 983
1054 1066
1007 1040
747 844
639 808
352 869
971 1015
851 958
85 965
1038 1047
927 952
181 770
851 972
566 680
511 600
492 796
213 439
230 687
607 866
125 938
312 948
214 764
766 978
867 935
55 55
829 980
96 935
501 588
823 886
94 444
794 960
881 962
743 916
385 673
867 973
314 1051
451 606
862 973
512 913
906 1074
861 1080
724 843
1083 1085
812 860
114 965
422 1031
590 982
474 1039
687 777
493 932
898 970
627 747
741 823
819 886
157 986
45 956
479 599
696 908
326 376
659 940
634 1009
1000 1058
193 758
775 908
651 713
710 925
632 1060
956 1016
389 562
174 486
964 1017
135 222
612 766
257 841
1007 1060
1005 1045
537 997
379 1044
631 802
456 536
930 1038
686 783
375 980
557 944
210 294
122 376
494 722
32 871
491 1085
826 896
839 984
632 813
4 49
1044 1079
899 958
947 976
648 1003
660 736
836 901
374 1070
1054 1068
1047 1048
799 1020
371 1011
142 1053
219 513
58 1050
970 970
974 1014
97 624
359 962
359 517
547 1059
912 962
492 739
1085 1085
427 701
126 719
669 728
122 953
550 1046
673 834
929 1041
931 992
794 939
438 738
75 984
440 501
1040 1072
890 1069
392 459
891 1042
243 632
43 365
437 586
249 739
505 698
595 693
64 821
654 755
356 622
643 948
517 620
802 950
212 664
344 793
983 1003
536 962
968 1045
202 635
1056 1066
191 319
500 728
520 573
690 697
687 800
132 401
603 708
436 1054
213 633
154 973
1029 1074
462 580
312 707
821 970
1018 1080
826 1071
639 891
249 864
504 562
185 929
843 930
472 1028
755 926
689 1005
304 607
108 835
367 557
742 943
982 1040
426 521
311 787
1014 1020
384 727
986 1085
1032 1086
608 643
674 737
1053 1062
38 648
920 1057
101 211
856 958
381 728
390 1029
964 1056
345 960
539 540
13 402
413 1076
288 1058
360 745
463 878
495 976
870 911
430 503
803 855
578 794
874 1020
796 1050
59 159
773 798
1032 1034
928 1017
930 1010
147 886
58 998
657 789
198 201
902 941
1080 1085
569 987
1055 1056
15 656
814 1018
255 370
377 793
120 629
876 1049
132 610
1043 1048
207 887
510 1018
675 725
664 768
561 899
515 904
516 693
982 1059
626 867
670 1003
536 539
196 1062
910 1045
385 1068
174 1073
210 237
899 947
518 599
797 858
40 412
200 453
338 431
670 917
82 760
506 569
449 998
840 885
258 581
538 812
351 531
1026 1029
337 803
476 637
460 738
305 531
261 1046
387 477
168 398
909 962
713 1081
873 880
328 431
281 976
62 581
398 871
513 632
370 726
446 638
487 803
616 843
446 529
70 1064
542 759
669 1068
64 319
80 322
508 718
1018 1023
891 1036
729 979
1030 1057
949 1042
720 754
948 980
127 457
620 628
909 966
372 1050
23 304
7 949
824 899
357 545
80 956
301 1080
641 659
462 741
674 1079
890 903
675 808
1003 1086
491 743
647 662
273 753
413 460
318 703
503 957
450 888
677 871
303 811
46 739
986 1025
477 781
97 717
391 659
710 1038
130 183
192 321
171 216
766 1011
829 1066
262 958
966 1028
818 881
446 624
830 923
254 338
383 1006
99 196
1054 1058
49 836
234 831
674 991
608 960
1034 1067
398 797
781 942
748 907
403 1061
