25
18 20
-1683020 -469661 -5074521 1689137 6493021 -7507975 2882352 -6637888 -4165124 -2422596 1916251 7105016 3710664 5620210 -1730148 -4815711 -4675793 2647143
-2293986 -5419384 -7290399 -3681480 -1558086 1229444 -5139327 1903352 -9396812 4136626 5942047 8175744 6914150 -3688722 2481015 -7476927 989982 7054120
9 15
5 8
5 14
11 15
1 3
14 15
12 13
14 17
2 5
7 13
3 8
1 16
5 10
1 9
4 18
1 4
2 15
6 11
12 15
4 11
10 20
-1982109 -1275459 -4086075 3463562 -258193 1829232 -166425 305317 3226905 -1097586
6636974 -8615905 1640773 6900272 -3469080 -6096450 -7734075 -968844 4448000 7217504
8 10
3 7
1 8
1 5
6 9
2 9
1 4
2 4
5 6
2 8
3 4
9 10
2 5
1 7
6 7
6 8
3 5
2 7
4 10
1 9
10 20
-5328584 -5094547 1289260 -1657152 -8157070 -609021 23811 -169167 -728366 -788765
-6391252 -8873631 -7512899 -9809635 -8574687 8308950 6379235 1311117 8471540 -4528339
2 9
3 9
1 5
3 10
3 4
1 8
7 10
4 8
3 8
1 3
2 6
4 9
3 6
3 7
1 7
5 7
6 9
2 3
4 10
7 9
9 20
-3657443 -2369392 478279 4371398 4112575 -3287877 -6161290 1611879 -1595797
-8312737 -6971213 -1784961 7490957 -2463250 291749 2943558 5468633 -3160404
3 9
6 7
1 5
1 6
1 3
2 3
1 4
6 8
4 8
2 8
2 9
4 6
3 4
6 9
2 7
1 7
4 7
1 8
2 4
3 6
13 20
7647878 664639 3193747 -6267842 -1274137 245101 4117936 -7595590 3382080 -1862832 7152413 6195454 3493248
9724171 -6448198 5505705 1567056 -2696747 -6603952 6508975 -8040012 4932718 1681267 7600455 -1247493 6608150
1 5
9 10
3 8
2 13
5 12
1 8
2 11
6 13
8 10
7 10
9 11
6 10
7 11
4 9
9 12
3 5
2 3
4 8
3 7
8 13
12 20
4227605 -6236779 2721182 7221498 1784672 688892 5434718 2726568 -701006 -3792460 2722193 -7040004
5169623 1066997 9745440 -2123093 9581346 -8648820 -2661192 7971504 -9985073 3005513 -5436346 2071180
4 10
2 5
1 9
7 8
8 11
6 12
4 9
11 12
7 12
5 6
2 10
1 12
5 11
4 5
3 8
6 10
4 8
10 11
1 10
6 9
20 20
6252411 185696 -3762813 675587 515162 1157962 1083600 6873139 -1170911 365374 3887375 -6577876 -3964880 -8575115 -2197611 1756524 -2924845 4073776 875612 296392
9580412 -4663202 1238024 -8345631 1879819 4682577 3787126 8397804 818157 8600639 -437101 -9993460 -6053308 -9964115 6353949 3367467 1265148 -1881222 -1030510 -8778014
5 13
3 16
9 17
15 17
4 15
16 19
12 20
8 16
5 19
11 18
7 20
1 15
7 10
1 19
13 17
12 19
2 5
6 10
3 18
14 16
15 20
-5165302 -240970 -1435471 -804939 2430426 6561144 4523162 5566467 70094 745138 2055481 -1095095 732902 -116125 4154386
-9901919 119793 7863091 4249426 -7247189 7992812 -416712 -2015348 3432365 9122793 -5768517 6612011 -4902123 4372750 4468065
7 10
6 15
1 15
1 10
8 11
6 11
8 10
9 14
6 10
5 12
4 6
9 13
3 10
6 12
13 15
2 11
4 13
5 10
12 14
2 12
7 20
-6240607 3306355 -4159143 -6882233 1184427 6108401 1480358
804598 4733756 1244130 2034280 -7762310 -508621 -5748275
3 4
1 7
5 6
1 2
2 7
6 7
4 5
1 5
3 5
3 7
5 7
4 7
2 4
2 6
4 6
1 3
2 5
1 4
3 6
1 6
13 20
3080857 90351 -2307712 -2283639 7492548 -7077624 4448569 983614 495370 147447 -1188566 -7943999 1083737
9100744 3327566 -8138621 3370202 9234616 1132763 -5266875 -5687516 -5029052 3582316 -2639410 -9895194 3929414
4 7
4 12
8 13
7 11
1 11
5 13
6 8
2 7
5 10
2 8
8 10
1 6
1 4
10 12
6 7
2 12
3 9
2 9
9 13
1 13
16 20
-2012226 -6378813 -3160300 6615131 -4783963 -8954034 -7340960 4588777 -2816638 22234 3532238 816569 -2751526 -2555126 1660868 -3895117
46783 694133 3682057 -3091411 350549 -9494911 1826033 -3747078 -7011830 -2543160 -1321383 -1342606 -8010117 -7120063 6686404 2983714
4 14
8 15
1 6
5 10
4 6
9 12
7 14
11 15
4 10
3 4
1 15
5 13
9 13
2 8
9 11
1 12
7 16
3 8
9 16
4 12
16 20
-2082589 636369 5252903 -1886749 166617 1134485 3086156 -701299 7720894 -5706061 -6081133 5727448 5244997 -8942583 -1816035 -4153407
4953076 -9201390 9194929 -3481124 -7453971 4396992 3714829 2582711 -1834226 -6591675 2870037 6116821 8795968 -9152531 -2798625 -4511808
12 15
12 14
5 12
5 7
6 7
9 14
10 13
6 11
1 12
10 16
7 9
8 14
12 13
2 10
4 14
14 15
5 11
2 14
3 15
1 15
11 20
1847282 3577488 -8235262 -3507996 2829622 3265601 680738 2696878 1703323 2662610 1230356
8474439 -3021463 -9495410 -3866916 -15463 7499912 -985960 3258980 -1199526 5865380 2236667
8 11
2 3
5 7
7 11
2 6
5 8
5 9
1 8
1 3
5 6
2 7
6 11
8 10
3 11
3 10
3 5
4 10
9 10
1 4
7 10
20 20
1535260 549439 4069038 -7022015 2407036 -3319842 6843874 5455369 2711943 -5535464 -7683246 -5438938 8101751 1658496 -3515005 2323830 1946540 -2829427 594717 -6346735
-87568 -6239688 6738634 -7989838 9271135 -8115801 7933803 -3483730 7701620 1044330 1551095 713476 -1344537 -1837661 -3762317 6868666 5693642 -2852538 -7207000 -8089102
4 8
3 5
13 20
2 15
4 12
9 13
12 19
5 15
15 17
14 17
1 7
3 10
4 16
12 14
4 7
6 19
11 14
12 18
18 20
1 11
12 20
4079583 -5658043 -6563436 -4372337 136101 -2478485 -4478648 -2855248 -4909425 3839028 -6542446 5027396
-82998 2142080 -6866259 2562745 5664392 -5801907 -4834925 6201339 -6290717 -3941712 -9703778 -3824220
8 10
8 12
2 4
6 12
7 12
2 11
3 11
4 7
10 11
2 9
10 12
3 5
2 5
6 7
5 10
1 9
1 11
5 11
2 7
1 12
10 20
-5196063 -1710683 -3555098 -6122087 1765584 -1765560 -4058643 3346315 1427233 -7859000
-6178391 4788913 2745334 -8057956 7848729 -7588262 -4881409 3491772 -6065138 -9831594
5 9
3 9
8 9
6 7
2 5
3 10
1 5
7 10
2 4
6 9
8 10
3 8
1 2
3 7
4 7
1 8
1 9
2 3
2 8
1 4
13 20
-148672 1404377 26007 -2673040 7259318 3787258 -6251395 -434576 8511746 -3610990 6488100 -4695467 -4755638
3168613 -603148 -6793969 5126337 -2532995 9174983 -7942829 -7023295 8855868 -3646894 6710432 5251981 -4838056
7 13
1 12
8 13
7 11
2 6
3 7
1 5
8 11
4 9
5 6
4 8
2 3
6 8
6 12
3 5
10 12
9 11
7 10
4 7
4 12
14 20
-4767250 3270161 -3670730 -1568856 3264039 5244380 -1315643 -921522 3592908 -920859 -6596120 5980183 -3286642 -4506731
2145617 8136979 5613194 -6707912 4564368 -144021 6224952 -3874258 -5882470 1759771 894846 -3249001 -7039750 -8644997
8 9
5 8
7 14
2 9
11 13
2 14
4 9
6 13
4 6
7 9
4 12
5 14
10 12
6 9
5 12
3 11
7 10
10 11
9 12
1 14
18 20
684742 5274377 -2406851 -3331292 -4835646 -2979113 118391 4179157 255167 -1886003 -5147159 3716671 4319945 1766547 5788291 803858 480308 -902321
3169852 6483509 -5919516 236814 4332746 -3540191 1185916 -1466094 -6420370 474241 1218178 8798238 -1054452 -4633696 -2721695 6459647 4544857 -5248915
3 15
1 8
12 16
3 11
2 10
14 15
14 16
11 18
1 3
5 17
4 18
6 17
8 13
3 13
7 10
5 7
7 15
10 12
9 12
6 7
9 20
-6627437 -3747806 175570 2034481 -1800288 356545 -232508 1754758 15870
-8169487 2330424 -5350177 -94411 -7635191 6831723 2464542 8989405 -7437643
2 4
4 9
5 6
1 4
1 2
4 5
2 8
3 6
4 8
3 5
7 8
8 9
3 7
6 7
5 8
4 7
4 6
2 5
3 4
1 7
19 20
-3659490 4468967 -2890164 3705338 3068373 -357705 -3913279 -3620467 -727639 846407 -4813243 -3134298 4969120 3692530 -3242481 -616490 3943390 -6974833 -1074700
-7849668 7263328 2563874 -2129719 7824395 814122 6057895 3141664 -5089100 -4830628 3220481 -7238736 -2138860 -4746892 -4366971 -3794969 5028792 2303929 -6363601
7 13
2 17
2 16
4 7
3 11
14 18
16 18
5 6
1 14
7 19
3 18
8 15
12 16
1 7
9 17
4 9
14 15
6 16
8 14
2 10
14 20
-6258264 5799228 -1770011 6994438 1541687 -2823730 -1963270 -3362895 -5628780 3111346 5623317 2453439 2691220 2838010
2133531 -3646336 6421407 -1104946 -7364053 6517152 83079 89865 -8819530 7493564 9016675 -247298 -4885260 3557885
10 13
7 11
9 12
2 4
3 7
1 4
5 7
2 10
6 12
7 9
9 11
1 14
4 7
5 13
8 13
13 14
1 8
5 10
2 9
3 13
10 20
5108339 6405330 2689496 1955915 -4193593 -761678 1020598 2898672 -4872070 2291773
-3298747 6705748 3229036 4615972 3400313 1970410 1802346 -3281687 -5805805 3205196
3 10
4 9
5 7
4 5
6 8
9 10
3 5
1 4
3 4
1 8
1 9
6 9
5 6
2 9
6 10
2 4
7 10
1 7
5 8
7 9
14 20
-11913 993175 4889938 3068491 -5909707 -4044507 530215 -6504960 7767884 5597063 2449212 -405212 -4269605 162876
7341242 -2048195 5678814 6815017 -9533090 -4531314 3210551 -7633146 8272404 -3610951 6437716 -1641991 -7646549 3202442
6 13
1 13
5 12
9 10
1 4
3 12
7 12
6 14
11 14
2 10
3 13
6 8
8 10
5 6
1 2
8 13
8 14
1 3
10 14
2 4
9 20
-5001202 5308993 -2458353 1441062 -2421557 1469564 2645845 6268896 -1331701
-6331946 5909840 4166738 -2853356 5289486 -3610153 -3117001 8270289 -1802350
2 8
6 9
1 9
3 6
3 8
1 4
3 5
5 9
4 7
4 8
2 7
4 5
1 3
2 6
4 6
3 7
1 2
7 9
2 5
8 9
