250
16 20
634225 2081370 308695 -7714978 4286774 3328884 -2561497 2376034 2959911 -2645160 1696280 -2145105 -4466312 -3366058 1843789 -4152518
-1531935 -2090217 8001871 -9599756 -5176065 8020570 -6126685 3992506 -6637020 -7457339 3307921 1613968 910095 6257493 -4409866 3388793
8 16
2 4
7 8
7 12
12 14
7 13
4 6
4 11
12 16
1 11
7 10
9 10
4 10
9 15
7 11
1 10
4 8
3 14
5 7
7 15
20 20
6454605 -8397918 463325 1415878 2913545 3746024 -2150482 3961303 -703384 6003208 2688021 -2052283 2891487 5149491 -9048448 1153979 1931203 -702851 7435193 -4164540
7479816 1185369 -797683 -7265745 3437755 8671531 3453944 -5748697 8461561 -986068 6511544 -5032887 3348770 6447813 -9535357 -3765936 7803117 3959935 -362873 -8278553
6 14
1 20
2 8
5 13
8 15
6 17
6 12
8 9
1 18
6 18
7 10
15 17
5 10
10 16
11 13
6 19
3 13
4 9
2 11
7 18
15 20
-2113176 -3474842 -7240405 1809233 5505640 -4711490 -1538669 -1110478 -1340224 951501 6813832 -5802560 -4100591 -3971294 5045695
5375456 1523227 738089 -4067009 -1974356 1246200 -2066155 -8831207 -1756022 -4600987 8008186 -7405271 -5717303 5942109 -1692785
3 5
11 15
6 14
9 12
2 13
8 13
4 11
5 12
12 13
9 15
4 9
7 15
10 13
1 12
7 10
3 8
2 11
3 6
1 5
4 10
14 20
-3082338 -8652753 -914776 -5290731 -8239259 -1291888 -1587525 547132 6177978 3027787 -158326 309237 6303512 13192
6161357 -9196822 -3116450 3868527 758175 -6946369 -3948131 -3319942 -1152781 -220291 7142680 -4325345 -3059243 4515877
2 11
10 14
8 12
3 12
1 3
1 5
4 6
5 14
2 14
2 13
1 9
6 13
5 13
9 14
8 11
10 11
1 6
7 14
1 8
1 10
8 20
-3552025 685682 -4964153 -2435197 1366611 1379075 -4572796 3968570
4005232 4498131 1258795 -9246728 5712797 -3400496 -6533032 -4418932
2 4
2 8
6 8
3 5
3 8
2 5
2 6
3 4
7 8
4 8
1 7
5 8
1 2
1 6
5 7
1 4
3 6
5 6
3 7
4 6
11 20
941531 -208893 339855 6119212 -1497710 744115 -6917917 4442350 1586245 -3276500 6700802
-6447388 -1416890 -9205892 7398804 7273411 -675479 308732 -3857525 3597143 2147897 9850277
1 9
2 7
1 6
2 9
2 4
8 9
4 11
4 10
10 11
5 8
7 11
8 10
1 10
5 9
7 10
1 11
1 4
1 8
2 6
3 4
19 20
1262653 -3435571 -1437360 -6530348 3372991 -745453 1266203 1079607 -4668713 -1729039 2886027 -2676736 -4329582 -541720 -7661436 4086234 -1745470 -2207898 -2468359
-3271762 -6898866 -5749674 2658000 -202515 6128848 -3906981 6214346 5151014 -9193069 8590496 -7914554 -8830086 -8356900 1930771 -1896155 6161957 -3471833 -3367007
3 19
7 11
3 11
14 17
4 9
8 10
4 7
1 8
9 14
8 11
4 16
7 15
13 15
14 18
16 19
3 5
7 12
12 18
6 12
2 12
12 20
-2517683 -561979 -2392997 -5211235 -4694839 2242157 -8269198 2444501 7200595 722544 -3598558 -7803122
1824267 -2662188 -5698414 2372379 4416946 -3270 -9081482 -5838891 8181039 -973164 -5189681 -9787355
1 3
7 12
1 11
1 4
2 10
4 12
5 11
2 7
3 11
1 6
3 10
4 11
9 11
10 12
5 8
2 12
6 7
2 8
9 10
8 12
9 20
-7584003 -3528526 7089984 -1293328 -6336269 2886173 4200944 8279864 220828
2038242 2292207 -430426 -5794356 -9850951 7636040 -3915464 8570788 3389587
1 4
1 7
1 6
4 7
6 8
3 6
3 9
1 5
2 6
6 9
7 9
4 6
4 9
5 9
2 8
2 5
2 3
1 8
6 7
8 9
17 20
-3252940 4434792 542024 7835669 903558 -299136 -4179033 -6993026 1922770 7196846 -5977594 -794252 -5831187 -1320381 2221864 6200761 -3279615
-9457072 -2200041 -1843080 -198868 -2040111 9388297 2573072 -9770378 2695987 9595554 -7078444 5850679 1797041 274128 -2228175 -1208743 3181274
7 15
8 17
2 15
1 17
5 9
13 15
14 16
4 12
15 17
2 5
6 12
11 12
3 9
11 14
4 14
7 10
2 8
6 10
9 15
4 5
16 20
9060950 3956418 3135900 5766387 3539287 676975 1478286 8611220 5010706 -5259725 1039979 842169 1960706 4384834 966449 -6174343
-711906 6369476 -1795096 8559837 7611485 2697885 8622942 -250492 6038213 949354 -2731582 -4879398 4231174 4835082 -3005620 2454844
13 16
3 4
6 7
6 12
1 13
5 16
1 5
7 14
4 9
11 16
3 7
6 8
6 11
8 16
6 15
11 14
2 3
10 14
2 14
2 16
9 20
5185581 1048515 -8285867 4809883 2252032 1694480 -5100815 -4901550 5540838
-782344 5459269 275568 -4300683 -3049242 9473241 -6516625 2416691 -732778
3 7
1 8
1 6
6 8
5 8
5 9
2 3
4 8
6 9
7 9
1 5
6 7
3 5
1 4
3 9
5 7
1 2
1 3
2 4
4 6
11 20
-3375029 7851687 1662214 -1994336 2979433 -550279 -1855946 5654962 -3487039 3635117 4777423
1411694 -1228034 -8119504 2147180 5259167 7791327 6841185 -3292562 -8501472 4816515 8172711
3 10
2 4
1 8
6 7
8 10
4 5
4 9
1 6
2 6
8 11
1 4
4 10
7 9
1 5
5 10
5 7
1 3
9 11
2 10
2 8
8 20
-1401567 -3536750 -2870386 443277 3232622 463803 4386056 -8364494
-3367751 -6237736 -7212764 -7154190 9858059 7546771 7819307 -8899135
3 5
3 4
1 7
7 8
5 8
1 4
1 6
2 6
2 8
3 6
2 5
1 5
4 7
1 3
4 8
6 8
1 2
2 4
5 7
2 7
17 20
3171844 557206 -4902069 4733953 1107512 1094873 8832849 4392722 6485523 1919476 -3120651 -3831107 -5864792 570922 1392490 -2906872 273416
9534291 -5152353 887184 -3497991 7923059 6328190 9264133 8340229 8673899 -4055721 -8049745 5618107 -7316574 -7143770 7330002 -5288773 -9486872
2 11
2 9
11 13
12 17
8 17
1 4
5 10
5 7
5 14
15 17
1 8
10 12
4 17
14 16
2 6
13 15
9 13
3 13
8 14
9 14
12 20
3804029 -982995 -6542473 -185336 -5626643 -6637581 -4873039 -5384252 -1418400 8120471 2659059 -7007588
-3528498 4474340 -7914169 -8570868 110230 -7781076 -6212117 3287086 -4252984 -866788 5374637 1805459
2 8
5 11
9 10
7 11
3 12
4 11
3 8
1 4
1 3
6 12
1 2
5 10
5 12
9 11
1 7
5 8
8 9
4 12
6 10
4 8
17 20
-716526 2412512 3821436 -7421996 5372346 -686582 -354065 523605 -6628068 5601692 -6923291 8856723 7010454 4707590 4321201 -4500338 -2087439
-2290849 -2334401 4092515 -8866302 -510514 -2548239 7186331 -7075921 30082 6574620 836900 9844973 7611707 -3947370 8010120 -6063177 2758779
4 6
10 13
2 6
12 16
1 9
3 16
9 15
9 14
12 17
5 7
6 11
8 13
1 4
4 10
10 17
3 13
10 11
1 16
11 12
5 11
13 20
-2356489 -299452 5568995 4875870 -183873 2878886 847481 -3959913 8519421 6167713 -4627099 6966730 973677
-7791210 1698182 8590465 -2840729 2461323 9381638 6938437 -6630359 -434534 7216765 2484458 -2171146 6468657
9 13
6 8
8 13
7 12
1 9
1 10
6 9
1 3
2 13
5 9
1 4
1 2
4 11
2 11
4 12
9 12
6 7
1 8
7 11
5 7
12 20
6014050 -1597814 4242002 4853735 3010572 2892202 -1752985 480456 -874895 354899 2058131 -3534873
-899660 4899835 -998178 5512458 8071906 -4532086 2016023 7799729 -3631148 -8668943 6070481 505063
8 11
1 2
4 7
4 6
1 6
2 9
7 12
7 11
6 11
10 12
6 12
10 11
8 12
7 9
3 6
8 9
1 5
2 4
4 8
3 5
9 20
2195191 441820 6012994 8134849 -1698618 6022713 -1440961 -7521106 1625372
6040871 677844 6795439 9701097 -7339873 7108847 -9404432 -8413437 8605898
1 6
3 6
5 7
7 9
1 7
2 9
6 9
2 5
4 8
2 8
1 2
4 5
2 3
3 7
3 4
1 4
5 6
4 9
6 8
7 8
18 20
6677719 2702764 -1284054 -8017729 -5828660 1173072 -5487162 -5612437 3179540 9173521 -5233074 1079656 4981383 5024910 1899033 -6665590 2259704 4068706
7955747 6779933 5088687 1551479 787465 -5425403 -5896881 -8568008 -2190115 -642588 1765766 -3199541 -4203414 5582258 3122064 -6717308 -23696 8324857
1 11
5 7
17 18
11 12
3 13
8 13
4 9
5 14
8 10
10 15
14 15
13 16
7 15
11 18
2 15
4 14
5 12
1 7
6 11
9 18
19 20
-5502479 114431 8773938 -4001973 -2777608 594630 3337562 2261351 1709614 4091102 724209 5922187 399788 542014 3962427 1132149 -1920881 -5180198 -4148521
2280283 3470592 8977750 981142 -9330998 -6052142 -6393944 -510871 -1032572 -2982650 9174925 7805179 -4916277 7239153 4043842 -2999165 5091559 -8314565 3502501
1 17
6 11
6 9
15 19
7 9
13 14
4 17
16 18
2 15
4 10
3 16
13 17
6 12
3 8
1 16
1 12
5 10
4 11
8 13
4 15
15 20
-3960385 3252631 5443909 -219948 -1394462 -6784635 -6853681 1003356 1706638 -3369750 -4694827 -1727501 2967898 4580402 3476672
1130988 -4205538 8922391 8179158 -3756058 -9322887 -8578139 -3775273 -6712342 1548645 4215835 2229396 7202916 -2692740 -960035
4 9
2 14
4 14
2 5
5 15
2 7
8 13
5 6
1 14
9 11
8 11
10 14
3 7
12 15
8 10
6 12
1 12
3 8
10 12
8 15
8 20
6861447 3051872 1054642 7886904 -1827783 -1510527 6183941 -466563
-879534 -847298 2930400 -475556 6203623 5776155 9038565 -512422
1 5
4 7
1 4
3 8
2 5
1 8
3 6
6 7
2 7
1 3
6 8
7 8
1 6
2 4
4 6
2 6
4 8
3 5
2 8
5 8
17 20
2877796 -412989 3493760 -1518996 2121265 -5772280 6966773 -497590 -2489121 -1146798 -29660 -932838 -5215708 1678526 1186588 4399370 1434504
4788714 9456830 9435508 -8351870 -3676064 -8282928 8680501 4578758 -5421603 -6134917 4823652 7031503 -6799631 -4225631 -2060571 -4245617 6545968
7 14
12 16
10 16
7 8
13 17
7 12
8 11
2 12
1 2
5 6
11 15
4 7
11 12
7 13
3 13
14 17
9 12
4 12
10 13
4 5
7 20
2892396 682276 1995958 -3718575 3875934 -724675 6810124
7491130 -2480977 -7560112 5563306 -3539189 2668567 9670713
1 5
1 7
4 7
2 3
2 5
1 2
4 5
1 4
4 6
1 6
3 5
1 3
3 7
5 7
2 4
3 6
6 7
2 7
3 4
2 6
15 20
-2448147 2993672 -3178670 -6912045 4503672 7543220 -4920134 3379593 4301803 2043185 -1074950 5016358 -6164698 5500018 -8991143
-6949162 -2523145 -8236418 2750556 8010503 8356294 1686375 -4908169 4486873 -6403582 -3636015 9589976 -9562644 8896698 33594
3 5
7 15
4 11
4 14
9 11
2 9
5 14
6 11
11 13
10 15
6 8
1 7
10 14
7 12
1 9
2 13
13 15
9 15
3 7
7 8
9 20
-7407100 -2959475 671426 -372074 910037 -4601721 2219030 -3166321 8203908
2307593 1490053 -6011609 6076224 -5515155 -8548777 -320176 -4948955 8968512
5 6
7 8
2 3
2 9
3 8
1 2
8 9
4 6
3 4
4 9
2 7
5 9
6 8
5 7
1 4
1 5
2 6
1 8
4 7
3 5
16 20
4826535 204159 248289 -267081 4879866 -3700088 -998960 1879239 -3317814 2022063 1403450 -643603 -3699671 8694706 295895 -2485632
9014123 773240 -7472922 6068212 8113626 680312 -9308516 -4667427 -8147930 9983913 -8514103 -4619380 1618476 9294636 715173 5809920
12 15
3 13
7 15
6 7
5 11
13 16
2 10
6 15
1 7
8 13
2 7
14 16
1 16
4 14
9 12
9 11
1 5
11 13
4 9
15 16
9 20
-698102 2660242 -3486979 61203 -3330500 8794924 -2428936 -5436823 575632
-2467025 -3803854 4119748 -3949277 -9571253 9449039 5928275 1591872 -4586864
3 9
5 7
1 3
2 3
2 8
6 9
3 5
8 9
1 8
7 9
4 8
2 6
4 7
3 4
1 7
2 7
4 6
1 6
5 6
5 8
15 20
6296510 77869 7950887 2569311 5995566 -4832210 3471480 -5593958 508695 -430080 -2064624 -2374856 -4962178 33115 -4774295
8701063 1863181 -989732 -5162578 8143100 1866442 -1452171 -8757054 7411695 969830 4810796 3349579 -7197274 -2472284 -9213361
6 13
8 12
1 14
2 15
7 8
1 6
3 6
5 13
8 15
2 5
3 15
1 12
13 15
10 11
1 7
10 13
4 6
8 9
1 9
12 13
11 20
-3806886 5568236 -1565287 127026 -3294800 -6539749 2429725 1964594 -3165661 8852949 -1196900
-6585668 5680202 -2058799 -9869988 3571355 2060191 -3312808 8777752 -4521838 -539940 6172788
4 10
2 11
4 8
5 6
3 6
5 8
6 9
3 10
4 11
9 10
9 11
4 6
1 10
1 6
6 7
2 6
7 8
1 8
7 10
1 11
13 20
1208130 -3252875 -8325852 1272444 -5592230 -6433262 3229161 -5997639 7915148 306522 2079473 -2398890 -8448617
2938301 6636117 -8364985 9741570 -6333782 -9626369 5197853 101432 -1910968 -1729662 -6486875 -5650750 -8950369
5 6
1 11
2 13
4 9
2 4
4 11
5 12
1 6
1 12
5 7
10 12
1 3
8 9
12 13
3 4
2 5
9 10
5 11
3 13
6 8
14 20
958136 -2371537 794219 3068991 -4816043 -6218784 -669731 -3696041 233353 7745415 -345189 494437 -1212477 2455761
1359604 553299 3646630 8152055 -7537916 2591510 -3938770 -6265280 -9395308 8784276 3618707 -6301716 1248053 -94634
5 8
9 10
9 12
5 12
2 11
6 10
3 6
4 6
2 12
9 11
5 7
1 7
11 14
1 11
8 9
1 4
4 13
2 7
7 13
6 8
15 20
4458682 -4590483 3309150 1297487 -2838994 230418 3552010 -829268 493448 839150 -53634 -3586730 2512396 7008825 -3096988
4701330 -6474514 6078599 2706505 3744750 -9365753 -279795 7062186 -3986813 1330862 -1394779 -6163223 9379706 -1009504 2375912
4 7
2 11
12 14
3 8
5 14
5 15
1 9
9 10
2 10
9 13
2 6
8 15
7 13
8 14
5 9
10 15
3 11
1 15
3 4
5 7
11 20
-1361777 -9217981 6187426 -1849962 3699611 -770757 -6442875 4243479 3313986 4170018 863114
5224475 212147 -1748688 1142468 -5502699 -5352558 -7438529 6149049 8642155 -1719905 3226367
2 10
5 11
7 10
1 8
1 3
2 7
6 11
8 9
2 8
1 11
2 11
5 7
4 9
1 7
1 5
3 5
1 10
2 4
7 9
2 5
13 20
-6172643 -3028785 -1340725 -647650 -7473617 6193689 -4988796 6498367 -4262061 5652362 -7439778 7673351 -6699384
-6469612 4787266 8222348 -8336602 321580 -102304 -8754470 -2547299 -4894867 -3026687 2162008 9444595 -6841626
7 11
4 9
2 5
8 12
7 10
7 9
1 3
10 12
8 11
7 12
2 3
4 8
2 12
4 13
6 12
9 13
1 5
5 9
8 10
5 8
13 20
-3549173 5417998 7530592 3147710 5683412 -3483095 3953124 3870787 4540908 -1376555 -67079 294476 -4354820
-5364802 5950530 -623126 -1604565 -4072507 2565744 9322879 -1907359 6244755 -2028959 4805803 3831550 4488342
1 5
3 8
4 10
3 10
10 12
5 9
1 4
12 13
1 11
7 9
2 9
5 6
10 11
6 11
7 8
3 6
7 13
4 8
4 6
9 12
20 20
4833924 -788763 445616 -7973294 -5920332 -3809326 5006759 3884730 6962522 2908551 -194044 -3335237 -1853485 -5304017 -1724832 -686991 7680630 -4194073 -1017847 -5911342
5647946 -2446660 689822 -9330736 3857402 -6032171 -1532138 -679146 -1427906 6640539 -2375358 435909 7496339 -9637367 7562786 5345925 -2092752 -4629319 -8659577 175611
2 4
4 8
5 17
14 16
10 19
3 12
6 15
3 13
10 11
3 9
10 20
15 19
3 14
7 13
11 18
1 3
7 12
5 9
3 20
1 2
7 20
-3961894 -2959802 -554809 6357055 6552991 -531525 -2452785
3876234 18806 2026766 -1983496 -454473 -3328806 2294200
1 6
5 7
2 5
1 5
1 7
5 6
2 3
3 5
4 6
1 4
6 7
2 4
4 7
1 3
3 6
2 6
1 2
3 4
3 7
2 7
13 20
-1633325 5126138 -2218253 -6802090 -1831137 -3357217 -286440 3564962 -5020877 8325054 7517088 -2774057 2380785
-3303928 -4516176 5940523 -9600848 -7907345 6466562 1276869 3946339 3004952 8456421 -1341700 -8657429 9226391
3 9
1 2
8 10
8 9
5 9
2 10
6 9
7 11
4 7
4 9
5 8
1 6
8 11
6 8
10 12
1 4
4 11
9 13
11 12
11 13
16 20
-1265823 -6822132 5783278 -1226358 -6709878 -2065300 -1623914 1020970 -1291350 801762 -5464863 -9064032 3239571 -1606641 -4082174 -2625938
3893584 -8464441 7002672 1608715 3209237 -6406540 -2776565 -3105296 299241 -7525370 -8744000 834268 6832216 -6990572 -4954536 -7715435
13 15
3 15
5 7
7 11
3 8
3 12
9 16
3 7
4 11
10 16
12 13
13 14
2 13
4 16
1 7
7 13
3 6
2 16
4 13
1 2
20 20
-1969000 1542770 1005183 5624076 1653782 -982109 -4006354 241565 -3167999 7207984 8130850 -2925389 633862 -2026623 8194040 -1827985 -2220564 4219772 -5693118 335678
-6758187 -3358920 -7767265 -3296393 9269360 8993260 4823704 -5665668 1510382 7310130 -827658 6724857 4460924 -8328827 -541330 6439994 -3285107 4687749 3353991 -3774575
7 19
8 17
15 20
11 14
6 13
15 16
4 16
2 3
13 16
3 10
15 19
9 20
13 18
10 15
11 13
17 19
1 16
8 14
5 12
5 11
7 20
5470170 -392063 5437924 -4564830 2287722 2377677 1776090
8030561 4398253 -1071619 4885369 -7629039 6018999 -2239834
3 5
2 5
5 7
1 4
2 4
3 7
2 7
3 4
1 5
4 5
5 6
6 7
1 2
1 6
4 6
2 3
4 7
1 7
1 3
3 6
19 20
-2060090 2022632 -1325981 -1038066 -2722265 -188340 -5969925 2256678 -5275798 5287605 5920746 3059458 1844188 -3406706 4669699 1955999 1845793 1646492 -3687782
101209 -73338 3801579 701484 -6159470 255021 -8086342 2365049 3158561 9028454 -3856380 -2303379 -6751997 366966 8268479 -6197991 8066022 7761647 -5611237
4 15
8 18
3 8
7 11
13 16
10 19
1 7
10 15
2 12
6 8
2 19
12 13
13 15
9 19
5 15
5 7
8 16
4 14
7 15
6 17
13 20
686998 -1681609 -1715797 24703 -7394527 649406 1671148 -5247086 4213978 -2245087 -6200317 -2220158 5122892
-6785107 721878 -8253149 9294356 1664028 -5119001 3603772 3190741 9882765 -8271404 -9593832 -2426314 -2244189
3 6
1 13
3 5
4 13
2 4
6 10
7 12
5 9
10 11
1 8
1 2
5 10
11 13
8 11
3 7
4 12
6 12
7 10
6 13
2 6
15 20
-1857968 1825634 1015709 -2239061 -5422094 -3396054 6770210 1153557 -6828231 151329 6030106 -1480202 -2279683 72922 3107751
-6555481 -7154558 7083730 -3849889 -9053754 -4352751 -18023 3781473 2303832 -3883377 6446704 -2942760 5924169 4346944 4547666
5 13
7 15
10 13
2 8
9 11
1 2
4 5
13 14
2 3
8 14
1 6
7 10
11 12
3 5
8 10
4 15
3 6
4 14
12 15
11 13
15 20
8092839 46851 6516734 -6061995 -2897163 -2145101 -366034 4817150 -2974888 -2385163 3594653 698232 101455 -6082276 942965
8517936 6313101 7716764 629586 -5532324 -5388616 -9652478 -339952 4999972 2273456 9853663 -3922259 -562259 -6555141 -6453190
3 5
5 9
3 4
1 14
3 10
8 13
2 10
2 6
3 14
3 8
2 7
4 8
6 11
6 13
8 15
9 12
2 11
2 4
1 8
5 6
19 20
3327869 357196 3328953 3001388 -844632 -4399521 2539899 -5482 4790657 -2028071 -5431661 5995873 -446838 2262702 -5105810 -7658358 -5537564 2767889 423492
-4882787 -5969367 -2633143 5389171 2301907 215170 2792624 3841593 6523280 6871051 1002311 -484805 5809718 -6457849 -9014363 -9871386 -7137046 9149352 -107450
4 6
1 18
5 10
11 16
3 9
12 19
2 15
10 15
7 14
7 16
10 14
2 12
2 3
7 17
6 12
3 18
16 18
9 15
8 13
11 13
9 20
-2407135 -780284 4820193 -3265040 1822205 -2356051 4861788 1996567 5907467
-7766041 2374026 6027393 3028293 4463840 2079189 4977842 -626914 -3957918
1 8
5 7
1 3
3 4
1 7
3 7
3 9
2 3
2 4
5 8
5 9
4 9
1 2
6 8
4 5
1 5
3 8
5 6
3 6
4 6
7 20
6552229 1372753 -963054 3541607 -3764969 7943543 2268098
7749731 -4190472 -6877927 7560696 1567243 8364930 2776006
6 7
3 4
5 6
4 7
5 7
2 5
1 7
3 5
4 6
1 5
3 7
1 3
4 5
2 4
3 6
1 4
2 6
1 2
1 6
2 7
10 20
-6164009 3397032 4613777 -1509347 2919148 -533068 953582 1112145 -6834 -2730084
318650 9581481 -2805730 -4672713 4228066 -5970109 8533620 -5814464 7807923 -9154382
6 8
4 5
4 10
6 7
2 9
7 10
4 6
2 10
3 7
5 8
1 8
2 3
2 5
3 4
5 7
3 8
1 4
2 6
1 2
1 7
14 20
566850 1823727 8549621 536960 -5937824 -5833169 1604544 1962722 -3299436 -299972 4492087 -4725213 -400141 -3109702
2099486 -6597795 8740719 3524364 -8765640 325073 3419226 -2736623 -4522193 -8675119 6874846 -5772237 6743965 1272982
3 5
2 9
2 4
7 9
4 10
5 6
3 6
7 12
3 11
7 14
2 13
6 14
7 8
8 10
1 13
1 4
3 14
11 14
1 7
2 10
17 20
-3811173 -7186662 529369 -5469832 2960827 -6079940 5685343 2997169 3690309 -7504225 -3818684 7730360 7650246 -3198515 5099917 -6559394 1627714
-6125215 1782406 -6036181 -8416239 4917222 -6262458 5813247 4314274 8732589 -9205264 5349066 9029769 -16623 -4138023 -2585172 -8980854 6170285
1 6
10 17
9 14
4 7
10 11
3 6
1 17
5 9
8 13
15 17
2 5
8 15
1 11
2 7
7 12
11 14
4 12
1 8
5 6
2 16
15 20
476205 -3311077 -710454 -4919277 -258912 2879330 -6171987 -1345580 6983308 2818290 -7268820 -1532771 443150 873098 -2861206
9024165 -7799230 -6628210 3276029 -763757 5341094 -9181353 3189858 8523326 -1404297 -9527174 -5126275 9789647 -4748538 -7871988
6 11
6 8
1 10
10 12
1 3
4 5
7 11
4 9
7 14
10 11
1 9
4 10
4 6
9 14
1 7
14 15
3 8
5 13
2 10
10 14
19 20
3684737 3259323 7246021 5191634 -6267713 -5828724 3451037 6307128 -3750898 4820371 1407398 2608709 -6329566 3397977 5279958 2007436 5624073 -5076554 -1747806
-243092 5715091 7491682 -1509020 3456613 23038 6685679 -745640 3879130 -4566899 -7882719 8152908 694441 9845878 -1723884 5478991 -2113502 -8393503 1039349
4 13
2 3
1 10
4 18
11 18
5 9
8 19
6 17
6 16
7 18
3 6
12 16
6 19
5 12
2 18
1 2
2 14
3 4
10 14
15 17
12 20
-385493 -4103646 -1483884 -1554504 1985350 -2312755 554308 -3465387 -1720030 1135766 6997802 -1657510
5096290 -6990036 7546523 4981477 4732484 -2761997 -671647 -7818525 -8555023 -4925610 -496155 3852236
10 12
2 10
1 6
4 8
2 11
3 4
3 5
7 9
3 12
1 5
4 11
5 10
1 2
8 12
4 9
7 8
7 11
11 12
6 10
5 11
11 20
738383 -1330369 614778 -7419676 949004 2189047 -3124616 2969000 2989367 -1483160 -1668596
-1284853 165399 -8688424 1942042 -317845 3103212 -8914681 6306217 5813236 3661067 -6362208
7 10
5 7
3 5
6 10
5 6
2 9
7 9
4 10
6 9
10 11
5 8
4 5
3 10
1 11
1 7
1 4
8 9
4 9
8 10
9 11
8 20
-4207854 -1475983 204045 -76230 -2924444 -3013439 -2735851 -1107952
2861753 -6824295 599312 9434045 -8812410 -4056083 1003036 -9543066
4 8
3 6
6 8
4 6
1 7
4 7
2 3
2 6
5 7
5 8
1 8
2 7
2 4
1 2
5 6
1 6
6 7
3 7
1 4
3 5
7 20
2595359 -4379587 748210 5522563 257608 1255581 2341950
-2942198 -5601837 3920073 5912273 1914306 -306906 5445973
3 5
2 7
2 5
1 5
5 6
1 3
4 5
2 3
1 7
2 4
1 4
6 7
5 7
4 6
1 2
1 6
4 7
2 6
3 7
3 6
20 20
-5166625 -4486352 6670913 1227628 2255904 -3106274 -1436947 6187459 1331218 6854846 -3321953 2327649 5466707 3147652 -4547061 -4670767 3649569 7703135 2457236 -3393439
-8834686 2448291 9508487 1259870 6455075 -8785722 -6921080 -2913295 6757395 -2177587 -5623368 9148309 6887947 4548180 3228569 4728776 -2461253 9000051 -3388592 -3714869
13 18
9 19
4 7
16 18
5 6
1 12
10 16
3 13
4 11
14 18
5 11
2 19
5 15
5 14
17 18
12 19
14 19
9 20
8 13
2 20
17 20
1860844 1341938 -7837916 5989584 2946110 -578769 -905794 4462033 -2765787 -3385700 4338992 3427359 -6681720 -1602065 -2043297 6343918 -3976066
-4258384 5233266 -8917057 -1400595 6105821 8950720 -1848463 8579220 6867376 -6191495 -2979529 6639675 -7130946 -7416301 5693681 -2466430 -4526895
3 13
9 17
1 12
5 15
15 16
2 10
3 6
9 14
6 12
7 12
2 7
2 6
11 17
4 5
3 11
11 16
5 6
7 14
2 13
8 17
18 20
-1244669 -2934632 3159340 4146556 862769 -2805725 -1454775 5291297 1456164 1236892 325845 3740800 2660829 969028 889269 2392391 -4697825 4753121
3121532 2299472 7016223 -1635693 -8600887 4555943 -2862761 9602301 -4927919 1670152 -725192 4762099 -6590540 -1149187 2093363 -1807640 4329988 7595421
1 6
5 14
8 11
2 8
6 18
3 18
7 13
5 6
13 15
3 6
2 4
4 18
9 18
3 17
9 17
7 12
10 14
13 14
2 15
2 16
10 20
3512500 -4524816 2124265 -3050304 2768927 -239001 -3022174 4585889 -1022289 -1801519
5105188 356268 -1122335 -8967573 -5554755 -4721429 4156931 9826742 -6512590 6765031
1 6
3 6
4 9
5 10
4 10
6 10
2 8
8 10
1 8
2 7
3 8
7 10
4 6
1 3
7 9
4 7
9 10
5 7
2 9
3 4
16 20
-1584626 2387684 1083626 649196 4154050 -4918331 -4274167 -612760 1780946 -373974 -1625607 8737332 -5705760 -2004716 -1904526 -6980333
-2817131 -3922537 -6773868 983054 -3712543 4628653 3774228 7889438 -4956746 -7813078 6713686 8887220 -6024161 -2273797 -6272939 498555
1 14
6 8
2 15
9 15
4 9
12 14
1 3
7 8
2 10
7 12
15 16
1 11
1 8
3 8
5 6
2 11
5 8
7 13
3 10
8 15
10 20
-1102584 714606 -2210924 3708688 -6443292 4903227 -105005 -3806452 -195637 -1299424
434442 -1683279 2610906 7244942 1257272 8678879 -6090720 -7173793 -2443146 -8672300
1 7
6 9
2 5
3 5
1 8
1 5
1 6
3 7
3 10
2 8
9 10
8 9
3 8
1 10
3 6
2 7
4 8
4 7
2 6
7 9
7 20
182000 -1587929 -55983 3481200 -2285775 2391428 -3429107
-7622195 6326731 -5571568 8053353 1564728 -4572256 517041
1 2
6 7
4 6
2 4
3 7
1 7
3 4
3 6
2 7
2 5
3 5
1 6
1 4
5 6
4 5
4 7
2 6
5 7
1 3
1 5
11 20
-1787377 -2940744 -3280307 2327251 -1190686 -2016732 5063696 -4334489 2637565 4945102 5725748
3553944 -5902276 -7683661 -7327093 2281968 3976444 5266921 2573703 3452535 -1704652 6661194
3 11
4 6
3 10
2 5
5 7
5 10
5 9
3 6
6 8
8 11
7 8
1 11
8 10
1 9
1 7
5 6
3 7
1 10
4 10
8 9
14 20
-6966116 5916487 -3026540 4027762 -5818435 -56370 4468859 -3319644 1905277 -1561653 -3907650 -971492 -8085084 -3171821
-9160057 -3688896 582926 -3285857 3822867 -3979364 6059786 3206265 -3351163 -1875469 -8523046 2557277 1881132 -4812821
2 9
4 9
8 9
9 11
5 6
7 10
1 14
5 13
6 8
6 11
1 4
1 2
4 11
5 10
7 8
1 3
12 14
3 12
6 13
5 11
8 20
-6486409 -1702485 3337440 4530828 -2511838 836440 -83361 -78248
1317024 -9228257 5863428 -3799365 -3802254 4274732 3328833 -111774
2 5
2 4
3 5
4 6
3 4
4 7
1 4
1 8
4 8
1 7
2 7
2 6
3 6
4 5
1 5
5 6
1 6
3 7
6 8
6 7
10 20
-2572810 -2366086 -6608890 -693301 792540 -3441593 4354202 -1745609 -4979680 -1285260
2943011 -7769329 -9598209 4661184 6087574 -9574171 -2668181 6607753 117179 -9353298
6 10
6 9
1 2
1 6
3 10
2 10
4 7
4 6
7 9
6 8
3 8
5 9
5 10
7 10
1 7
5 8
4 5
2 8
2 9
1 5
20 20
-1864142 -3508500 2530477 -1156133 216914 -6684348 -3173632 -3117045 1524903 -1730295 -3117421 -347480 384119 4573972 6268928 -313116 -2089615 5014392 -661320 2131718
6085120 -6560588 3382009 -2538273 -551988 3254073 4596191 -9275108 4692286 4737340 619648 2991922 -7433690 -4103054 -2547607 -1429192 -5701585 -1011612 3046194 2630290
9 12
10 16
7 13
1 9
3 20
5 14
2 17
13 14
3 15
3 4
2 4
12 15
5 18
8 11
6 14
2 10
11 17
11 18
1 4
2 19
17 20
828009 2314444 5312994 -2891707 107615 -882478 6403004 -5071817 1062641 -2225946 5464879 -2051359 -846152 39300 2021293 -2369064 6112422
5604325 9357047 -990444 -5322389 -314634 3563929 6405641 -5585745 4547474 -9743647 7141641 -5576561 -3627056 3678095 3810529 -6444433 6824306
4 13
5 15
2 11
2 9
4 16
5 8
2 16
9 17
5 7
1 17
10 17
11 12
6 10
3 11
1 3
2 5
8 10
3 16
12 14
6 14
13 20
2972892 -1124553 1746234 651758 -5685156 6244805 5982729 -2207530 -209255 -2595483 3943125 2442856 -3195306
3670586 -8653685 8621490 4856671 -8383679 7395479 -2073090 7546185 6891400 -5775268 -1435513 -5035880 1342420
3 13
3 5
6 10
5 7
2 13
6 11
7 13
4 13
12 13
1 8
1 7
2 10
4 12
2 9
5 12
1 6
4 5
7 9
8 10
8 12
13 20
-6495198 928912 -645240 -1571305 823134 2576948 -3165454 -2100456 5587961 -2715469 1774361 -2197124 431815
-6678987 -3598758 -2998055 -3566802 5854291 -2276871 -4483984 -5077471 8852645 4185275 6400398 -5114183 1735387
4 12
5 6
7 9
2 9
6 12
2 11
2 8
1 2
9 10
7 12
7 8
5 10
5 7
3 10
10 13
4 5
2 5
6 9
1 10
10 11
15 20
-3216767 -9133477 -3010885 -4500998 -1655670 6891214 -99693 -6580909 79652 6385648 2737635 160105 -3992762 251019 5390019
-8269790 414670 -8353144 -5606476 -3692269 -3028184 6834421 177597 -4776091 9783517 7899290 -3496958 -5994747 353510 7458785
9 14
5 15
2 3
6 7
5 6
6 14
10 11
4 14
5 11
10 15
7 8
3 12
5 9
4 13
2 11
8 13
1 3
2 9
3 13
6 12
13 20
5467120 -1941898 7596090 5360661 1065885 3137578 -796260 2548290 -7222840 -4646844 -6604647 -2674644 -7137097
-1879773 -3209214 7746827 -3186936 -4677747 9756707 -5261259 6388513 2349534 -8115481 51730 -7714484 1902977
5 8
2 11
4 9
9 10
6 10
2 13
2 4
9 13
4 7
8 11
5 6
3 13
2 6
8 10
1 13
4 12
2 7
3 7
6 7
2 9
17 20
-2489370 9548605 2425539 810861 72676 1429615 886218 -423986 -2703537 3739773 -6619661 -1146159 -1991858 2950512 -2959551 -1340939 1355509
6500452 9870998 -3556290 2637149 -2007908 -2867711 3921046 -1299255 -6686164 -1361929 848165 357476 -9393369 4575841 -3565430 -4238689 9809865
8 14
3 16
7 15
14 17
4 8
8 16
8 15
9 14
7 10
2 9
2 11
5 8
3 4
1 9
4 17
9 12
9 10
6 10
11 13
1 8
18 20
4944922 8408308 2493775 2721656 2521120 1141511 563890 -1066673 1137182 4682258 1403817 -5019167 -6199855 -2669747 -650617 -161150 1060151 3206664
7118116 9368188 6257128 5044324 8960245 -3952244 9173226 4305840 -208260 -837786 -8456879 -7143281 -8871092 -3314242 -902809 387534 -6694933 8284970
4 5
1 11
5 17
6 17
1 5
9 13
9 18
3 6
4 7
8 18
2 15
10 12
9 14
6 9
2 12
3 5
9 11
14 16
7 10
10 13
13 20
-4116835 -507201 415471 -886843 -4646559 -493745 2913033 -644311 -7055690 -5082159 -1007050 -1533920 2583692
-7361840 -9275081 -4293039 7961602 4067501 8207541 8354606 -826780 -8929816 -5655741 3201934 -9985031 -5527973
4 13
10 12
8 10
2 4
9 12
7 11
3 12
3 5
10 11
5 6
8 13
7 10
10 13
4 12
2 5
9 10
1 6
7 8
1 8
2 13
14 20
-53057 -4148555 795025 -3687792 5720454 4172393 864754 -4339333 -662705 -4719376 3377524 4843286 206947 593554
4412938 3063984 -1131001 -9006833 -2918485 -1240749 2086522 4881392 2862821 -8997806 -5321087 9375321 3306685 1589417
13 14
6 11
1 13
3 4
1 4
5 14
5 8
2 4
7 8
1 6
10 12
6 8
1 10
5 12
1 9
3 13
7 11
2 6
9 12
12 13
7 20
2255976 -9130780 -1609255 4748577 -1478827 -5801470 4805913
7255978 105262 -7622475 -2581438 7846965 -9946442 -1267716
2 7
3 5
3 7
4 5
1 4
4 6
1 5
3 6
5 7
2 3
1 6
2 5
2 4
5 6
1 7
6 7
3 4
4 7
1 2
1 3
10 20
-6769164 -4533653 -1740495 3927035 -246940 2760964 -5506535 1972736 -8106807 -6925666
-9323288 2011369 -3348387 -5355152 7774804 -282075 -6702019 -2165835 1313189 -9091131
6 7
1 4
2 9
4 7
5 10
2 5
5 7
1 5
4 10
3 10
9 10
1 3
3 7
2 6
6 10
1 9
8 10
2 8
7 8
2 4
11 20
3768416 5263123 3347725 1088281 -5599007 8944484 5989268 -927748 -1064101 -2078619 1430504
-5961995 6903033 3466402 2042083 2730414 9961463 9631024 -6959070 6312147 -4795669 -3167506
1 8
2 8
5 7
8 11
9 11
4 6
5 9
2 5
3 9
2 11
6 9
4 11
1 2
7 11
1 5
5 6
3 8
7 10
6 11
1 6
11 20
3922031 691784 -3927389 -1868320 3922838 -2873395 7210966 -4606205 3848379 -4216651 -5950686
-2245149 7105329 4947684 -5507031 -255605 1646442 -2685487 652129 -2652769 2759026 -7611217
3 9
1 3
1 8
2 11
6 7
4 9
4 6
8 10
6 9
1 2
4 8
7 11
3 11
3 5
7 10
2 6
4 7
8 11
2 7
4 10
19 20
2091141 878592 1830354 -720983 2509566 2048443 796572 -4150471 -3485492 -1239756 -1103286 -2516853 4196915 513631 -4424555 -4024673 4867025 -546802 4470412
-3350968 -4790278 7120923 1283448 6348142 -3593297 7578813 2300437 5827924 -6505895 7385432 -6924567 -491761 2348829 2322238 -8440770 -1023270 -2101316 -3304284
3 14
4 15
9 10
2 5
9 13
2 8
15 19
11 19
1 2
6 19
1 9
10 17
1 19
14 16
14 15
7 14
6 17
1 8
13 18
4 12
10 20
4917283 2905827 -1655011 -3570193 -1992599 -1223548 -2582811 -7273644 1121940 2790287
-4956809 -1157692 -9207005 -5142419 2136713 8035362 3488959 1217619 -6458318 5481121
3 7
8 10
1 10
4 5
5 8
6 7
6 8
4 10
1 2
2 8
1 5
1 9
3 4
7 10
2 7
5 7
8 9
1 3
7 9
3 8
18 20
-50807 -271480 7361532 -3590051 -2638066 2326663 1345010 -1764562 6875531 8487919 416782 -1404087 2731185 682193 4169962 694036 -2318868 -4943033
3150248 3905039 9422000 -3986076 1621907 7680731 -740816 -5663833 -1262320 8974796 9065952 4614800 -5243780 1252964 -1924201 2486835 -8418663 -6825724
1 7
5 8
4 16
2 12
14 17
8 10
6 11
2 15
1 9
2 5
11 13
9 13
5 15
1 12
12 17
16 18
8 18
6 10
4 8
3 9
18 20
-2335180 -2022799 -9062745 -456531 -5597255 6561255 1791779 -3595463 4821947 -6205513 3131713 -7236450 547009 4664791 5174499 1633037 813016 5634569
-5696924 -5113466 16558 3309343 1975468 -1810846 9068047 3634320 -4685414 157264 -3075795 -7880208 4295474 9561534 9075691 -6174612 -4910893 -3483862
9 12
4 10
2 10
15 18
8 9
2 18
5 12
3 6
7 13
11 15
14 17
1 7
7 9
7 14
12 14
6 15
8 16
11 12
9 17
4 11
10 20
-4254820 -137395 -3849640 -4907686 171734 -768961 -7706883 -3852437 5164599 5403000
4498347 3874161 -7951330 -8930602 -2481743 4137071 -8670818 5510636 -2679966 -2044245
5 8
2 8
2 4
1 7
4 7
3 10
7 10
6 10
5 10
1 4
4 6
3 7
5 7
5 6
6 9
7 8
2 9
8 9
2 5
3 5
19 20
3576955 1562241 -4526740 -1221357 4102559 7087056 7803840 6093282 2105102 -7267153 4878345 1067081 3993043 -2763209 839067 -5293090 -3284502 61039 -6435981
-126458 3950286 1003279 -8471577 -2077209 8988701 8509543 7531612 9877306 -8577631 8232110 -357385 -322032 1152086 2297528 -9116316 -3384546 -7849870 1118151
3 7
4 10
12 17
3 9
3 6
9 16
14 19
4 14
12 15
1 4
13 18
10 12
13 17
1 11
7 18
2 9
8 17
4 18
6 12
5 14
8 20
-2995584 -1865358 5927507 -1307652 -133807 7271089 -7809663 1621873
4729709 -5661746 8614935 -4644167 -6654898 7543486 1636509 -4855423
3 6
4 8
5 8
3 5
2 4
4 6
1 7
4 7
2 7
1 8
5 6
5 7
1 6
1 2
3 7
3 8
1 3
6 8
3 4
1 4
19 20
3133294 4144845 4889694 748815 -5910160 -6340862 -624963 -4410532 1433282 5633282 6177832 3824743 -2625691 7041445 3874279 -295206 1051043 -384385 -3057433
3191491 6198468 9066867 -8749260 3580590 -9647611 6130753 -8553290 4513905 7214988 8639962 -1463041 800394 -2393697 6773915 3758775 -6981860 -3856405 78378
9 13
13 18
3 14
14 15
2 16
8 13
4 10
13 14
1 18
5 7
5 6
2 9
2 12
17 18
7 14
4 8
11 13
17 19
4 5
13 16
19 20
-467386 -382307 1824720 7281217 1514490 -1072 53270 -1577232 -6492350 -2583029 -1628094 1948792 -1427162 7690415 -2744172 -1617107 -948989 -3651306 -774079
3224878 -3688302 -5003130 -2503227 -3844078 -8578372 8019411 1552287 -7408254 6174278 7691383 -2154788 -3266892 8957202 6449435 2588497 -1162293 -3806201 -7223215
2 18
2 4
1 18
4 9
7 15
13 19
14 16
1 11
14 18
12 17
8 15
3 7
5 11
5 10
8 14
10 16
6 15
11 15
6 17
11 13
8 20
5719631 1778013 -186258 2303243 -302923 5382407 2693538 -7840165
-2636549 8554967 -3057889 6731531 3897802 -2444946 -2535373 1037943
1 3
3 6
2 7
3 7
1 4
3 5
2 8
2 3
3 8
1 5
2 4
6 8
4 5
2 5
5 8
7 8
5 6
4 6
6 7
2 6
18 20
8570764 3179972 -1627818 -1475725 68018 -7660805 104644 1200942 -1219069 199361 -1613212 -5324347 3155672 -6492169 -3483068 -1896243 -509627 -2270699
-612368 -1492305 7333690 5087484 5650348 1321632 -7309098 4185893 -1777850 -3648743 603069 -5747371 8455357 -9737285 -9484127 2077098 -7200532 -4798301
16 18
1 11
11 17
7 15
4 17
8 18
2 3
9 14
6 7
5 9
12 14
6 18
1 12
7 16
3 16
5 16
10 15
3 12
1 15
10 13
18 20
3865542 -7983824 -6194853 12227 6711022 -6968050 -161144 1616333 2179750 252460 -2605963 5139733 2260126 1499423 937382 1865438 -2244466 2697561
-252129 -8301754 3682750 -8631806 -261391 -7838707 6560544 2859641 6961725 -8152142 3790336 8700683 8415956 -6024797 -8700868 9277855 7251794 -6458993
8 16
8 18
3 14
10 18
10 13
7 9
4 10
8 14
4 15
2 15
7 16
6 8
16 17
3 11
14 17
7 12
13 17
1 9
3 5
1 5
11 20
3449154 -694494 5195561 -4780377 5910734 -1899672 4215714 1312041 5138850 682701 -1023286
-5675995 -3191527 -3663256 4581924 6588677 6107090 7441550 -3303537 -826102 2305206 7142896
2 6
2 4
7 10
10 11
3 6
4 8
5 8
3 7
1 11
5 10
1 6
6 10
3 5
9 11
3 4
6 8
6 9
8 11
7 9
2 7
13 20
3394447 3280142 4379041 -1722094 -3569873 4920524 248161 6487017 4526988 2544484 -7358215 307637 -2749215
7197694 6363123 9312836 -6709771 -8202823 -2643919 -3004843 -2171336 6870851 6307957 1507698 -5155734 5017311
6 12
4 9
4 10
1 13
7 10
2 9
9 11
3 11
3 12
6 8
1 7
5 13
3 5
1 8
8 12
4 8
2 7
6 13
10 11
2 13
11 20
-2402985 -8843348 1792616 -4343569 -399369 768506 4205174 -1255805 -3932287 6530595 480783
4453341 -9411583 6672981 -9731589 -4801515 8017192 -1667718 3338769 2944727 -2780383 -4433911
5 11
6 9
2 10
8 10
4 5
3 7
4 7
1 10
3 8
3 9
6 10
4 11
9 11
3 5
2 5
2 11
3 6
3 10
1 3
6 11
20 20
-6404436 -1953913 -5387536 -2908950 -3577148 -2638663 7615146 1942922 -7950429 9120223 -2578404 4384133 115894 6499162 243668 105338 -3528180 4373231 -4001479 -2350779
2124028 2680300 -6316348 2701485 2306569 1743403 -844425 -6083724 -8636105 -376608 -8556411 -4568842 3376438 -1583664 1417922 -9618514 4085927 8202554 5299399 3766416
5 17
4 16
9 13
8 14
3 6
9 16
5 15
14 16
5 18
6 16
16 20
2 17
4 7
11 13
10 18
10 12
12 19
18 20
11 18
1 9
13 20
1934486 -173128 -7719607 5940073 -6470841 -2641780 -146653 -2235365 2646918 -1316163 -1537872 1290960 479108
-7738683 8016815 -9132294 9176580 1404184 -3283069 -6473981 -6157039 4177524 -7358054 -2898894 1804868 8512179
4 5
3 13
7 9
1 6
2 6
4 11
4 12
1 9
3 12
1 4
10 11
10 13
2 9
3 7
5 10
5 6
2 3
8 13
6 7
9 11
16 20
-640131 -4930541 759999 -4010712 -3271030 -1643152 -4032780 2484198 8730421 5187088 -1043186 7795765 -3168579 -4621155 -591555 3080163
-1264428 -8289441 4884451 4652446 -7348398 5041386 2848076 -5525723 -155050 -814049 6671278 -742112 -7068445 -6074489 4224567 9044744
4 8
11 14
1 10
15 16
4 12
2 8
10 11
1 5
7 13
1 14
6 16
5 16
1 4
3 11
13 16
2 16
6 7
6 9
4 7
4 11
20 20
-2109508 2850750 -1628790 -2419274 2566201 6238556 3853392 7301981 722203 -4942546 17571 103120 -1052063 5025469 -808675 -3636856 4911267 -4925050 6195791 -2175585
3859188 8865161 -4849092 3599325 4747899 -1798120 -6134471 -1540289 -799014 3939462 3340643 6378929 -9645451 9575966 -7122628 5385109 5249404 -8465510 9328891 -7827448
8 17
1 9
2 11
3 19
11 15
4 13
5 9
5 14
3 16
13 18
7 19
7 20
8 10
9 10
2 6
3 12
13 16
10 18
5 16
7 11
9 20
4666849 4709997 -4970273 5416923 811112 -4363858 -330189 -1452324 -7632859
9158323 -4155233 -6823610 -3284163 -628900 1418719 8320770 -7985178 834650
1 6
5 9
6 8
3 8
2 8
3 9
4 5
3 4
2 3
1 8
4 9
1 3
5 8
2 5
1 4
5 7
3 7
1 7
3 6
8 9
18 20
-7324060 -789364 230765 -70939 -3184202 2017745 -6018924 119170 577562 5590233 6182964 6114140 -1761151 1313415 3476186 -659526 8006482 -5404329
1841350 5687459 -1667691 2321426 -6478943 -2894553 1456688 -3682082 2795239 -2708523 -3419660 -3488614 3810966 9036358 5032155 9052633 -264443 -8013598
6 17
5 13
3 12
1 14
8 11
11 12
9 12
4 6
8 14
7 17
9 13
5 15
2 18
3 6
15 18
7 16
6 18
1 3
13 16
10 18
20 20
3795059 3852701 288148 2712121 -7930883 -5952883 1258819 -8212086 -897883 -4553639 -6159546 3236912 -3823308 -4922366 494106 4476047 5648638 2544696 321936 1838346
4448043 9720772 -8838417 9975284 -8492476 -7680461 3297404 326874 -1345538 2894892 430789 -6692986 5170187 -5074958 -6340414 -439488 -2132302 -6969034 8254174 -2497410
1 9
6 20
3 10
11 18
12 14
6 10
6 8
7 20
14 18
1 16
8 19
13 15
2 8
11 15
10 17
6 11
6 16
5 10
4 20
17 20
18 20
2776769 -4470087 -3507986 -1951384 786465 -198339 -885521 424890 -1993760 -2734671 -6881705 3434726 825215 -1970403 2723871 2718729 1559168 2166743
3795445 -9351259 3611297 3833006 7806293 1809653 2580287 1418794 -4384927 -9992456 -9944704 -1648415 4964572 3830944 3804990 -4695600 -2219070 -2396130
9 10
4 18
7 12
13 16
3 15
16 18
2 4
8 16
3 11
6 12
5 9
5 17
1 12
1 11
13 14
4 9
4 13
10 17
12 17
8 10
13 20
1112007 3578029 -2581380 -6965589 -2398111 -4727385 -6519708 749180 948390 2310936 -2094105 4336301 -3765390
-3164709 -2678394 -8365460 -7370923 -7566680 2928771 1497333 -8644308 8237739 5834643 3564422 7972635 -8261894
1 10
1 6
10 11
11 12
2 11
6 8
1 12
7 9
4 5
1 4
5 13
3 12
6 7
5 9
1 2
11 13
4 11
3 13
8 10
2 7
18 20
-1517121 -1871487 -2760583 -7516148 3375962 -6173350 2903428 6699904 -4299305 -986414 41460 364949 -1894029 4563755 -612054 -1101516 2115664 -3674859
-2864604 -5803391 -9716928 1110997 5587110 -6859792 -4042700 -1883032 1913387 8798925 4761173 -4137011 -2666007 -4019433 -5836580 78020 8819399 4418723
12 17
2 14
4 10
5 16
3 12
10 16
8 16
8 15
12 14
13 16
14 15
11 14
4 6
3 11
7 12
13 15
9 11
2 17
9 18
1 18
9 20
-3037600 8089186 -40949 5596927 2667735 -1875605 3989600 -2648458 5207267
4323667 8750569 -2357256 -407885 3851990 2483925 -3568253 6388200 -1516854
1 6
2 7
4 8
1 8
2 8
3 7
2 9
2 4
4 9
1 4
4 5
5 7
1 5
2 6
5 8
5 9
6 9
1 9
3 4
1 2
19 20
6058226 -4161835 -7718319 -6451018 -6336984 -5203437 2694817 -7176711 -1906088 802377 2935834 1642977 -2668770 -3259658 7467877 -6955831 284211 -9129934 847753
-1412718 -8732153 -9582785 -6742786 2311808 -6329438 5117144 -7742066 -4170620 2681015 -5416770 -7685647 2384976 3718063 -1117732 1251091 -2333671 130793 5436983
3 14
2 10
2 6
16 17
4 8
6 19
3 5
6 14
9 12
16 19
7 9
8 17
1 6
13 15
11 13
7 8
1 8
13 18
8 11
5 8
20 20
-4142648 -1465576 -1633352 2661765 -6871524 7098748 7619489 4914113 -291356 667694 -6002197 -4719598 1794086 -2368358 3238577 7108718 -5544957 -3749418 5706176 4700121
-9448194 -9892436 -8890745 -1961430 1518223 8390248 7684348 -2905124 9370622 5915125 3610825 -8395770 9257139 -4658042 -2191701 -1376453 2746851 -5200510 9833139 5314388
9 16
11 20
6 19
14 15
6 14
17 20
10 20
8 16
4 13
9 18
2 3
1 20
5 7
11 14
3 10
5 14
10 12
2 4
9 19
5 13
17 20
-7253824 1115143 1517112 -3429570 7010733 5065845 -2013715 3447671 468748 5127260 949183 -3999638 -1193813 -5648936 -2131227 4149872 7070367
1347493 -3724042 -4488941 -5944989 -706156 7821934 -4287018 5618121 -4574822 5303766 -4529421 2044064 1466683 184675 7453500 -1599757 8866121
7 12
1 7
1 3
11 17
10 17
6 8
4 10
11 12
3 13
10 12
13 17
3 15
7 16
11 14
2 15
3 5
5 13
9 14
1 8
6 7
15 20
-774814 -7769580 -1866441 5055043 -2336784 9360034 -3269376 1497967 2339376 4687831 2348876 1527855 -914299 -9577230 1366414
1661788 -8569025 5571316 6617723 -8144696 -574189 1965857 2140929 -7292821 6956850 7696966 -118774 4441736 -9857538 -821250
8 15
2 10
8 14
9 14
6 8
3 5
12 14
7 11
4 15
2 11
7 13
3 10
5 8
1 13
3 12
10 15
5 11
13 15
2 12
6 13
13 20
-5571574 3949345 867348 -2183452 -7816650 -2889172 2061444 -5981755 2433411 -2338365 -3533917 1000124 3625048
3150106 5233344 -8342531 -5300787 -9901492 3248885 6897551 -7335634 -3369737 -3022687 2220804 -5342137 5486150
7 10
2 13
1 11
2 4
10 13
1 3
3 7
5 12
6 8
5 8
3 5
6 9
4 12
12 13
3 13
7 8
1 9
2 6
6 11
1 12
16 20
-3065226 -6822470 -27709 3363290 -2582793 1104437 -1545447 -155559 1067721 1965923 -5643016 -1601828 -2728741 -635108 -7144069 -6180144
4238217 823641 1217208 -3560853 -4488397 -4314368 1925535 6128522 -4571182 -1618655 -7493279 -4082963 -6251867 -2738275 1611390 -7455413
14 16
3 13
11 13
7 14
1 4
2 5
9 16
11 14
2 12
15 16
8 14
13 14
11 16
6 16
13 16
9 10
3 5
4 15
3 14
3 9
18 20
-1170502 -6761022 -5336793 -1820704 -4028948 -2680257 -3366071 4616132 3218355 1441040 2368843 -8049598 -5289531 4475287 2926824 -202768 2039880 -1039085
7497812 -8064001 1930978 -3224238 -4874171 1229695 -8935966 -2358454 3247898 -7941360 4143494 150354 393369 -680292 -2130270 343620 3127412 -2514798
16 17
3 7
9 12
7 13
4 12
5 8
6 12
10 13
2 5
2 17
1 7
12 13
8 15
1 11
8 14
3 16
6 15
6 18
13 17
14 17
12 20
-1397605 -4846852 3053920 2272172 4035356 2994841 83764 1004601 -7307088 984150 -3719670 -1912561
-7676223 2408338 3381931 7482335 -945673 -6059242 4308684 5719331 472315 2030425 -9841061 -6036132
2 9
2 5
1 7
5 7
2 11
4 8
1 10
8 11
6 11
10 11
1 8
11 12
2 3
1 12
5 6
3 12
5 10
7 11
3 6
3 8
7 20
-6332840 4570921 -1950909 1408605 -4342547 -3401493 -2239476
-9278150 9551608 -9961544 -3353544 -5217191 4391957 1579125
1 7
3 4
2 5
4 6
4 7
3 5
5 7
2 7
1 5
3 6
2 4
3 7
6 7
1 2
2 3
1 3
1 4
1 6
2 6
5 6
9 20
1776590 1253468 -3078889 -107298 -543669 3218337 -3952253 5681823 419351
-5866894 -1824617 5637441 945355 5537610 -1215439 -5307825 8660455 -1898626
2 5
3 8
7 9
6 9
8 9
1 7
1 8
2 6
4 7
2 9
6 8
5 7
2 7
5 6
3 9
1 9
3 5
3 7
3 4
4 9
10 20
1595379 9289502 -6482908 6967459 4088476 -850510 -5436073 529680 -3458913 -536784
3615109 -39574 2702634 -2165255 6212878 -881079 -6952392 7445666 -4752043 519364
2 8
6 8
1 3
6 9
5 7
1 7
2 9
7 10
5 6
1 6
3 9
1 4
3 8
7 8
2 10
6 10
7 9
4 10
4 9
4 5
18 20
-4299234 -471207 3387142 2824101 539762 255557 -2330140 1552843 2115774 2612580 4622347 -2991370 -1306639 -5428273 1768354 -2136288 3811408 -5955963
2595278 -3261393 5550672 -4945920 -6782326 -6820879 -4136600 -2028039 -3294862 -5641294 8828196 -5635821 6141659 3468645 9276079 4651768 -2202270 2807861
2 5
5 9
4 11
13 17
5 17
16 18
7 12
6 13
7 8
9 14
1 12
1 5
4 10
13 15
8 16
3 6
11 17
3 16
2 12
1 8
13 20
-5460376 4726739 -1708675 -3891954 -1894686 -3887864 -3859443 -62877 2074873 -1797295 -488882 1262458 -5123762
-6879476 -4609700 1844752 -5879903 6669004 2881886 -9530483 -6319337 -4529847 1078903 -2147029 5339266 1970220
2 8
8 13
4 9
1 6
4 11
5 9
6 11
1 8
2 13
6 12
3 6
4 6
9 13
3 7
2 12
10 13
2 5
6 7
7 10
8 11
19 20
630022 -1273007 1331884 -1762854 -6633559 5585892 2386510 2201844 -8594269 4051326 -2893846 -2660341 -455391 -3551119 5557817 3697654 -918511 -5690925 2737527
-6110753 3875137 -2678872 -4138227 2075391 8034645 3128330 -2762088 -9875640 -2514116 4069667 6621813 7273100 -5694330 -1472080 -343642 -2714100 -6532676 3505095
13 17
10 16
4 19
9 15
2 17
10 14
11 19
11 18
1 5
6 7
10 12
8 9
8 18
7 17
1 11
14 18
4 9
1 16
2 18
3 19
16 20
-3138411 2114950 -4291920 -3593622 -1475585 6042075 -1957391 4635853 1839445 5593901 -284390 -1484552 3531556 1055451 -4133954 2490604
-3192313 7380928 -8310413 455711 -9573754 9786404 4758226 -1462941 -4476889 -2446775 8654637 3562653 -2069806 -3058440 4189826 2746956
14 16
5 12
4 6
7 16
2 5
5 9
3 5
8 10
1 13
7 9
6 9
2 13
1 8
8 14
13 15
4 11
1 5
1 12
6 7
11 16
20 20
1144993 5089591 -1688778 900188 -7180321 3932738 -1118782 -1284383 -1428644 -2412559 5872509 6592357 3607 -29359 7303318 -3604980 -498701 -4494425 -7378597 -3830998
9529630 9980660 -9223864 2590666 -9591812 -1813480 7734944 6210764 -8099773 -3373184 -1495056 9325376 -14274 -2705194 -280144 -4769992 4591627 3568884 -9671846 -6605158
11 18
6 13
6 8
2 11
6 12
5 13
11 20
16 18
7 9
3 7
2 4
4 13
1 17
6 20
4 10
10 15
7 17
7 16
14 17
9 19
9 20
5161429 1177322 -4086112 -5647399 173529 -4170655 -742631 -3934094 5643608
8229319 2288981 -4603760 -6528185 -6091736 5278024 -6851401 -4001725 5855480
2 7
5 7
4 9
2 4
4 8
8 9
7 8
3 9
4 6
1 8
1 4
2 6
1 5
3 6
7 9
3 7
4 7
6 7
5 8
2 3
20 20
-6089027 2310800 2434454 -2961604 -120373 7087859 670611 3411835 6036057 397970 -8226054 -7989383 1161045 -1355468 3308397 2778019 1733499 1330078 4695270 -3360965
2206521 -1362557 -7561138 3192109 7488544 8948356 -8507746 5078312 -418062 -5704575 794725 570074 -3328272 1153295 -5704146 7878771 -6162095 5294191 -611994 4008707
1 12
9 15
7 14
10 17
18 19
1 3
13 20
1 14
1 16
6 16
11 20
2 13
13 16
9 12
14 19
2 8
3 5
10 19
4 19
9 14
9 20
-7457389 -9608155 -914023 -471602 2806090 348260 1562538 -2140845 -4314461
-7609425 -9976376 161046 2371355 -7141572 7514465 -7877998 7328384 -4959466
8 9
4 9
3 8
1 7
1 8
1 5
1 4
2 4
5 9
6 9
2 8
7 9
2 5
2 7
3 6
3 5
1 6
3 7
2 6
3 4
9 20
5444584 1177962 1631015 -6454633 -4572107 -3208976 -3507296 8892159 279495
9290524 7126643 -7571862 -9304897 2326273 -7496149 4333763 -139212 1117120
3 9
8 9
3 6
7 9
2 8
6 8
1 4
2 4
5 6
5 9
1 3
4 6
6 7
1 7
2 5
2 7
2 3
1 5
4 9
1 8
20 20
7392083 -6685652 -5447058 745749 -3370902 7576829 -3414341 -4856930 5261900 2786295 7112994 -4819615 5525046 -7527249 914688 181699 -4633942 -366893 1552755 -2298855
-1338216 -7926743 -7344779 -461587 -5404504 8884166 4658284 1570923 7600123 -3822298 -1136668 3904961 8677449 790649 5642801 -2219484 -9483292 -6558368 5389542 -5794358
2 15
6 8
2 14
4 19
13 15
8 10
7 12
11 13
10 17
4 13
5 19
2 10
9 19
1 10
3 8
7 11
12 18
1 9
7 20
12 16
12 20
5465824 4463962 -145928 -4065270 484122 1057004 -867709 -6401510 -4325315 -8146650 -7964718 -877741
7419702 5452532 1772140 -7587726 -5551013 3593999 -5777447 -8277423 3637410 961861 -8653882 -8314082
10 11
5 11
8 11
3 7
2 4
4 7
9 12
5 12
5 6
4 11
3 6
2 10
1 4
7 9
7 8
5 7
9 11
4 12
1 3
3 12
15 20
2393726 1564913 -2389387 -1040019 2509471 -2378570 -9092402 -4047295 810121 3203209 2746058 2549418 6911408 -3808258 -1781490
5576208 -7895956 2175112 8515001 7659977 4176359 -9608475 -7167376 7829545 -128003 -3708632 -7175588 -759891 4841945 -6179323
2 15
8 10
1 10
6 8
8 12
1 4
5 9
2 7
2 9
6 13
5 10
3 11
5 12
4 6
1 13
7 14
11 13
9 13
1 14
10 15
7 20
8367229 -5285770 -2637005 6425468 -3137401 -5687090 -3096523
8624999 1337354 -3837984 -2300400 -6357085 1883464 -4401440
4 6
1 3
1 2
3 6
1 7
2 6
2 4
1 6
5 7
3 4
3 7
2 5
1 5
4 7
4 5
1 4
3 5
2 3
2 7
6 7
17 20
1410210 299436 3730720 -2742113 -1176666 -3498792 244798 -6872320 -574952 152866 2019339 -5235746 -169001 8583046 -3926423 -1049651 2426390
-1059973 -743852 -2939721 -6068760 238608 90320 -540822 2369143 -3805224 -8635719 8990915 -8849628 -5199398 9438032 5351940 5593500 -608220
3 4
14 15
2 16
1 9
10 14
10 13
8 17
7 8
13 17
5 13
6 17
9 17
11 17
4 8
3 10
12 15
1 8
7 13
13 16
1 6
10 20
-3466092 -4091467 -2821948 2837547 -4029937 1850164 -4324324 -1644029 1536168 4963562
684106 3506671 -9277299 7688500 -4308533 -3617638 -9663892 -4892959 4326424 6364264
1 10
3 10
5 7
8 9
2 6
1 3
7 8
6 8
2 3
2 5
7 10
1 4
5 9
2 9
1 5
4 6
1 8
4 8
3 9
3 6
17 20
987870 -3758269 1642883 3047401 5554534 514255 3299231 -2527632 -1341784 -1352766 -8435539 -7452642 1730245 841083 -2026877 7026532 3249607
-2674951 -7064151 9100001 -4736980 7220228 -5361395 -6399978 -2848637 5033513 25557 377594 2009467 3132737 3640020 -4850420 -2110008 6505535
7 17
4 16
1 10
3 8
7 15
6 9
13 14
1 6
3 14
6 16
4 9
1 2
5 12
2 13
2 14
7 11
9 14
11 12
11 16
15 16
18 20
-3427303 -8961479 4249082 -7574125 5228251 1791925 -677041 2996629 8327631 4173021 1037333 -1712295 -2743427 2594120 3837489 3726470 2195441 -2948625
6508288 948789 -2904612 -9506289 8817104 3604970 825365 -5269873 8534269 -2232956 -5659996 -6443680 2515489 8778480 -351595 -4721795 4562774 4108365
10 14
11 15
2 3
2 14
3 11
6 12
7 8
3 16
10 15
6 9
6 8
2 13
7 18
1 11
5 7
1 16
9 11
7 17
2 17
4 15
7 20
5472083 3164305 -3740402 2635807 4839572 -6121409 -2733871
-1570389 -6034310 -4966106 9783182 8267526 2532529 -4496347
2 5
2 6
2 7
2 4
2 3
3 7
3 5
1 5
1 3
1 2
6 7
4 5
1 6
4 6
3 6
1 7
1 4
5 7
5 6
4 7
13 20
7092156 -7340777 1209133 -158827 -4875677 -2281205 1925596 -4250768 -8554169 -3954065 4508795 3805895 5183275
7503051 -8782588 -994101 -2312490 901756 2194861 8758290 -6918849 -8982553 -6400251 4687880 -5320715 7975071
1 11
4 10
2 6
1 3
4 6
9 11
11 13
4 7
6 11
2 7
1 4
4 5
5 10
8 9
7 9
3 11
6 9
1 12
3 10
3 5
12 20
-5399055 4273775 4821323 2312855 -3122174 71103 8578618 2957094 5896836 2957249 1572377 4695910
3091751 8254049 6605619 6968178 -4636713 -7543022 -527744 -3140441 -960563 5105477 8877569 7521751
4 9
9 10
1 6
4 12
10 12
7 8
1 5
5 8
2 11
7 9
3 12
2 6
5 9
6 8
1 7
6 9
3 8
2 4
4 8
8 11
13 20
4833772 6833802 -1747534 1275725 3047541 1566521 -827473 -164588 1377199 -5124715 7990854 -2711912 -1725850
7611598 -2406069 3082051 6551050 -3978697 -35740 7021866 -9664918 -8524110 183308 8877281 2653039 3252683
10 13
2 12
7 9
2 9
5 6
12 13
3 6
1 5
4 8
5 8
6 9
11 12
8 12
4 11
1 4
1 9
3 7
2 4
3 11
4 6
12 20
7803909 -5826179 302556 6434571 1452424 794886 -5466022 8344359 4822988 -309051 -8801207 175827
9425182 -6976612 7410041 8860663 9725807 -729178 910110 -1606837 -4063877 -7994012 904782 -6137008
7 9
2 4
1 4
1 12
9 11
2 10
1 9
6 9
3 10
2 6
6 10
5 8
5 7
2 11
5 9
2 8
3 4
1 5
2 12
2 9
7 20
2384780 2486173 590 -1437261 1424679 -6830909 6076377
-3256777 -5816808 1751704 6735263 1842510 3041303 -192766
2 4
6 7
3 6
4 7
1 3
5 7
3 5
1 4
2 7
1 7
2 5
3 7
1 2
3 4
2 3
1 5
4 5
2 6
4 6
1 6
16 20
-1557368 -5840566 1257230 6063883 2730795 -6351215 16691 5629779 -52889 1046947 -5286063 -6535392 4107987 869542 -4213471 6257310
-5674871 1260189 4261336 -448563 6606106 -9206292 5242609 -2285602 7159492 7129116 -9187483 1997743 -5785526 3175732 -5437291 -663495
1 3
6 8
10 14
8 14
5 15
13 16
4 15
5 8
6 16
4 9
4 13
12 13
2 11
7 10
1 5
1 11
1 9
7 14
9 12
6 7
9 20
-6630716 -5697721 -900553 7551514 6115679 -7260035 -3174706 4403250 6598060
-8440085 -8097848 7550642 -2398149 8839998 292273 -5198725 -671046 9127712
8 9
1 3
2 3
2 4
1 2
2 6
4 6
1 4
6 8
2 7
5 8
2 8
5 6
4 7
3 5
1 9
2 9
6 7
2 5
3 6
9 20
82303 -3542294 1887587 -338280 -5592510 -1752536 -2267835 5695976 628011
9611117 -3582503 -62398 -9553836 -8146516 3618048 925829 9250526 -7259845
2 6
5 9
1 8
7 8
6 7
2 3
1 3
1 5
1 6
4 8
4 5
2 5
6 9
3 4
3 7
5 7
2 8
3 9
4 6
8 9
16 20
-8067800 8794190 3703068 -2365149 193095 6985901 -2028335 -9046730 4207344 -604011 637050 1263370 -47120 -3399175 -2047998 241321
1496308 -298338 4782800 6475573 4199862 -888289 3786630 -9902383 -1204168 -4241789 -5225684 -7432863 6379645 1956081 -3408896 1944532
13 16
9 12
6 16
1 10
2 3
8 16
1 3
1 11
6 7
7 11
3 7
4 16
5 16
4 9
9 13
1 5
5 7
13 15
5 14
2 4
14 20
5072894 -114209 -1846540 -4509702 -2689274 468234 7425048 -5476745 7723777 55920 -641240 670805 -941797 -3190262
-226513 -6130840 2748629 5109721 2575247 5458217 -1107775 635804 8149835 -4561631 4529340 -3805147 -5590712 -5777266
4 8
4 11
3 9
10 14
1 10
2 4
4 7
11 13
2 5
6 8
3 7
7 8
2 6
9 11
6 13
2 12
11 14
1 6
8 14
11 12
16 20
5834451 5783825 3225390 1221925 1620286 -2167415 -2271156 -78890 -409368 -113921 -416865 2526749 3051092 1845808 513556 7413743
6396578 7310320 7185520 3708894 -5878393 3114068 -2890709 -5218353 -5997517 2165606 2149063 4987827 -1372089 8590721 -5828302 9155976
10 15
8 16
2 4
1 16
7 8
8 11
1 15
3 9
1 13
1 11
5 12
12 14
4 14
10 11
5 9
1 7
4 13
7 9
4 11
6 13
8 20
-553338 -4216623 3015764 7035185 -5187755 6469933 2074645 804423
-4174427 3494643 4092552 -1565961 3496939 7014945 3781563 -6698020
3 5
1 2
4 7
1 3
6 8
1 4
5 8
1 5
7 8
2 4
5 7
1 6
1 8
4 6
6 7
3 7
3 6
2 5
3 8
2 7
16 20
1812372 2589980 -1476089 1924820 1582538 -2330363 -4157549 -2196630 -7100939 -3032688 3661566 2283322 1286130 6131161 -2009535 -976389
-3509653 8993675 -3653553 -1054246 6418920 -5552962 -8668927 5502945 906339 3670389 -4981688 -7225001 3165515 8369536 -9833258 5443676
4 16
4 13
10 15
11 16
9 16
12 15
5 6
9 13
8 14
1 8
3 14
6 16
10 13
8 11
7 16
8 9
9 15
3 4
2 4
5 11
16 20
1664170 -239827 -6424423 5168898 -1841658 -3962845 -2527229 3392803 2637764 -460053 -2772551 1719279 -681703 2524055 1963009 1212919
5613361 2319960 -9730202 7205067 7188477 -6166992 -4566176 6944830 -7209285 3456322 -8130715 9392729 927705 -5903621 -7848295 7879443
3 12
4 13
9 16
7 10
8 11
4 16
3 10
2 15
10 15
1 8
5 9
5 7
6 13
3 14
8 9
9 11
1 15
7 16
7 11
10 12
13 20
-6583372 797528 -240559 7606226 -3168605 6293068 -222196 36650 3339439 1308480 2540088 1252051 4656486
-8095831 7808298 8269309 -776953 -7160872 9049118 -5010610 9321118 8354003 -2561299 3858277 -2470643 -2968631
6 11
5 12
9 12
3 4
2 5
1 10
6 13
7 8
1 6
8 9
4 12
5 11
2 9
1 7
2 7
9 13
3 6
4 13
3 5
5 8
14 20
-3474330 87361 7359368 -2405025 3575434 403881 -1683327 -1911792 7481435 -6781911 -625687 -8142808 -682662 9563991
3041198 6300507 -2343588 -9309616 -568005 -8451590 5741974 -5533307 7975780 -9740734 3723096 710252 1269606 9948355
5 7
2 12
1 4
7 14
1 8
4 7
4 10
3 9
2 13
3 5
7 13
6 14
3 11
2 11
10 12
9 14
7 12
3 14
6 8
2 4
13 20
-2364905 -4280053 -5472216 7308621 -2500286 -5113818 -5937910 2605590 -5840036 -1069411 -2710037 7228670 -2897850
-6976204 3075879 -7278817 -1848178 -3109731 -5343244 2978517 -2775769 -8180626 8059188 -3903445 -1794811 6053600
1 10
5 7
2 3
3 8
9 11
6 9
6 8
1 7
2 5
3 13
1 3
5 9
3 12
11 13
8 11
7 13
4 12
5 12
1 9
8 9
11 20
4220031 -257557 -6118188 -2829669 -1939164 -1109410 1735255 4118411 2484744 -7510890 3292789
5868669 -7732876 1484192 -4211982 -8716789 8595271 -5467805 -918169 9947997 -8826470 6064314
1 5
5 7
7 10
1 6
1 4
2 6
3 10
2 4
6 7
2 9
1 9
3 5
8 10
4 8
2 5
6 8
7 9
5 8
6 11
3 4
8 20
267564 3427130 -2453358 -950569 -6830763 7093346 -971911 624985
4907052 -4191148 828296 -1377425 2549395 8949583 -9773537 -1685792
2 7
5 7
3 7
1 4
3 8
7 8
1 7
1 3
5 8
4 6
2 3
3 6
1 2
2 4
2 6
2 5
4 5
6 8
6 7
3 5
17 20
7225839 1647850 4563758 3046571 1199373 -650566 -3196043 -2347637 -5778533 846827 8035754 2559017 -5317490 2660763 5835958 5912922 4609403
-1284724 -6749013 -1101923 9878968 2771591 6140173 5068299 -5425326 -5856933 -1499308 9629184 8623650 -7199988 -5453466 7416940 7417718 8477924
3 8
11 14
3 10
2 11
1 8
9 11
4 5
7 10
12 16
9 17
1 15
6 11
2 4
8 9
1 4
10 14
2 8
10 13
5 15
14 16
13 20
-6984773 404665 5202074 5699244 2188531 -5793540 3490620 7604983 -4312967 90517 -1246774 653528 -8147937
620955 6146143 -3487602 -2561221 -4991698 -8044345 3887055 -1497917 922116 5064021 -8403224 9400527 1793361
7 9
4 9
3 5
8 10
2 13
4 6
3 4
2 11
9 13
8 12
7 10
3 11
6 13
6 11
1 7
3 7
4 10
3 8
5 12
11 12
20 20
2148741 5598128 -1841174 4077637 -5864689 5095189 899399 260048 3139459 -4361466 4751371 -519391 -2114948 6690030 -4113324 1929035 1147326 -4904337 -777170 1889627
9325302 9434470 -2129588 -1951656 -8541215 -1154916 9652369 5465182 5174203 -5677259 5416963 -1544285 1546685 7870826 -9688735 -3773212 3502756 -7501058 -1420399 -876942
7 20
4 13
6 20
7 8
2 13
11 18
3 20
5 17
4 14
1 12
2 10
7 19
9 12
7 15
11 17
10 15
11 19
5 19
9 10
15 16
10 20
-7354361 -6643004 7112816 -2730376 -2302421 3418407 -1678646 -3734672 -550634 -285471
-8314769 -8979839 -1652603 6664787 -4521634 5061541 2404411 -9359925 5629516 -1679847
1 10
3 7
2 6
8 9
1 4
2 10
7 8
3 9
5 6
4 5
6 8
2 7
5 10
8 10
3 6
5 9
1 6
1 9
1 7
3 10
18 20
7085116 510141 5220792 -5482700 2430788 -2042813 -854839 -1753089 4453083 -831683 -4709254 8599535 -3464522 5242199 6579488 -1402375 -845844 5253323
7842701 -5748718 5793070 -7278533 9784666 -7907486 5211813 -7045909 -4215373 4143724 381254 8779138 -5767848 -3918085 8144620 4611560 5751163 5425589
12 15
2 9
2 11
10 11
1 12
11 18
11 15
6 14
5 17
4 18
5 11
2 12
3 8
2 8
8 10
15 16
2 14
13 17
7 9
4 12
10 20
852644 -2400354 5877653 -3040395 -3100008 7316419 -1354984 288006 -3651841 2380610
-5048186 -5819353 -3641191 1474121 910425 -1540561 -3001068 7167812 4946184 7719567
2 3
4 6
1 5
5 10
1 3
1 4
8 9
6 9
5 7
7 9
6 7
1 7
5 8
3 5
1 6
1 8
1 9
4 5
2 6
3 6
15 20
2865896 2700581 2157711 5905300 -6270011 -5206586 3071946 -3241036 1331460 3300314 -1041691 5323815 713999 -439072 6098700
2967313 7033897 5190409 6988167 1419886 -7621385 3249783 4297892 -3621452 -6106037 1374312 -1607961 6421886 -9950913 7235529
3 14
5 10
8 13
11 15
10 12
1 7
2 9
8 11
14 15
7 12
6 15
2 14
2 6
4 14
4 7
7 10
1 12
3 13
9 10
4 11
18 20
-1561699 -1784787 -7336695 -9563006 -578769 -5731688 3370526 -1409266 -2388793 889538 1325531 -1498626 -3471762 4299181 -2808184 -3562632 -1719882 -611909
-6950834 -4094999 -9722453 384078 1983782 4181670 -4280014 -7955251 -7028999 -4067390 9176579 -9979360 436054 7287563 6205418 -6502368 -1787956 -1428442
3 11
14 17
3 7
5 10
7 12
8 9
5 16
15 16
3 9
5 14
12 16
6 11
8 18
5 9
2 17
4 6
4 13
4 5
1 5
7 17
11 20
1936329 7775699 -1073907 -8442045 -3464253 5536812 1667771 -2004243 -6913383 2007200 607493
2706684 -2036723 -8414663 958829 259860 -2852299 -4117888 7029968 808614 -3638404 6929495
5 10
3 5
5 8
9 10
4 8
1 8
1 4
7 8
2 6
2 7
4 10
4 11
6 8
6 10
1 9
2 9
4 5
4 6
3 7
2 11
14 20
3086495 -598113 8964518 -3059542 9388494 3668659 3850878 1659527 -6735175 5905581 -862340 -4093576 -5275978 -2125721
9694112 8414195 -1005881 -8540335 9572616 7379459 8605727 -304581 -7038758 6382493 -6513666 -6062914 -9994047 3185287
2 11
4 7
3 5
1 9
1 6
2 12
8 13
2 8
2 4
1 13
1 2
7 10
3 11
5 14
7 12
3 8
5 7
4 13
8 14
1 7
15 20
124272 -66874 -769239 3714619 6477624 -1575228 2621528 -8789840 -2023809 7206332 -319602 -1582332 3597432 -1242340 2999819
-6698049 6140391 3238966 -3020520 7726662 -6909530 -3888739 -8967196 7552303 9133511 -4076638 5886560 -2032344 6632149 -345164
4 11
12 14
1 5
6 14
1 13
7 12
1 14
9 15
10 11
4 8
6 13
2 13
1 15
5 6
6 7
5 11
11 13
8 14
3 4
2 7
11 20
1648316 -2899053 1682846 5698213 -7192989 -377525 2356647 -7396353 -286936 -6801306 -3275357
-8073205 -5836105 2428510 8253968 2200940 -3360531 -5881098 1202276 -2913953 -7792618 2928319
2 5
9 10
5 10
5 9
3 9
4 9
1 10
5 11
3 5
2 10
8 10
3 11
8 9
5 6
4 10
2 7
1 11
5 7
3 7
1 7
20 20
1306828 908 -4661222 1520559 1473315 -6496530 1613767 -2029364 6095676 -1455578 1268407 -1376735 -3094523 -8408138 -445746 -610156 -528705 -1325525 5670824 -2162752
4802840 -7534092 5122973 -4002622 8650609 -9845787 -2000411 4485575 6180082 105350 -6141167 -9098063 -9315068 -8410259 5940686 -4253958 3612144 -5188930 9169937 4075471
16 17
15 20
1 3
7 20
9 13
6 19
15 18
3 20
4 11
14 20
5 15
10 11
6 17
8 11
6 12
13 14
7 10
2 20
1 17
11 13
19 20
2551649 -7697070 6316527 5380100 -2544379 5671262 -5326048 -790791 -668982 -1185934 -428902 4179097 2119646 5214299 6030319 -6462249 3015772 6201368 4132639
-2683824 740133 6775197 -3544625 -3495071 -2264788 565918 -9634788 2969616 -5839002 8521892 6502332 7005730 6514172 9597285 2553930 -2313635 -2775266 6513117
10 15
5 8
7 16
7 18
2 13
1 13
7 17
6 9
9 14
9 13
6 10
7 12
6 19
4 6
1 7
3 8
5 9
11 18
9 16
4 5
11 20
1632467 315819 2377621 6822845 8938029 -6725526 3791371 889852 1622168 -2472366 -3687311
6486408 -3666169 7607837 8517974 -300287 -9475839 7726487 -8835572 -31941 3019991 2456080
4 10
5 8
5 10
7 8
3 6
4 8
7 10
3 11
8 11
3 7
1 8
3 4
8 9
2 9
1 2
6 8
9 10
1 3
6 10
1 10
11 20
-4345598 2013116 1790286 2437941 -4699338 5733144 2732153 5483342 -3401066 -3433142 -6955264
574431 -7178054 3987236 -5363625 2911571 6389152 8621053 -3234243 4569399 -4305908 -9615438
2 3
4 10
1 9
4 9
6 10
9 11
3 11
2 6
5 8
8 11
6 7
5 11
2 11
2 5
3 10
7 10
1 6
4 8
3 9
8 9
14 20
-2719903 589173 -1462362 2831988 -3180779 4181100 -3857391 2849170 -5334087 7375838 -1266998 174583 -8029091 6068869
-3002576 1728133 5222078 4251453 -8053682 7447497 -6357944 -1321904 2568109 9728692 5865609 -7475937 -9216735 -3162683
10 13
3 6
11 14
2 9
8 9
9 13
4 5
2 11
1 3
4 7
3 8
6 9
8 10
5 12
3 11
6 13
6 14
3 4
1 6
4 10
11 20
4212111 -3731779 2419447 -879740 4919880 -4207311 -4037546 -1683875 2215556 -4613888 4479801
5399820 632903 4220402 -1089716 -1211749 5280471 -8619931 -3289837 -6150321 -5639985 9560599
2 8
3 9
2 4
2 7
1 8
8 11
7 9
8 10
3 11
8 9
6 11
6 8
4 11
4 10
3 5
4 9
2 5
2 6
4 7
1 7
12 20
-660065 3185610 3802691 8907459 2195823 -392330 2607087 7999551 -5498854 -8649510 6871590 -6382904
-6312754 8377667 -3517078 -578812 5607562 9192425 8713050 9205006 -7074053 -9147839 -900115 421089
5 12
2 10
4 11
4 7
2 6
2 12
5 11
5 6
9 11
1 6
6 11
3 5
5 7
4 8
8 12
1 2
2 11
5 10
2 4
6 12
20 20
-4794506 363288 2209972 5563824 -4588217 -1251453 3214559 -837325 6598413 -2859271 -7160439 -1117765 2183100 2876219 -1226820 -989292 -5523173 -194469 6494688 -6502559
-6671760 -813427 9898413 -1104160 -8350908 5088394 -495453 -4893030 7072077 -6546037 1326178 8691052 -1934774 -6876461 -2399895 -1116113 661082 -9585417 7074481 3434532
8 20
3 13
15 18
14 15
4 19
2 4
8 10
4 12
15 16
1 20
9 20
15 19
8 13
11 15
7 10
4 5
12 17
3 6
6 15
1 13
15 20
-1336887 -3373875 5454159 398432 2908328 2102282 2820046 841682 76154 -1364271 6516301 5587037 -4363074 -295941 -6401483
-9150132 5767827 6185165 4927166 -3826639 -2032093 -2913017 8795029 1206220 4300727 -995334 -4275346 3754781 -2996756 821292
1 13
7 8
4 6
11 15
2 10
4 11
2 3
3 6
3 4
3 9
4 8
1 3
13 15
2 15
6 14
12 14
5 15
1 15
8 12
9 15
20 20
-945268 58909 3252624 -3811694 476342 -2432496 511227 3242311 -9925629 1463016 -3460107 4403715 -5235682 -1678236 -3950311 -6500808 -3781257 -4545099 -4088065 3772047
-3857448 -32394 4366645 -5068262 -8740385 893726 -3345554 7602733 3272 -8006589 -9278678 5464528 -9320746 4284216 -7613000 -8949099 -5739998 2283342 1911925 9967305
3 20
12 18
6 12
3 12
17 19
5 7
15 19
6 18
8 20
2 5
4 7
5 19
10 18
16 20
9 14
8 11
1 20
3 5
9 12
9 13
12 20
3444152 7490753 1696970 1310631 3344065 -6124728 -4131166 3169301 5431508 3095833 6139092 1583357
5145951 9386964 6727577 -7175528 6155681 1732978 -7136628 4574830 9443384 4150972 -1916775 -4639638
3 11
6 9
2 6
4 12
1 9
3 12
2 12
3 10
5 10
6 11
1 5
2 7
3 5
1 11
2 11
2 8
1 10
3 7
7 12
6 7
13 20
7252108 6914285 -2296177 -721812 3519988 -275343 -311016 -6014770 2028072 -3407883 8486651 -8289669 -1513089
9575781 -485511 3335231 -4418835 -907883 -9580670 3258613 274583 -6287474 -7312262 9744307 352486 7822979
2 3
1 7
8 9
1 6
9 12
9 10
2 10
10 11
2 12
1 10
5 9
12 13
4 10
3 9
3 4
4 5
8 11
1 5
6 11
1 8
13 20
-6354732 1216831 769238 3462700 744805 8649852 748792 5932104 5555974 -7104451 -1336251 1152176 3106664
3294967 -8319889 2856390 5226328 -8793794 9385659 -1898820 -2779762 6622389 1736966 7158812 -6803357 8857813
2 4
2 13
3 13
5 8
3 8
8 12
4 6
4 8
3 10
11 12
9 12
4 10
1 11
6 7
5 10
2 10
1 7
1 13
4 12
1 4
8 20
1437983 -7174000 -732996 -2606456 -3156840 -6915806 -6386555 1086727
5488847 -9501141 6549044 -7891426 -3973167 -8904366 954525 -7170259
6 8
5 7
5 6
1 4
4 6
5 8
2 3
7 8
1 5
2 7
3 7
1 3
3 8
2 6
1 7
2 8
4 7
1 6
3 4
4 5
10 20
-4228933 5001703 1844859 -9311077 -5719341 1322106 1179466 -3557221 3874486 4788371
1099266 7301222 -2589084 -9533522 -7354078 -8143968 6333976 -9779782 8767824 9092565
2 8
4 8
6 7
6 9
2 10
3 8
1 10
1 9
1 5
6 8
4 7
4 10
3 5
3 7
2 7
6 10
2 9
3 9
1 8
1 7
11 20
-3408967 -5685970 -4522912 8585421 1449637 1404756 -2519727 4181503 -3256669 6434694 111137
-5205669 2249104 -9218990 -38822 -481831 5084344 250467 4304260 4494521 -3247290 4582809
7 8
1 11
7 11
6 7
4 9
8 11
5 10
1 5
6 9
10 11
1 7
3 8
8 10
2 5
4 5
3 11
3 5
4 10
1 6
5 7
18 20
8032177 5875148 6023096 -6760558 2389855 357351 1300859 -1371736 5786622 -2680630 -5818915 308452 921191 -2715641 -5299242 -893249 -933883 4987280
9295940 9035287 8826844 2534101 6683027 -640544 -7880455 7865382 -4133740 5941678 -9095747 2330812 -7057392 -5188788 -5836694 -6182200 -5631002 8641668
12 16
2 6
16 18
11 16
8 9
1 16
12 17
4 9
8 12
5 12
15 18
5 16
3 13
7 9
12 14
3 10
14 16
12 18
3 4
2 5
15 20
-558498 -234992 1815243 3153877 333801 7422356 -7181670 2351612 -326656 -4062952 -1927243 -996011 4527470 -7669710 5904045
-5949439 -1918730 9167219 5898555 2990373 -265861 2816700 -271992 19677 -5973169 1284284 -2855822 -2098962 773081 -1065242
11 13
3 8
9 13
4 7
3 5
7 15
6 15
1 8
9 10
2 13
2 15
4 11
9 12
7 13
3 4
8 11
2 5
5 14
7 10
14 15
16 20
1425807 1635436 2500356 6799895 -2306842 38644 -7544590 5817892 -2637149 -6288189 4151563 -4769094 -124772 544449 843398 2567099
-5742427 -287340 4979078 -1095238 216297 -4446621 -9716455 9009428 -3091022 229103 -1401513 -8385607 9803585 9454711 -2919071 6046995
13 14
14 16
9 14
2 8
4 15
6 12
2 16
8 10
5 13
4 10
5 11
6 15
1 11
6 11
3 4
6 13
8 9
3 6
4 11
7 10
15 20
5622926 -7286418 -100913 2394565 -6509320 -2487704 -8043415 2380051 -1761994 3822396 5641088 878366 75588 1995859 -2182523
9380097 -8108081 7469667 -3165071 2105356 -4433801 -8334401 -7321829 -3448301 6994231 -626330 8929676 -3024548 -5183993 3205880
9 12
4 7
3 5
4 10
10 12
7 12
11 12
5 10
6 15
12 13
4 13
8 15
3 6
11 14
6 11
12 15
2 5
3 12
14 15
1 2
15 20
-2697784 -2278029 -503449 -1353769 3031841 677535 -183830 -2809600 -4897732 -8194169 95671 2122898 2461152 4064139 -1095468
-9766095 -9626490 -6856764 354108 -2887958 6113964 -3047819 -3808599 602430 425252 5493285 6366887 6578135 7229791 -8730721
5 8
6 10
4 10
1 11
8 9
7 8
3 4
2 6
1 4
2 9
3 7
3 9
2 12
2 11
3 15
14 15
12 14
8 13
7 10
3 6
9 20
-6920942 8017939 1343451 1028796 -6527370 -1386646 -140424 2089885 -834192
1575177 9153249 -7272700 1794320 -7909466 7469045 -8973578 -5378878 6213328
1 7
3 8
7 8
7 9
6 9
5 8
4 9
1 4
2 6
2 7
2 4
1 5
2 3
1 3
4 8
1 6
3 9
2 5
5 9
6 8
8 20
-9175698 7345929 -1069158 -4849773 2862716 -673829 -4338257 -611286
-9717428 -1622538 7412681 -9061863 -2993400 -1755776 2508941 4720027
3 4
2 5
1 5
3 6
2 4
4 8
5 7
1 8
2 6
1 3
1 4
1 6
2 8
3 8
2 7
5 8
3 5
7 8
2 3
4 6
10 20
8379207 2929437 6812612 2455160 -1737900 3213005 -916799 833606 2793769 -4909424
9421742 8774986 7959546 -554712 -5776187 5010329 -9299760 -2662516 3703851 3275394
5 9
1 4
6 8
1 9
4 8
8 9
5 7
3 9
9 10
4 10
2 5
2 8
4 5
7 10
3 7
5 6
2 10
2 3
1 6
3 4
18 20
7600499 2622942 914196 -1013968 -2181578 2146231 3573314 -608658 5497565 -3022590 723158 -3243126 -1585714 -1475572 3959528 6914901 2999080 -635862
-816188 7464018 -5571417 -5939340 401629 -5103146 8924920 619481 6791414 -9309793 8372267 -9160702 7256088 4479649 8014428 7408066 5730946 -6377974
1 2
4 13
9 17
4 12
3 16
3 5
6 11
13 18
7 11
3 15
7 18
4 17
4 5
1 14
2 8
1 3
3 10
11 16
17 18
4 7
7 20
-5379344 555848 -4762435 -5637767 -3762099 -603682 -3493868
-8025335 996925 -5496177 -9504222 -6638658 3932676 1651444
2 3
4 7
3 4
2 4
1 4
2 7
2 5
5 7
1 3
3 6
6 7
3 7
4 5
3 5
1 5
1 6
4 6
1 2
2 6
1 7
18 20
-961133 -1523354 2804462 -1598694 57476 -315920 213349 3006042 -8012872 -738079 460094 -5355796 7236316 -4010001 635284 -1930842 -831980 998833
-8286229 -2620202 -1262741 4834784 5158074 5647368 -3950842 7621304 -8574591 2619768 1121375 -6130033 8843076 -9110063 -5150655 4756242 -3877705 -1505745
9 18
5 7
3 12
4 7
3 16
9 16
2 3
6 13
7 11
4 12
1 15
14 17
2 9
6 11
8 14
10 13
9 10
5 18
11 17
1 16
9 20
-7003472 -2136236 1214104 -3163725 3441663 -2415683 -3378041 1630574 39815
1289187 -7962807 -341755 -4682627 -516506 -5955303 -6841624 4485633 8754801
4 8
5 6
2 8
8 9
1 9
1 5
3 9
1 7
6 7
3 4
1 4
5 8
6 9
4 6
3 7
2 3
3 5
1 2
7 8
2 6
9 20
-3712713 2987579 -5827240 -2214160 2380754 1519418 -5276391 -6988319 5349284
3658421 -1284527 -9428103 7139794 -1028032 -2927826 -7690148 2946896 -3168263
3 4
7 8
4 7
3 8
1 4
6 7
4 9
3 6
5 9
3 5
8 9
6 9
1 6
2 9
2 3
1 8
5 7
1 2
1 5
2 7
7 20
2285039 3256051 -7624357 -3476816 2706934 -3870843 -5904004
4747270 -3711808 1012468 -5475522 -3074145 -8925099 2798840
5 7
6 7
3 7
4 7
3 4
1 2
1 5
2 3
4 6
2 4
1 7
1 4
1 3
1 6
2 5
2 7
2 6
4 5
3 5
3 6
10 20
-4757711 -4931841 -6981180 579881 6681631 1129015 -6729627 4168994 7566009 5908199
2830047 4096369 -9160789 9161482 7424862 2681923 -7537249 -1687389 -2372742 -2803144
4 5
6 7
1 10
3 6
3 8
7 8
2 10
3 9
3 4
5 8
3 10
1 6
1 9
5 6
1 4
1 8
2 9
7 9
2 4
2 6
13 20
939949 4794265 -1582870 -1068569 6344080 15949 970231 -1514068 -4162659 1046122 -2825991 -1855477 -3237242
2729501 -4676953 -9327165 -6344433 7923241 -2646862 7009561 7892136 -4866214 -4922837 3206846 7655448 -5768549
2 6
10 11
5 11
8 13
7 8
4 9
11 13
6 7
6 10
5 12
5 9
2 5
4 5
3 10
2 4
4 13
1 4
1 7
1 10
3 11
12 20
-334898 2523167 -6090141 8784538 5643890 -1833476 -5856909 6030828 -1183034 -1905963 -4505525 2014026
4157995 4322150 -6389283 -687517 6495818 -9266192 615663 7188106 3112151 220255 -5843777 -638866
3 12
8 10
1 7
1 3
6 10
2 12
1 8
9 10
1 2
5 9
5 7
9 12
1 9
8 12
3 11
4 5
9 11
8 11
4 12
6 11
8 20
1291193 4457174 -5590310 2883529 -1763864 2959492 4611272 5229048
6516236 9225685 -5770342 8694299 2461473 -1367377 -5291309 -391131
5 8
1 5
4 8
6 8
5 6
3 6
3 5
5 7
2 6
2 8
1 4
1 8
4 6
1 6
3 8
7 8
2 7
2 5
4 7
4 5
10 20
-2283578 160377 -2136565 -3531729 4760435 -1985025 4668683 -6650434 1372995 -5111506
733060 2175694 3412801 1616012 -398501 -9406381 5764215 -8899738 -7640287 1906778
3 7
2 6
8 10
3 4
1 10
6 9
7 9
5 6
2 3
3 6
1 2
5 8
1 4
7 8
8 9
2 9
1 7
7 10
4 8
1 5
17 20
4464364 -5422354 2704341 -5799055 2471502 1480306 4928355 1286910 6287410 -4284879 -1430064 -1065484 3475079 -981500 -213142 -2112665 -3072435
-2373368 1046102 6470905 2824893 8650918 -4308820 8997933 -4042801 -2719317 3465781 -7404916 7031981 -1883728 -5118797 1201145 -9618600 497378
10 17
4 14
1 10
6 7
4 9
4 10
6 11
1 12
5 8
2 10
6 15
14 15
13 17
7 10
4 8
11 13
2 12
8 17
3 16
3 15
9 20
-1315739 -5555278 7943426 -7267048 -220868 480791 -5634501 -1291030 1951209
-4265154 4156445 -762344 -8180080 6721326 -1259394 4251741 -4344730 -7226848
1 6
4 7
5 6
5 9
6 8
8 9
4 9
3 6
2 5
4 6
2 4
3 7
1 2
3 9
1 7
7 8
1 9
5 7
2 3
2 8
8 20
-5063088 -4119805 7958605 218514 3111518 -2821824 1066718 2989198
-8774150 -9560565 9786930 9659977 -4102796 5787877 -4777009 5319572
4 5
5 8
4 6
3 7
2 7
1 5
4 8
3 6
2 4
3 8
6 8
2 8
1 6
5 7
5 6
1 4
2 6
4 7
3 5
3 4
7 20
-6869060 -4067017 -457965 4925676 -410153 -530766 2529818
-9810257 4552204 1429882 -1800764 265885 7142111 -6658528
4 5
5 6
4 7
3 7
3 6
2 3
5 7
1 6
2 4
1 4
1 5
2 6
2 7
1 3
4 6
6 7
3 5
1 7
1 2
2 5
7 20
-5997700 4263202 -374411 -2372380 2732591 4125204 -1169211
1520052 7047887 -5142687 3172327 -897325 -816358 -3676601
1 6
1 4
5 6
5 7
2 6
1 2
6 7
4 5
3 6
4 6
2 5
1 5
2 4
2 3
3 7
1 3
1 7
3 5
4 7
2 7
10 20
4985964 749964 2641635 -202118 4860720 2422374 1581240 1882835 -439746 718635
-3835290 -985384 2703490 1171303 9158198 8126634 8537913 -3954600 2865566 -4586327
1 4
2 9
7 9
3 5
6 7
2 5
3 6
5 10
7 10
9 10
2 10
2 7
3 4
8 9
3 9
8 10
1 10
2 6
4 6
7 8
15 20
-7095420 1572341 11129 -1039497 2219200 -5426023 -7068540 3379779 -2223204 5879967 108728 1440883 1759657 836375 2298438
98793 7605501 1752355 236144 -3910822 2356720 -7863689 7423844 -5587947 9121695 -5959469 -663801 -6039548 -7681958 5765995
5 7
8 12
2 14
3 14
1 2
6 10
1 3
7 15
6 11
1 9
1 7
4 15
5 13
11 12
8 15
13 14
5 11
5 9
10 12
4 6
10 20
1789772 -2795877 2845333 -7710914 -2172613 -2249525 4140293 2382990 -2990541 -3233559
3547393 -9739787 -5832785 861418 -4749880 5630125 8375226 -224413 -3969102 -3892836
3 5
7 8
1 9
7 9
2 5
3 8
1 8
2 6
1 5
5 7
2 9
4 6
4 8
4 9
2 10
7 10
4 10
3 9
3 10
3 6
17 20
-4457535 -8766957 -2401915 -6374460 8539058 2615747 -974159 826001 5762160 -6145279 -3657512 -426663 -4910392 -5602089 5561153 5503328 -1842005
-6223262 1197363 754462 1690192 -560456 -5307429 -5674936 -5711557 6514404 576840 -9366436 4219308 1699796 2660977 -2616543 -1861067 1256825
12 14
4 15
11 12
4 7
2 13
7 14
8 11
5 13
8 14
9 10
12 13
6 9
5 16
3 5
15 16
2 10
1 3
9 13
14 17
13 17
15 20
4943978 2769024 -8764871 -139572 899252 -2097928 -950027 5080077 -3783782 -1598060 -7988683 -6700210 -4588229 1668958 -6001919
-2236608 3154773 1121817 9187597 -227920 -8901941 6044232 -253068 -9757372 -7726834 1140040 -7447613 1294551 -4201444 -8442202
7 12
7 9
4 7
11 15
8 12
1 3
4 6
10 13
8 11
5 10
2 7
6 9
2 14
1 4
8 10
3 5
3 8
9 14
7 11
10 15
11 20
3169239 -7501227 -5874113 5335828 -3255467 6773600 2169043 -7344953 -906474 -400219 -4315734
-2466047 301984 -7038721 8578099 4498387 7656903 -3155107 -7626288 -3393546 -2607401 -6898740
1 6
6 9
5 9
4 11
5 10
10 11
2 10
4 9
3 4
2 8
2 9
2 6
2 7
1 7
7 10
4 7
1 8
9 11
5 6
1 2
11 20
-3323943 4900399 1682079 692679 904227 -2883149 -7247069 -1071176 3653262 -4746254 -2999339
1475534 9329150 2377004 -4507679 -3279968 -7668945 -9843104 -7383106 7633001 713218 716611
2 9
2 3
1 10
2 10
4 7
1 6
4 5
6 11
4 8
5 11
4 11
5 7
5 10
10 11
3 8
1 2
7 10
4 10
1 3
5 9
10 20
-1187299 -136330 -5489619 -5550019 -1213248 -5568004 -8293513 859919 6973189 8120253
-2770895 6980443 4032718 -8594793 3659016 -8496067 -8597306 -4241069 7065350 -522068
9 10
7 9
1 3
4 7
2 10
2 3
3 9
4 6
3 4
7 10
1 5
3 5
4 10
5 6
6 10
1 2
5 10
3 7
4 8
7 8
10 20
-963318 4424360 -6047955 -3498956 5032047 -1803445 -7568459 -6083397 -1077845 -9287432
-4298925 6827564 -7449768 -9006484 -4426907 2476245 -8182793 -8110777 4586767 710678
9 10
5 10
1 3
4 9
2 6
4 7
7 10
2 3
1 8
3 7
3 9
3 5
1 4
2 8
4 5
1 10
2 10
5 6
7 8
8 9
8 20
263720 -1484327 -2015388 1145083 1809717 -6948771 -6830112 5155360
7762275 -5811868 4854255 -1947542 -1335387 -9635762 -8940076 6149387
2 3
1 4
3 8
3 6
3 4
1 5
5 6
4 6
5 8
2 5
4 7
1 6
1 3
2 4
1 7
7 8
2 8
4 8
5 7
3 7
17 20
-3649036 -5500152 4506995 -6051577 2197599 3891706 -6025545 -4886995 -265681 -1741757 3844865 1160558 -1545086 -7581556 5826291 -2541570 1686665
-6093986 -8964431 5904668 812665 4587182 -3082543 2803916 -9595168 2032953 -9757290 -6041532 9916345 2196747 -9829366 -3956800 6771047 5621317
4 15
2 4
3 14
8 14
2 16
4 6
9 16
2 12
4 13
6 8
1 6
5 9
2 5
6 17
10 17
1 13
5 15
9 17
6 11
6 7
16 20
-2972996 -5115462 1184235 2791191 -3283534 -1376631 -4891117 8478354 -4869086 3254828 1802265 -4945071 629246 -4509564 8254938 -3309559
-7691456 -8340537 -6173388 4592774 -6983450 -6893801 -9185162 8812581 4043569 5935139 7606967 -9948503 -5314642 4794131 9610966 6256849
4 11
9 16
10 14
5 7
1 11
10 11
6 16
6 7
7 13
8 16
1 13
2 7
6 13
2 15
3 12
9 14
1 5
5 12
8 14
6 15
8 20
-2706633 -2847214 2275866 489599 4969453 1204418 -4746622 -7342421
-6331420 -5336921 -2180747 -141293 8351775 -3820622 623949 131725
5 8
3 7
4 8
4 6
3 6
1 5
6 8
4 7
2 8
3 5
7 8
1 3
1 8
3 4
1 4
1 6
2 6
1 7
5 7
2 4
14 20
-6646879 -1249458 308846 6554283 4690450 -2777367 -3631026 -3943184 -240167 4831623 -3094243 -2817774 684482 -3658647
-6692667 8693120 3506650 -2280862 5487213 -7876239 -4118814 -5636795 -3602678 -4939757 6148874 -2949526 1547317 1725103
8 12
4 13
5 12
8 10
3 8
1 9
7 11
2 11
4 5
2 6
3 7
6 13
2 12
4 7
9 14
1 10
2 10
11 14
6 7
8 9
12 20
-6951624 7312187 4389675 2281989 -2175413 -8983502 -1140208 -7038519 -7861196 5902295 1399394 2995106
20172 9790303 6709978 5575879 -5862455 -9310483 6459731 534261 -9806495 -1825732 -7612672 -4542303
6 7
7 10
6 9
6 8
2 3
1 6
8 11
8 12
3 7
5 7
8 10
9 12
4 12
7 11
3 4
5 9
4 11
4 10
5 8
4 5
19 20
-3180526 9022762 3617276 -3017417 -307622 -6530731 -3901118 -141525 2866919 -1837725 -4660288 6078610 1815238 -255530 -1529956 2927355 3440145 -2968643 -3434569
-6349334 9999433 6254614 3999974 1558482 2208266 521430 1124147 -2866322 6348768 -5933791 7675571 -2064059 -5716071 -7813963 6279218 -2806143 -7794827 -6622738
1 9
5 16
9 12
9 15
6 19
2 7
2 18
11 19
2 19
6 13
8 12
9 18
2 16
17 18
4 12
10 16
3 6
13 14
6 11
2 8
9 20
5869665 441339 5768245 5991616 -323501 4784810 4333397 -5620605 3300983
9527649 4696214 -2527169 7393619 6787417 9183617 -1960266 -5654910 -2900222
2 8
1 5
6 8
5 6
5 7
6 9
4 9
7 9
3 9
5 9
1 7
1 4
6 7
1 9
1 8
3 7
1 2
4 6
2 9
2 4
7 20
-2620352 2783279 -53705 -2705831 -5775226 6360063 -1853769
3319675 -3545781 3959567 1351747 -9867366 -2115842 3032459
2 5
3 6
2 4
2 3
2 6
1 6
1 4
2 7
1 2
3 5
4 6
1 3
5 6
5 7
4 7
3 7
4 5
1 7
6 7
3 4
18 20
-128336 -610896 7890040 3162855 -44007 -8504589 -3001504 4158416 2355594 6075577 4516828 -680074 -9779863 3536322 -122585 -1751419 -2646001 1272459
4538715 1151988 9059496 6318318 -6792593 1120942 -6229829 -2380442 -3271898 6204875 8300500 1933440 28923 4457522 2214448 -8875297 -4682112 -7398179
13 14
2 18
10 13
3 16
5 12
4 17
8 11
15 18
4 6
2 6
1 12
9 15
1 11
4 7
2 17
7 13
10 11
5 6
2 3
3 4
20 20
7164317 -5340297 3754912 2294829 4409974 -3283717 -5685981 -1318938 776646 -5523786 6780048 1368511 1396500 1079966 -1762206 -1952821 -2504617 -4703062 1261933 1444267
9223328 5000 5011653 -78481 6449748 5033080 -7358601 -9610732 7833290 -7108423 -1872461 -8070491 -5403780 4146591 -9390601 2271718 6818211 -9232355 3448345 7541439
6 12
18 19
6 20
5 15
3 10
2 20
4 13
9 13
17 19
4 15
3 18
14 18
1 6
7 14
11 12
9 12
3 5
1 18
8 12
11 16
12 20
6279919 5414756 3875332 -3026845 -1184290 -2809439 -7389949 -6192089 6555106 -9247045 3690094 2129287
8949909 8927826 -6115486 -6459233 -3831149 6706534 140 682959 7557917 -9627552 -3172660 -5524368
10 12
2 6
3 9
5 10
7 8
1 6
1 8
2 11
1 7
8 10
5 12
4 10
8 9
6 10
5 7
6 9
3 5
4 6
1 12
2 7
10 20
8689872 4989766 -7155818 3133893 -1105723 -6283776 -270814 7535189 -6263284 -2977062
-1065320 -1753866 1975513 4072087 -1114634 -8287486 -6749801 8896823 2218023 2100904
3 9
3 5
6 7
5 9
2 6
9 10
3 10
2 4
5 7
7 10
4 9
7 9
4 5
8 10
7 8
2 10
1 2
1 3
4 7
1 10
10 20
7617734 -5268737 7016754 -3959676 4426464 -903722 -1676567 8807448 3809463 -1493052
9620007 3538577 -2418747 -7064986 -2071823 -5621372 6842610 9271899 9207962 -2928018
2 3
2 9
1 9
1 3
5 8
2 7
6 8
1 10
1 8
1 2
3 8
3 7
7 9
9 10
8 10
3 5
2 4
7 8
5 6
1 4
7 20
3776549 -3067465 -1334549 -5002120 -6033258 1763024 1419596
-17991 -6105266 4976765 2556781 3482784 -7734753 -5636543
2 6
1 3
1 5
1 2
3 7
2 7
2 4
3 5
1 7
4 7
5 6
4 5
1 6
2 3
4 6
1 4
3 4
6 7
3 6
5 7
20 20
6296166 2618608 4518887 3368862 -6696570 -4874242 -8609672 1185390 111852 -2697097 1323585 4273230 -706198 4349141 -1048592 2724081 -1516219 1458263 7089801 667387
6776692 9225506 -4936589 8563446 1508160 3167839 -9968786 -6725236 3198495 4822202 8908150 -5504161 -3928750 7828422 -7684218 -4963264 -6668121 4608685 -1030210 6638401
10 11
15 20
7 12
6 11
8 15
13 15
14 20
8 16
4 18
3 17
1 2
8 9
1 14
5 11
5 18
10 17
10 13
6 19
2 3
10 12
14 20
-2559704 5651245 -6369866 -3013600 1263032 1433474 3201846 -2645772 2914015 6770918 -4818138 -4694740 888373 6466957
2803556 -877900 -7791898 -5509436 -95096 7630207 -4834987 4620423 3529689 9427153 -5210366 285729 2283420 -1772454
1 2
11 12
1 13
6 14
8 14
3 9
1 11
10 13
4 13
2 12
1 3
2 7
11 14
8 10
12 13
5 9
8 9
2 10
4 5
7 13
12 20
-4446957 -620605 -660440 499629 -696759 2877915 1110009 328706 456960 4135883 -7714543 -2628407
-6064558 780801 -758970 7177448 4463033 -1354759 -8863217 -6325954 -5106312 4223928 734752 3735199
6 10
1 5
4 11
4 8
2 5
2 10
4 10
6 12
3 5
5 7
3 12
8 10
2 6
3 7
4 6
1 4
1 12
6 11
11 12
2 9
15 20
-296180 -2144269 -4449559 205710 1409320 3131064 4747311 3016178 1917431 -4095130 8648389 1675785 -3074651 -9628210 1196158
-993556 4037996 826985 -4472680 -4550539 -3354424 8303056 4853502 -1039470 1862427 8869799 2742578 2564623 -9892410 -7498540
4 5
7 12
3 6
1 2
6 9
4 6
10 15
4 10
6 13
2 11
7 15
12 14
8 11
8 12
10 11
3 8
6 11
4 14
1 6
6 15
10 20
-302700 1700532 -1128548 5927302 -5390600 3286554 2741926 1955645 2193408 1417862
5289691 5237290 7687379 8568133 -8054016 6152989 3315089 -6119795 -6694350 -2981029
7 8
6 9
1 4
2 3
1 8
4 7
7 10
9 10
3 8
2 7
3 6
1 6
5 9
1 10
6 7
2 9
4 9
5 7
3 4
3 10
12 20
-7539891 110163 6630811 -3502773 1271763 942551 5970392 3757883 -1763694 5538592 -1022018 -3294288
1565445 -5600649 9286867 -7712430 9705327 -3192751 8372849 -1845919 3006886 -1873178 -5431213 818257
4 8
6 7
1 12
6 10
7 11
5 8
2 9
1 7
10 12
4 7
10 11
5 7
5 10
3 12
5 9
5 11
2 10
4 9
4 12
6 12
9 20
1434569 -4574189 607849 -177584 5098031 -5169276 -369585 3158109 193611
-2146972 584719 -8928033 -669442 7909927 4733900 8764910 -257518 -9789956
3 9
3 4
1 6
1 8
1 5
2 8
3 6
6 8
3 8
2 6
1 9
4 9
2 9
4 6
1 2
3 7
3 5
2 4
4 7
5 8
18 20
6548548 193942 5094931 759968 -85613 -2456492 4356492 7856777 7897952 -4641475 6438836 2379846 9284934 1444960 5573700 7053227 4686812 -961416
9166100 1162741 8597411 -2269059 -7548234 -3820070 6521074 9763966 -432295 -6638124 9647606 6691653 9288005 5013963 8171808 9939209 -108247 -1721578
3 14
12 15
3 10
4 16
6 13
5 9
1 18
7 12
5 8
2 13
12 13
7 14
4 7
6 16
16 17
4 13
4 11
10 18
1 11
3 9
20 20
-3611462 2650092 -2373532 505142 -7555337 -560519 1652458 8067149 8521284 3609880 14675 -1019236 -5824458 -2830539 -3557972 1183946 -2009146 -1118792 9643797 1214438
-4259043 -2312166 -7131621 7459850 -9070088 -6682338 -544212 8346838 -500064 7725766 2441604 8540958 -8134747 5846052 3075137 -6946469 -3494697 7719859 -113705 4634954
4 8
4 15
11 17
2 3
10 15
2 15
17 18
5 16
8 17
1 20
9 13
5 15
14 15
7 12
3 19
2 6
13 15
12 17
14 20
4 20
9 20
-5366417 4202093 -4711265 -1245740 315583 -2588632 6471994 -3092565 -1990356
2181354 -4094962 3168243 3595131 -2772887 4245062 -1634981 -5994242 -6698023
4 8
6 9
7 9
2 4
4 9
2 5
1 9
1 8
5 7
3 5
2 8
4 6
1 6
3 6
1 3
3 8
3 9
4 7
5 8
3 7
12 20
4045204 -2633886 -3641114 -4350424 2843842 -6682077 -1636654 176345 -3881351 774585 -5969519 -5745534
-198756 -7980816 542331 1520389 -1760994 191522 4022486 -2504012 -4178045 1185243 -9547249 -7992682
7 11
2 9
4 11
3 5
1 11
1 5
10 12
8 11
1 12
8 9
2 6
1 3
4 7
1 4
1 6
3 12
1 2
2 12
6 8
3 9
14 20
3159875 3898764 7573170 -4882119 1955461 2554272 1721833 3696569 -1756944 6178350 -5803162 -6984505 -1612546 4965897
4046765 5386281 -829852 3598718 6810449 -3583914 4719039 8202045 -7522994 8716956 2327415 -9970190 -2941042 -4294761
2 14
2 3
1 11
7 11
6 7
2 13
3 10
12 14
1 6
5 11
8 11
1 13
8 13
2 5
7 9
2 6
11 12
5 10
1 7
4 14
15 20
-2337708 -5911122 -2935107 4349739 2838043 955310 -1421859 1258155 3973907 910387 -3980782 5097835 -84791 -4970319 -6793838
-7988456 1541133 -9439066 8989764 -1720974 -4793435 4480070 -2469356 4754193 9863036 3807831 6757514 -5450904 -9152233 -8231267
3 9
4 14
11 14
5 13
4 12
3 4
3 10
5 10
7 15
1 6
1 9
3 5
11 13
9 14
3 7
5 9
8 10
3 15
2 7
12 15
20 20
3557399 5880588 -1827476 -4876186 -2083396 -234759 5459848 -770058 -329779 -3470052 4135126 -734871 -5025320 145902 4682159 -2972974 -3989135 601970 1599770 518474
-1823434 9107403 -4211882 -8081899 -9292603 1688055 6402669 -3442391 -9681013 420459 7022195 6188656 1954912 -8823917 5958313 -5642652 4774168 -1728618 2370389 7108420
12 19
9 15
10 15
3 4
13 14
7 11
4 12
1 15
13 20
8 15
5 14
6 9
11 13
3 18
12 20
15 17
4 8
1 16
9 18
2 17
11 20
-1796266 6762226 3425856 322068 7823078 -1242403 20325 -2680602 -2516681 -6834552 3834448
-2770343 -1930193 -2740033 -2720899 8057000 7726251 3576183 -7942384 269792 1048381 4543742
4 11
1 8
1 9
2 11
5 6
5 7
6 11
7 10
4 8
8 9
7 8
8 10
3 11
1 5
9 11
6 10
2 4
5 11
3 6
2 10
