25671
13028
42001
31350
34451
46825
20410
40852
40971
44705
3950
49976
37330
44098
49491
26222
27564
48155
32303
25364
48891
44167
38333
41513
6313
14831
35318
49872
21621
48906
16080
49872
41875
27508
44478
44098
44098
32930
10825
19122
49013
31347
19234
48001
33376
36626
31347
53
48897
18322
5616
43690
13766
44996
44111
11385
49941
48889
46504
29609
49255
32931
19581
28489
11045
46532
19461
41165
23804
11793
3948
27049
36934
2746
43739
20405
2622
46596
12884
44461
32524
37567
17472
38333
19639
6386
44834
25366
40852
27299
10973
41966
21023
19122
44098
31347
42430
21815
8635
32346
9906
48027
49527
10938
21668
25366
11307
32464
48099
49081
2012
40559
31437
36621
7079
49185
4009
7826
44098
37540
26777
34527
31347
46410
49919
37298
22742
31347
44680
19304
32641
25366
47905
23559
17999
18733
973
32
26189
47979
46558
41187
40971
37696
18014
31347
38730
22251
29752
31347
12719
45268
138
33111
721
29233
2192
2535
699
48879
15676
15973
21494
37133
31685
1515
41620
41854
46852
7961
838
26769
27502
47804
15957
39956
21557
49745
26564
48002
10573
48087
46521
29015
46571
27390
19122
44098
33655
22467
5728
15923
33224
38161
38161
44508
48087
36896
48889
41441
33518
33111
8819
25366
20405
39911
22680
44098
46379
359
37547
19451
21416
46390
13523
17039
49993
47389
46379
21915
44461
23530
49474
9891
32970
48673
1162
39949
26686
26550
46447
32300
38330
44384
27503
24123
32959
48925
44098
45310
2746
46557
15922
20627
13786
2754
43690
48675
1993
9895
27300
13736
41990
2900
28161
19389
44455
44463
31347
38616
44104
37669
19930
25366
33475
46852
16686
3821
37692
49976
33698
3946
46381
4656
32384
49549
8669
39983
49476
20137
42034
13164
10027
8773
31353
41551
32807
5173
11326
46632
42430
40852
12380
47905
22979
44098
28800
11932
48134
36870
29238
31451
49988
41323
37062
12004
3946
45671
40853
44802
27032
34533
10596
16969
28533
41008
10282
31447
27503
20597
22883
30191
43320
31347
25366
38376
22406
33514
4330
31901
19122
25362
20599
12816
14402
13539
48906
31783
44461
46379
14298
26751
20397
40924
42430
26185
7729
34823
27723
13028
48265
9464
10283
10643
44617
48551
31347
16358
47910
31588
46494
48926
39989
19122
47009
46607
49479
20307
1928
4256
27690
20419
21670
1450
33430
33002
32300
31832
15130
48978
45956
10643
13028
3054
23386
13028
14977
40924
35267
35428
21589
39606
13621
34552
25007
13031
8668
41845
19939
10334
7071
9910
36896
48922
34527
34528
49872
21501
31437
48906
20303
25366
49886
40889
4381
47392
1843
38737
22280
46398
31728
37205
7698
46474
23654
46360
29118
22535
16015
41956
46494
28808
31347
4025
27627
29845
10831
41956
48480
27503
376
47354
31668
10305
43390
37646
31347
11045
38784
49476
48019
37962
5002
42430
49947
22530
15773
2275
8737
20000
4642
47905
701
7474
49476
36621
30185
47795
27739
1679
17004
26224
27032
28175
41640
9119
1463
31401
4573
46390
29016
16831
25542
4574
49491
35022
1077
44473
10532
41957
49886
38161
32930
15834
36677
38188
40010
46394
22610
33111
21609
44098
27455
49771
31347
37686
4577
32307
46532
39911
17496
38870
43865
48213
48127
32387
9981
47917
7722
8737
41314
21560
7599
25368
37054
46825
6731
29013
18607
20037
14252
13425
36728
40974
39571
25366
12821
25473
40861
36770
13786
13042
26346
48149
20308
13115
27596
43320
14257
41391
535
46560
48925
25366
47908
7740
22956
10117
32675
49726
1365
36745
20157
19122
1537
12713
1560
38334
34526
46730
45091
20410
33011
35237
1679
42430
22263
46532
7810
19402
17273
23557
49477
14298
1023
29226
47905
25518
36821
13489
19928
38464
21816
18213
47789
4737
46394
47905
47969
26117
22
47392
48906
4745
40938
11875
44643
6081
4579
33107
46825
35138
49476
1679
33111
42430
3103
32002
37933
1510
4877
44098
13056
27040
46542
50000
37295
49532
2556
49872
41025
8183
39500
1049
31347
45235
49084
21589
9255
12861
22773
9539
32300
40853
49061
49979
31664
1679
41197
24026
46507
37740
47905
33533
44169
37304
13028
4595
28796
40978
49745
8758
19993
31536
11063
19255
46392
11351
9150
44471
36727
43593
38056
7722
49941
2522
12726
16689
46448
32731
46718
31347
27032
6065
7705
46596
48925
11126
16224
1247
3008
19443
41247
34557
49907
18235
36621
9902
11686
31347
763
44510
49881
2467
3946
46846
662
45358
44098
46570
45258
45258
19451
11962
10433
49062
49988
20322
42445
41502
49549
4933
29284
13028
917
37031
49746
42445
11269
40852
27503
2252
17671
40852
9891
48149
22515
49479
38277
7723
10648
44315
6512
16099
21494
49361
38925
27280
42315
42607
6766
49554
25366
49946
49872
4238
41026
32304
28818
36621
34665
8956
46492
25366
31347
19582
29181
7330
33118
36217
3946
26185
25747
29397
46379
36621
44098
4985
37341
42288
19122
50000
14085
47972
20407
40923
27032
33409
10427
32196
49361
49745
96
31364
34088
21754
10738
4620
41845
18225
21871
46379
6914
32952
2087
27088
37295
39938
4595
15584
22945
31533
49013
37251
2293
9460
5842
39911
36175
3251
43034
48626
584
22580
42430
31403
2362
46345
14251
28685
27743
7545
25366
6023
16501
46599
44346
9685
42199
49698
40852
41025
49081
15732
17719
47905
1418
7803
33984
307
10437
36406
9394
48925
43868
8130
12065
32631
6212
48147
49477
25530
49970
22362
39911
40852
7722
37540
44496
11861
11309
34406
47991
31347
2754
36864
42220
49717
19645
44455
13028
31486
37978
8897
26101
15780
46379
10061
27675
32756
49082
49476
1679
41495
21644
2052
44098
47905
29000
2318
43690
40852
48626
49369
49062
25366
45951
20717
22755
49745
46433
4325
49772
18455
5720
49225
37670
44461
31715
48050
45313
2917
36175
39705
27032
927
47789
374
20057
32936
32300
41768
47972
4573
33380
25084
21917
49826
2296
49535
20924
47796
12196
3946
8468
27587
44461
44160
13149
31347
26557
44645
48906
27527
48099
48673
36621
48931
2804
20117
28460
49745
29298
27284
48925
4957
48932
928
26199
10304
5021
48002
562
44455
8365
47399
46543
44680
1150
48089
44462
19264
20405
48891
14712
29384
47410
47800
11962
30180
44098
48906
48906
22394
49549
26430
13028
39711
44455
48099
13929
13288
50000
44467
27424
12992
12773
6895
5648
30177
7722
44965
40852
40996
31715
37533
31769
14167
48048
23536
37619
37533
36621
30181
49745
42264
1699
41483
40887
1373
9876
49882
44162
12377
5125
21637
46542
8517
1578
13028
46379
32318
3948
40061
39762
15861
48065
44510
48906
36621
40936
27299
7058
28799
49510
3314
22608
5571
18196
15681
29493
22515
49061
2628
16109
48906
32502
6784
38333
41954
27505
44098
20405
44278
39649
49754
14607
13028
49535
38349
28796
9368
42608
49479
34823
37534
28319
42156
40852
29298
12205
37327
10033
26142
48922
23038
34908
49941
19281
41533
15726
34340
14168
29639
44202
10886
34426
46825
10378
10825
1023
46403
44153
13201
28981
48944
46090
21527
8668
26595
49717
43561
745
44604
247
23558
29433
19910
47954
5971
3650
14253
36621
46447
8105
48090
8809
6517
29474
49254
47366
334
22582
49855
19452
41247
34343
44128
28530
5216
49988
36621
25366
13429
43690
42182
32464
26179
49571
21125
19902
5420
42301
45226
9891
7722
3707
34823
48933
36621
31684
25870
33444
27713
35087
26675
27969
562
2580
42850
32930
19691
37112
4325
41247
20303
49535
47964
28996
34399
26562
49013
46056
38572
10650
37935
38333
40749
34420
5809
29298
40852
27032
44098
42273
10028
15926
23831
34334
49988
46400
10657
9891
962
23276
33179
29134
48909
23387
19971
17492
38333
40852
44461
2626
43388
31929
26100
20634
15726
36429
40200
1470
7722
35006
19993
7074
10699
31929
26761
45353
49474
50000
19122
33378
42478
48027
46550
30047
48889
34673
31529
44876
34841
31531
29134
12132
25151
26187
48780
10885
15727
46380
25707
39233
46379
47905
3442
46352
2737
40004
22113
4156
32464
19912
29729
8668
48090
49745
40255
19122
28170
45743
41024
28991
49970
3458
42722
31347
10653
18047
44501
29451
39310
25572
25366
48979
47987
49745
33111
41303
31347
22717
44696
41861
25366
42433
31731
32300
44680
45258
1679
7722
22873
49745
12773
19733
41092
10845
15582
9891
1788
44461
1426
7166
19910
19482
3957
47954
46494
32935
49476
31347
27800
45651
49035
49474
28406
46379
32619
7863
15726
46379
1148
47366
7722
49341
39956
31347
46542
48102
13534
25366
46542
2829
77
16843
46345
27969
9898
31347
21880
26298
7949
33376
49769
31347
27328
7722
1740
33111
44098
18035
37031
33149
26117
23918
37275
25366
38624
27369
32833
43749
49964
5610
49994
23205
5276
4309
37679
36621
6
37598
40072
41495
38338
37598
47967
45052
43690
1210
47692
1679
44154
48940
6942
41247
31347
49970
41247
37314
38333
49005
23444
31347
28262
33981
26107
46718
13028
3423
27730
46035
11935
44172
44466
12819
30181
21642
38333
49549
28216
36642
7578
49745
31863
39440
47969
2282
39476
6023
39911
22530
46379
31746
39911
25443
38534
13440
26551
20709
47972
30712
35663
19755
43881
34298
14251
41495
49797
41480
48909
37336
25537
33821
31347
37674
22610
31347
43325
38928
11684
40852
753
22404
21873
37533
26102
21447
41509
1281
47692
16007
26558
43021
16571
25500
8737
29440
47366
37031
25366
31896
46557
31951
19122
32993
49476
14589
29179
10106
41442
41387
16425
9907
29134
46401
23121
49717
19122
40852
2692
26152
8965
37708
562
38333
46542
14167
31661
31724
1011
25366
21494
46494
7831
38173
23396
42193
38800
48889
38730
32464
32926
40973
10287
38335
2190
47969
9703
41249
31661
9891
37836
48891
13028
24015
47907
25546
25366
5408
48945
43536
4595
27174
49976
10177
41512
37251
48161
48922
44098
31347
102
11952
28476
48538
8757
41845
37646
1697
32930
2253
647
31792
6118
36626
44461
38357
40919
12936
49341
28268
31592
42247
49582
31831
1161
228
36291
37077
32372
49919
23883
41957
41472
27524
374
9094
7722
5015
39911
20405
37548
4573
8356
44160
49941
31347
20455
26201
32300
23152
18509
891
10978
10051
4024
39610
3946
46832
25366
41473
46513
40852
22775
41296
25366
32
44098
20557
49769
8672
48909
21461
18369
885
43899
43690
4733
20472
32300
11782
41569
3797
35524
14057
43735
19451
4516
34838
39301
46825
41486
43749
42065
44680
30178
29134
8359
49382
41042
36621
14008
37306
23151
44317
2569
20642
6164
39476
1144
20405
44100
15538
44175
7978
41845
5068
48906
48888
25456
10029
14172
2263
25979
16079
38730
8669
18034
49941
48626
18280
29488
3167
1158
5057
5807
41116
49771
26001
44124
415
18109
47988
36621
14251
31529
25068
38350
8720
40167
48906
13430
562
19938
5735
46379
8747
14251
1688
49061
10235
14262
33443
31813
8757
15427
36727
22745
49474
36621
42679
11174
15483
31630
44098
15270
49791
49979
38878
44098
21771
31039
7761
19902
6520
25366
36821
4343
5626
31790
41957
49476
4350
44712
36621
49061
27046
33614
46412
2289
2754
26679
39246
10524
44098
42273
37955
38951
928
40852
47905
39598
17442
25366
29214
47964
14168
2254
41845
46023
46400
6023
1753
18315
14926
17990
36731
39911
41620
24911
19281
49872
49549
496
15326
19122
22776
49769
46464
714
3507
38730
41957
20670
172
6803
44604
30684
15668
4815
38357
27664
9969
15521
13090
39795
23061
34827
8020
17480
41473
46825
8672
43690
47972
90
32568
35086
44098
39911
31995
37666
38333
17414
543
47973
37255
40852
19144
41047
14305
46557
40852
43871
16976
24964
47969
9924
8414
6745
49941
33376
49970
27668
39475
15945
31775
10782
40924
29294
29322
33113
32464
46379
40852
32464
32651
1538
39241
44978
37610
3912
19460
16235
13028
40905
28458
17844
36873
34393
127
46546
44482
31662
32882
40852
13786
475
26679
7596
42193
31816
4573
17162
2626
49941
36621
37551
49766
9304
21494
46545
20408
46023
40852
2369
27397
10027
36938
36621
2048
49061
1574
5940
9891
36621
28428
1352
10298
2628
47800
49746
36621
31347
15130
48933
29658
48891
10154
27032
13394
32304
4610
48626
48607
31347
15658
37924
26684
36621
42430
47953
41442
49013
8519
41025
36621
6938
4903
36630
12019
8677
46379
48002
44166
14251
48147
5079
5861
4834
21555
3322
48891
49016
2712
20003
40821
27032
31432
24080
54
41116
49524
44464
10030
710
47953
7722
2712
36770
16184
28316
41512
32302
20329
20734
20947
46825
48033
8624
3750
19748
48906
41296
41481
44149
33444
10112
9219
49746
49976
44191
4595
27503
38877
37251
22283
17632
49538
15751
27048
43418
4540
48906
46543
44279
20524
32930
10348
33468
5030
37251
23342
30251
20567
7720
22263
16890
7525
7722
2633
14300
1850
31492
811
37955
9148
2238
36891
36773
33379
32964
1112
49656
49794
37306
46350
19980
49872
36648
37044
30723
27601
23546
49476
44456
6286
20054
1593
27392
4660
36457
47905
33111
38221
31364
1580
38477
27738
2629
48174
14071
46557
13028
37352
5018
25373
32283
35143
1381
43827
49061
36622
48933
551
22832
25366
48906
32957
40363
7722
31347
21752
49477
48944
33111
27674
1158
23465
37834
5770
26098
41025
44150
1192
48906
46352
36695
47915
44192
49769
47795
49919
42435
47911
873
36762
436
8687
20669
41010
42273
20303
2796
29272
26557
911
11684
47366
25830
21880
11866
20358
19341
20600
83
48677
36773
15023
13830
2048
28674
8757
679
7722
8757
1818
16425
40852
43058
5519
23531
20597
44876
12426
32405
26097
26808
3032
36749
44150
9073
31749
48978
7722
7009
18136
40852
44463
20250
44098
44680
22306
15993
43327
49656
7037
48925
1947
49964
31723
45358
13734
13347
46635
5669
3949
46379
38162
31749
48309
42459
18544
23039
3722
10886
16907
47964
36989
25366
25724
3946
79
23589
34447
2097
28161
41956
164
17745
13530
48165
11966
36621
43871
40068
6664
42655
37251
41511
19916
46020
25711
36621
2238
48925
44539
36991
28530
16384
3302
48906
32995
35714
34915
25972
317
49555
28162
3548
39957
6889
27863
15351
32464
46394
2866
38334
47366
40852
36922
19920
16561
25366
20429
26550
22379
49946
2596
404
44202
6310
48925
9876
28980
46051
18034
12791
38498
15306
49034
46047
42187
41629
46379
10228
26231
44288
47366
20610
48354
652
617
47988
32464
49918
33112
15726
48891
568
33247
34156
43320
48002
41495
26921
4573
44515
44180
19402
48149
29222
23441
47905
45258
20405
722
48978
1679
42533
33511
45382
46573
1307
25366
19122
44098
44149
25366
22268
19122
14028
46345
42215
25366
33923
3977
26431
14032
49485
28982
5537
7241
28515
27369
14997
46571
47913
20715
17495
38757
10123
48099
32725
46790
13030
36621
36621
4687
34851
4726
33225
43851
46926
42182
26179
49941
19751
49872
41247
24965
22264
44304
19122
2291
46103
31432
15728
49479
28651
25366
45408
22530
16247
49769
45412
49976
25574
46564
9666
39439
14632
2932
17205
49896
40973
1824
7722
49769
5516
13437
22962
12425
36621
41
20613
37542
8737
27930
42559
7773
37857
49476
47917
22530
47910
8019
17
7081
49872
4671
32266
37031
13201
41496
48906
46379
36621
33406
7882
16167
46557
36621
42430
43388
38161
34715
32982
49133
37757
40852
2067
46491
15354
31347
19122
41512
25366
7722
44098
16837
17858
44193
40972
36760
26132
47905
41480
31347
4085
47962
31349
37648
42327
33687
10315
8078
44972
277
23198
31841
13994
3946
26550
11684
3435
31929
4573
25366
48783
48480
27032
44098
49884
44098
44463
35855
48049
33397
16881
17425
14482
36870
12525
37080
49884
370
23753
47921
4700
49884
27210
40009
34156
25790
9861
26553
44468
4149
46718
34462
32368
48925
27503
10648
31347
14167
45651
19490
31347
37313
28814
31406
34834
45358
49745
23386
19451
49872
46400
4187
36639
20728
32339
32341
49476
10110
44148
48891
16769
26482
5519
38161
2067
35086
19127
40852
41845
29616
48087
46854
47908
35397
22003
47905
25373
25708
48147
40852
20405
44874
46352
20303
45951
14584
49492
40852
26115
11725
8757
27902
16012
43734
25366
45335
834
13803
1621
25366
5610
36621
49034
47366
34632
48889
46718
15726
4373
18147
37031
7722
35299
2633
44111
8514
35087
47928
42333
44202
49760
4573
41052
34627
41629
16216
47943
10885
44098
46400
29027
18303
49872
10643
1134
34246
47988
19186
47969
37669
37454
11283
38730
13028
49013
8688
44604
27583
44802
20039
16606
31683
40852
44680
18368
31814
8822
20815
40170
19903
31347
26703
3068
2646
36181
46379
30201
33441
43690
48090
21749
31720
28459
40921
25948
46790
20626
44680
36621
44698
15578
48027
1433
41019
40069
8998
37900
49993
49552
47366
707
9939
48906
26550
2835
44098
20304
44143
9804
1828
25366
47969
21533
48090
34627
15978
29501
47911
46596
21589
36574
37862
47392
47911
38162
38002
27505
40852
41192
31588
26550
14228
15385
19122
9891
47917
14252
47953
47969
25366
5047
36640
47257
14613
8900
37533
48909
8600
20391
46999
11620
44641
37114
5017
19126
3325
48149
3705
23046
44389
38204
48990
1129
12117
21788
441
43866
46391
8094
29014
46410
31919
27919
31588
3040
34765
48342
8084
16246
36940
704
49872
40923
11884
21618
34933
30068
3764
18036
851
49538
20303
43363
37358
33111
41898
47063
25366
42168
33111
2754
13047
34823
49477
38333
1527
44463
34823
44365
37665
34380
33376
37646
36896
19122
32464
30177
27032
13028
45966
40852
40966
22243
2558
33121
1483
39340
46491
47969
6138
48159
8720
24933
32103
370
8823
26126
38856
37654
23501
44430
25366
30177
34638
663
13028
14298
47392
45362
46596
19145
49976
48946
10539
31893
46563
19122
27765
10677
31994
18568
48565
5847
13028
32596
40973
46379
48314
16798
31554
19254
44378
47366
10691
31646
37548
28659
37307
16399
7036
42187
29617
18012
38333
39938
31560
33248
47789
48673
25465
10604
48891
46051
45606
44098
40911
31352
23812
28585
4596
32321
41116
14566
31529
15597
11190
19461
25667
47972
41526
49993
49039
44197
3970
38333
40190
15187
26606
49745
13313
5578
37646
2801
44461
49474
46382
43704
44468
44194
37378
20852
49474
6605
36643
44874
32626
1999
22696
41444
32756
45258
21701
3515
46398
15669
10922
49479
34020
30185
9891
28530
21494
843
20303
1786
10648
42569
46831
32898
23645
48297
34342
58
19122
43458
18503
22885
28517
19122
16537
48002
43049
12529
44098
26891
8219
30718
5955
48922
38382
49941
19984
11272
18036
20322
48906
17743
37542
17685
20604
2940
2627
27676
4710
20315
49872
41497
20405
26209
38515
7594
32339
37924
40166
6051
28453
31509
13031
9318
49135
36621
34823
45358
4826
25366
31347
11985
23756
48906
42182
31813
49745
48908
23214
46557
23630
11962
23388
38517
49706
1218
37933
13028
43749
13028
46588
2072
46853
36403
13429
46718
37295
32300
19122
49042
44244
49746
48925
4186
5621
20303
13028
21055
44098
6581
28970
44540
20597
25812
48161
48092
19611
20410
13354
31347
47911
8974
5712
43695
14167
49075
48480
1999
36621
47966
22374
2936
46846
13578
49476
6723
16233
39956
48891
46532
40952
48713
16334
1923
43320
44098
29340
49970
47905
9319
31529
29217
18550
30168
49721
35400
47366
3333
41623
6776
4391
29907
46790
17667
48891
45258
6532
10082
40864
19123
2478
31347
1553
48420
31571
44604
46467
12010
46625
49947
25540
36621
21768
26163
48587
28836
15868
46366
16334
36621
12376
16335
17788
2656
28796
29000
44098
25720
31484
25366
16938
33052
46379
31347
42182
7071
25669
19479
49356
23399
4637
49941
21871
26553
13028
41447
3946
8829
45358
23479
25163
23817
32943
25726
24956
12176
2255
23701
7491
40974
31556
37296
32056
4671
45258
8757
21923
13858
48002
13566
38776
38293
20458
4166
37300
2714
31361
48949
36903
31829
39631
41480
36214
13066
29278
25028
26550
20411
48090
40852
32087
45377
23540
46737
25366
27252
37003
29589
7723
49794
41514
34837
25366
16941
39446
46777
48082
38181
19122
38730
32934
49490
40894
47905
49490
32938
46655
249
48134
7780
19122
23064
48890
44098
33791
34823
8406
10885
49476
13028
34643
15350
38761
31875
19902
13028
49745
14251
39571
46382
23534
8086
46491
7724
29337
44102
12386
32424
33128
45358
13525
49479
25366
32123
31529
31588
27698
38730
42430
23204
13481
49872
19417
48090
15581
36912
34823
28796
49919
47021
44150
33525
47694
27503
46023
39522
40852
44463
6516
3120
32844
44126
39956
22263
40896
19276
42098
19122
31347
46567
19123
21793
13028
46402
13028
32339
1173
33963
13226
46050
48308
18459
21589
4191
22516
34492
19606
41969
41042
41495
49872
23386
27033
25454
22598
25368
16310
18319
44932
21731
49872
43644
1679
9813
44470
26180
39911
7526
36779
24429
49061
47546
22515
49538
8763
20687
17555
41312
26893
9895
41473
36667
14171
25366
7594
6047
8759
44508
8478
5862
13490
3946
1679
13254
46051
48905
12312
36867
16184
1679
16911
25366
38162
47969
48906
48909
34183
22531
31571
26551
31347
3776
47988
32464
25956
27600
19308
49485
3204
49511
20688
48933
23596
11173
27458
49549
49062
29060
37710
676
46400
49872
2937
49549
28807
15727
4173
31404
19122
16218
19122
33111
39913
46379
25911
4177
6225
4798
45258
40852
5515
33376
17660
49476
32028
17684
40887
18677
42437
7603
49946
11845
28796
5618
9896
48146
13028
38353
23673
44146
41296
3946
10027
47789
46412
4633
46542
24010
48646
13028
13028
25845
9667
37646
4196
14298
29099
2908
9876
8531
44467
25366
37533
18287
5839
8064
15808
27032
32955
37647
32325
49973
14584
43320
20683
14975
47963
8668
1844
40977
50000
34823
3647
25366
30188
2144
46999
33519
10885
46538
46379
8113
1959
15794
44874
31510
46379
54
21586
28796
40852
46352
4490
46596
4156
25366
31529
21702
43690
46379
40852
42923
37554
20608
44469
29156
8310
759
43693
41280
18034
25854
48945
11427
25366
38161
25366
39758
49872
3326
19973
6435
38335
526
37569
704
591
19971
22214
42665
47972
33112
47692
9619
48906
46557
27259
1602
5179
15800
3946
17205
41845
36628
46492
48506
44098
38161
4660
520
46025
20617
49997
5520
48906
29563
49746
38215
1142
12116
38482
46030
31494
44098
44126
30874
49745
23724
29886
39476
42126
40852
36804
42182
34480
34603
25524
44098
49549
49717
8255
46626
34349
47694
36704
27674
2714
46483
44604
46052
7722
49034
36621
37533
5902
34988
37598
36922
7270
25726
5849
46825
23204
19122
11190
29532
19978
47405
40852
46412
28990
27399
27763
13427
31483
9904
36659
30177
48161
46351
2670
10952
1479
10885
40852
31583
21503
8487
27667
49745
35816
47905
46345
50000
25395
15204
23721
40852
16305
25670
42298
31347
47822
48906
38155
36748
49884
49881
44509
36621
29236
13754
33112
41845
49976
35280
42108
15763
3946
14575
26781
48889
1483
20597
25590
37533
46554
26721
65
32340
33161
8156
47406
31023
33129
46912
1482
4840
37296
38312
16535
28262
35305
29423
46971
48707
22263
39511
36621
3946
7706
2361
43716
8237
16691
44463
26130
39911
48780
47972
47366
31347
29541
25366
48946
44153
46596
14167
25366
39203
44473
17671
47800
47911
31929
49476
49013
20405
36866
38334
38367
11684
13028
37646
32580
47917
15966
2224
44098
33995
6775
48674
29377
44466
41956
36621
1488
47913
48891
19672
978
7901
40944
31509
40917
27676
47911
44388
20363
22680
29230
43700
14309
15585
32974
26557
44172
2093
48945
42305
44153
2933
2632
39914
32383
41009
42062
28985
18309
3332
3172
15745
17916
32819
41305
17838
44733
10651
40852
38161
48674
15495
45358
48925
45841
46394
16253
40068
17439
48629
26710
38171
38810
13028
45399
37256
32983
2368
10540
7724
40852
16267
41267
27676
34641
46051
8302
10041
45258
37586
39606
46738
38750
46388
46557
28556
25366
36621
3946
31588
49499
13028
39911
49479
16908
19902
37130
23265
6591
48889
43692
43388
33376
42426
14277
25707
15944
47396
33097
37834
44874
945
33112
33377
49062
48626
46531
2067
40027
16782
49745
49745
2410
11087
4374
40854
6725
39914
8858
26641
8670
35
27779
23822
1019
17600
38173
3946
1363
31530
5132
34823
46542
38494
48091
41624
49794
14293
26744
20667
20310
21496
8019
13558
40085
49903
20602
3475
2863
36799
762
46401
47800
32464
40935
44508
48906
8668
49933
43312
44876
31347
3650
19122
44098
29210
46077
15348
47906
26786
26036
23846
31532
46555
50000
19916
14682
8025
8425
47407
46345
19028
15348
10282
33385
15352
8716
40953
40292
35207
36621
44347
20305
31565
39027
31347
47366
27579
31715
40245
19400
37666
49034
14282
4352
1679
721
3946
31509
25572
23594
46379
16441
46379
2774
28812
37533
31459
1497
49872
46398
48927
6514
28133
7525
16044
26105
46571
14486
20112
46400
22947
42191
50000
47789
22530
25366
49014
44889
2744
49476
48909
19959
19122
35140
1533
22216
11962
36902
12055
46557
37251
13786
16357
32930
32664
34823
32225
45358
7186
25366
46467
46024
24974
46401
23431
33499
29382
17932
36774
37251
3479
23850
26603
18034
1628
38756
40852
42105
19902
27454
47392
14178
41132
25366
32612
1023
36621
19122
21766
9516
36621
46407
41845
19160
40852
422
44604
44256
46494
48925
10247
1989
1814
33693
22219
27439
31436
13028
25734
32340
46404
42590
17601
5237
41982
37601
46385
49888
48946
20314
4578
17292
36621
15788
48906
911
21548
8402
49549
21515
48926
48909
20597
21968
4681
29438
48906
46058
38730
41116
44800
29134
41296
48910
7072
48931
31931
48099
18042
25366
43671
15610
32859
27036
21651
48157
15581
44680
19091
47926
32611
16467
2026
47969
49746
27616
15014
46711
41384
44099
13426
49907
46613
31347
49745
10932
9070
23894
49490
15264
17101
45258
879
39480
18084
23632
42273
13030
15390
17780
2594
3242
2343
40852
46631
45258
48933
27030
32464
29211
3946
37477
27305
31347
42468
5137
40924
22531
40988
11902
34919
2461
41531
10885
46532
42294
27106
38816
32974
745
46557
19122
48148
8822
40852
13028
19700
44150
32402
49947
5679
41845
47969
16789
49884
25366
1929
678
36873
44202
819
23401
21589
44098
38342
35291
18034
16437
7917
44106
4325
18034
7722
46718
20128
46352
49941
48626
32612
42187
28947
41287
36621
37253
27974
31889
7722
7585
40872
46023
4635
49526
16052
12433
12218
43916
44346
46379
232
49538
25394
23043
38333
25366
34579
26212
46333
41495
46400
9117
9682
3946
46413
49766
9668
14516
25948
27656
22284
26764
49746
44465
4595
21591
49479
188
20715
33407
32464
9891
47800
28100
9891
34406
49760
46379
48913
49582
19682
978
3946
44128
40852
42193
1148
10885
12272
49976
8703
31879
3946
22772
32931
1179
31793
40878
17461
44981
26550
7722
49034
37646
7525
15423
46571
41267
33329
32329
17024
32480
44126
17176
39007
49872
39911
12731
27567
25061
14390
33989
48480
32896
25366
25694
27172
49993
22998
34157
16260
32974
27813
15765
49872
46543
49886
47911
3326
46379
3577
30637
46465
20875
2305
46846
16727
4622
14634
22300
31347
33114
15861
2679
46410
25365
48931
31482
1537
13028
19122
4824
17999
357
38345
16943
48906
44098
29134
33223
38498
41596
38333
1679
42285
19581
47905
31571
8675
25507
12453
48906
25366
49979
22264
19629
38335
46570
44098
7746
49479
40852
15625
2626
23472
32032
4559
15941
27503
44519
16632
26143
67
11965
49479
37646
44604
16690
19204
1933
22252
19889
29002
2596
4498
2014
14801
48945
37533
40482
46398
44606
48954
46570
2446
7722
24660
15572
25504
33421
26111
26088
32023
34837
25366
38163
5082
43700
44628
45272
46846
41662
46404
6891
3546
29016
38759
41192
48925
40924
29437
12761
31814
49872
40854
44876
49479
36819
31929
50000
18070
7722
46542
44461
38333
48925
36762
31551
44455
3946
44148
22592
1793
34957
5013
41
46552
22216
12273
49507
16072
1150
568
14255
28085
49771
21654
42430
6331
176
40446
48154
32699
13028
49891
704
21692
41708
44113
10898
34546
41192
25991
13790
14267
26557
49872
872
7773
31732
8475
2065
21454
27033
27969
41298
44468
28496
2300
28310
2320
33980
20361
39605
47046
37670
41497
18072
48906
45358
48149
34156
49535
1128
3212
37981
2804
9394
46379
25469
46790
48158
46790
46497
44496
42751
26102
19149
40089
45412
20607
18448
47986
31347
28194
36749
49884
46345
26129
31579
19122
6532
438
46357
39477
43072
49745
24294
25366
15772
47692
14334
50000
49766
49490
28259
11784
32954
49884
37646
7332
33111
47969
46400
2190
42060
44467
5668
37299
49872
25473
37040
36621
41296
11007
41442
20598
48146
25555
25958
26606
44462
38333
8741
3986
15789
49535
31715
25366
41495
47969
27537
47989
44680
4573
7722
31347
16313
18047
46379
33111
2761
19122
16142
25366
7595
40852
37031
31303
3946
32532
31347
23232
38928
23813
44278
7147
36175
14890
46345
925
44467
49490
16767
42430
42187
20597
29233
2492
25377
36175
1494
39942
36779
31795
8765
15726
32339
13028
22263
4198
26578
32831
25385
20597
43320
31556
47392
31355
36621
40842
8557
10284
7311
2932
12762
17802
4679
5668
87
26115
41845
4161
11901
14301
19122
15890
46692
46557
19122
1401
32854
2412
1147
48157
46060
36621
42202
31652
36642
46023
44461
36749
37666
21812
8669
32300
17580
49061
14576
20408
36621
26790
5791
21495
2501
24911
47789
46407
38172
25366
10279
34632
20597
46532
46051
25011
15726
197
43690
42441
49081
6166
22864
44802
2308
46749
41495
4596
27136
19216
22680
48933
22263
48090
2967
7722
4991
1667
46825
34627
49745
19127
3684
39475
31607
16425
37688
27503
16216
5640
42204
44510
8670
21589
2924
11648
19122
42105
49941
40870
37668
19186
20319
1599
31347
41480
41630
39957
48146
46379
15268
20597
20697
4621
41622
47969
42430
49941
49746
46542
29301
18388
46379
43388
40852
15348
16237
36773
48158
12492
20303
33258
2063
48906
48087
24813
40852
21913
2646
25366
10584
40950
48933
38683
27682
39246
47967
41122
278
19902
49797
46345
48144
44149
31347
15790
36621
46728
37679
13028
16425
30000
4573
34988
10734
49976
15727
1679
2249
20652
38745
43372
3946
21607
7525
7538
34348
19122
48099
44153
49884
3469
43690
14008
3578
21770
17759
49976
28838
49976
10298
1799
31530
49745
46345
26207
41958
39476
37295
19628
42187
36750
42838
17998
15521
49941
19281
49538
13531
33376
44104
21589
44373
14567
49964
24000
27034
44315
36676
41847
46379
6087
25366
17787
19122
49941
7722
15690
44098
33376
26767
31482
49636
8201
19122
49941
12068
41529
44104
49656
26002
317
19324
37425
8664
49474
75
48087
25366
40852
8776
8610
32465
6908
38237
25720
41845
44876
42435
14187
11488
1526
4866
49040
13856
36701
17946
4685
28011
43393
27556
1914
44098
46388
36659
24911
32339
36621
44098
745
19122
21661
31571
14251
44467
47366
28970
7734
37533
36214
43716
14251
640
38333
23075
21157
41201
23934
25366
5918
4489
41296
23480
41443
14489
36992
31353
29297
27504
13028
7058
41538
8588
2077
22938
25366
48158
49109
44204
44098
37670
40852
37958
25366
16767
46545
24992
32930
49745
39911
48099
19288
29357
38730
41859
33923
25374
16121
32369
24992
25948
8675
28449
37031
43305
21596
44135
40976
48087
38333
9171
1976
49490
24
25366
44461
3707
32817
13376
38161
15348
2136
37684
47800
36957
9082
46532
10937
762
49485
36649
44128
48
39911
33142
35085
20162
27206
33152
19849
31796
6761
49942
49479
22493
6532
49855
46790
39911
2923
27935
29036
2760
38161
31948
11989
46345
41045
46825
2190
5296
3979
34026
40086
19122
13028
12771
15581
3590
2502
35157
20604
5969
19122
18034
48925
21546
44098
37539
29029
15875
19453
36175
49771
11523
40852
10180
7525
4015
28571
32611
37542
31602
19608
41442
47807
44111
353
43000
6363
9924
12218
16400
25976
20703
49988
49941
12114
13074
41070
31781
2111
26550
29351
43255
48931
25504
2245
35098
15348
37773
46496
47969
23326
20597
31930
47474
3966
2362
39606
46557
48087
25793
49549
4847
33412
40911
22263
42294
49745
27588
6273
33111
818
10231
40923
44098
38897
5118
49474
7905
47972
27032
37527
47911
8668
28262
36011
30209
37252
27032
7787
38161
13029
48158
19629
21589
881
36621
46401
20144
41585
5046
46352
49490
34692
2710
16549
24945
37551
28796
48906
4035
47910
49040
25200
31835
253
44278
23076
47842
32641
16707
20624
5645
4765
1024
49656
48089
44363
11777
21083
33377
44488
42194
33353
20262
22558
26679
47366
37535
44087
20657
49745
14307
14311
19122
21333
20645
48160
5893
46718
28754
37257
48907
28998
5519
14253
31538
31556
48002
24426
44098
17033
41495
44468
30178
39956
47905
19986
49872
37945
4677
44098
48087
5672
9342
4665
48970
9538
21904
4717
18171
49217
3095
13028
17301
22585
22265
46813
34880
29042
16844
49078
40867
40282
36621
7722
33111
36621
1680
7722
39610
8288
32300
31816
9893
8153
20405
14438
2897
28796
6842
41510
25977
41845
14225
40852
6023
14251
21676
40852
2731
36739
6340
31589
36872
14621
32345
49550
49081
31347
49745
23413
38333
28420
46380
21769
22515
34851
49061
20304
47914
5610
37533
41008
2190
47972
32342
42608
37696
22644
2798
4217
28096
9891
18494
44213
27665
49061
46554
47905
33499
37693
4633
41116
39497
47366
38752
25405
32782
20443
49479
5522
40924
1904
26768
45367
14463
32846
41255
25366
4573
34632
46388
23535
49976
11286
20405
49492
40069
37688
27503
24491
13390
13028
13138
44463
28796
48925
9572
35369
1024
19726
8668
19122
29842
49082
41621
46345
6361
44463
40972
300
48002
31529
41480
634
40852
34065
40869
32510
48480
49884
22515
22263
46802
44517
49746
755
43388
42810
46397
8395
4638
20598
31571
27052
43690
5960
48906
7425
31761
26559
46379
49967
31347
46420
36621
31555
11934
20861
49038
47905
26733
27052
5610
38982
15386
46023
41495
23175
36642
16601
24911
22057
351
26991
3153
41944
20306
37241
2063
49941
48909
34334
27985
42193
27674
34156
41647
27725
42055
14325
23262
37255
38496
28262
19141
43692
15801
1527
37350
46557
2982
4573
213
40944
41495
22237
21494
1963
22255
8933
49745
30177
48923
31942
36621
40852
34823
35884
16467
49918
30208
4677
34849
6067
45446
1545
49993
49745
39525
25366
46379
11283
47392
19341
19122
27725
47789
21625
19122
22273
22283
35207
45258
188
5588
31347
3879
8737
31347
49476
42063
31462
22263
4507
42430
2567
36621
49994
26185
37615
29214
8365
44455
31415
7722
13786
14287
26679
19910
31347
46718
29134
49971
43690
49994
26691
27408
20573
48165
44098
5515
33111
34841
19122
386
36633
19460
17596
27504
48931
20405
15348
16622
16004
49941
8841
35047
49474
25669
38431
22756
31347
39610
7722
36621
48149
19975
46542
37543
47278
5610
49808
26718
7072
49745
10715
3815
48906
38334
47911
21223
3172
239
43704
25703
353
44278
2760
41940
3557
27593
12236
24300
12376
2933
14251
49872
8498
22559
1940
25366
27397
39911
38127
48906
19122
26100
31817
25724
26777
1963
374
49476
25366
46379
37404
20406
33043
47905
34765
38964
45681
4595
40852
49490
15581
38161
22681
48626
27035
49771
29370
44252
10018
49771
14298
49061
41525
26222
31347
8475
10462
41666
14686
3650
32024
22554
40852
15859
7722
41495
46379
6463
46429
15581
4811
36621
2282
48149
48925
43025
10291
46394
28796
43690
44509
22532
15684
47964
47417
46345
13312
16847
50000
38515
15798
37306
42194
44190
4573
10891
8876
40852
43690
46365
1742
41025
36623
43751
48099
23440
47784
33231
8671
819
17269
9888
5108
6868
9878
3198
14259
46052
44315
14424
13028
36748
16462
19903
16790
14079
49490
40852
13028
18649
49477
12189
48002
47905
22781
37732
49254
38731
41495
49964
5710
38746
977
48945
3275
47366
23531
9190
49997
39160
7722
25418
49782
27218
40852
1244
22867
8670
28535
15958
9200
46432
26550
7722
16876
49946
36531
41194
49872
9852
44126
762
20555
39477
44864
34334
44150
25366
28823
21589
28346
23831
46825
19304
36680
41845
13046
49684
1210
3760
34156
34572
2755
45437
47954
15726
40710
17946
31347
49474
26550
48147
16188
4791
46542
13028
22215
44802
36876
36621
16583
48889
16251
6676
38333
10963
19122
46285
12841
27960
19122
32049
160
14169
49040
49769
16994
7616
41594
44455
18034
46408
2292
21533
32914
33659
47800
11962
44317
26679
14008
10557
27281
36621
10473
32751
4610
16415
10892
27203
42615
27884
31571
4841
8055
44278
46411
2069
1498
44373
13028
34724
2940
49259
49625
6449
23985
48894
4225
31437
27252
5751
19416
10319
41052
46494
659
20773
9371
1389
46397
28321
42430
46498
21078
44662
8851
25366
31364
849
48127
50000
31347
19796
44098
23676
4390
1978
25366
38516
22530
41401
33376
27037
31347
17266
20337
4604
7797
40852
9895
6115
41116
11575
4198
46352
23596
15735
16055
47366
14429
10508
46532
37024
36621
38162
46388
7882
22263
5620
37578
36874
37410
49903
4432
37629
12969
22742
6952
32342
46051
32500
44876
15349
29322
15590
19270
49549
25708
20601
12098
34841
32949
49474
46937
38333
3108
19122
44496
21495
49993
36913
28631
763
46790
32064
8739
201
2815
48222
12196
47905
44701
17329
38515
32983
36819
49549
1233
4319
43690
15513
19122
49745
49549
4413
48978
49941
23443
38515
23586
38336
46379
31347
4573
46345
25366
8685
19122
48087
49028
35267
25963
46379
8030
27689
25969
46483
46846
41495
16909
31934
37534
47366
49997
12033
9788
22214
3042
34823
41875
46410
46542
15582
44098
22742
41502
28173
43190
40852
49745
46379
46160
41625
25992
43811
27279
48146
44612
15353
38333
1786
23721
41846
38757
16095
10318
5461
49535
1233
48906
17152
41247
20731
39531
33435
756
6980
46398
27390
13384
37648
4526
1217
13314
36676
46379
8095
32300
28231
37698
41959
50000
1867
2074
3410
37330
745
37163
6516
27739
44128
12727
26177
17462
9717
47143
26552
46999
33133
47905
47366
4559
46400
28797
40174
48934
11684
22789
19404
31582
48906
48087
43811
40258
4633
32175
870
48925
49976
31588
34147
41532
56
15909
43705
41480
49081
46474
2310
37607
1468
47972
47972
38866
31347
4
37844
13827
41058
8669
26756
36896
28807
1352
37646
49661
48090
38730
19942
44462
44508
49040
22773
48906
26679
41100
44463
32926
40368
23440
8250
10886
24537
39911
44511
13100
22230
1776
877
1206
49526
48925
31347
31866
15382
20715
44237
46355
48932
25373
19075
9996
49907
39957
32930
37789
37590
2269
562
46825
43320
31347
46825
39522
38856
979
47969
37533
33111
44462
15728
21556
26559
44172
29172
35458
14565
25366
14299
1363
37306
47789
9473
40852
40852
46498
14168
1822
48673
49884
25744
34632
28514
49684
4345
48111
43692
7890
21448
8853
17716
9895
48906
19186
3107
45358
14067
22263
44467
4863
19304
22777
22466
7722
4325
8126
34228
8895
765
5098
46557
9891
32468
31347
25368
239
49941
21890
39480
27654
44876
31482
12773
4157
47366
49659
12329
37380
36175
5022
44293
31347
28354
44099
48628
44166
25366
33376
37306
28293
49474
38892
33325
562
16441
48909
42430
31347
49872
49970
16425
9277
46596
43717
16334
32300
41845
46380
38334
29391
25366
9876
9900
46412
44461
44098
26139
2241
7722
8907
44740
14931
8456
5868
48002
44604
48906
37306
37054
33111
49993
19122
27685
37659
39522
48172
14167
19122
37211
7705
27665
17798
32300
6010
11042
48906
27974
37542
8668
5770
37031
46532
25366
25423
34478
19641
44131
44158
2578
10
23426
4646
38515
38887
47373
47911
44933
46392
2772
49301
32566
13338
25616
36622
44098
34033
7722
34527
16109
47786
40852
26550
48161
40867
28831
41502
41288
25953
49964
37251
39967
41956
47905
36776
41247
47785
10647
20310
37660
41585
43320
14152
27520
38161
4897
47578
49496
39974
10178
46483
47905
40852
37316
32924
33112
31347
46350
6642
33384
15606
47972
22263
21835
34352
1128
46025
2547
48909
4873
9667
38333
44455
49490
29134
31859
22530
44642
27669
41854
49554
3426
27143
40587
36621
46851
44098
19091
7722
25366
37251
5538
48096
48626
44098
40710
37533
49941
44253
31842
16926
43702
2240
895
25366
329
31347
33422
38161
17694
41510
46399
47905
44680
33376
48146
49549
197
14058
46729
28262
32649
44385
49476
25366
49532
32786
42431
32300
37270
49993
37316
15726
41117
49486
2663
38333
4826
49976
7722
47366
8668
41247
36784
40852
43259
25291
31813
17051
13028
3946
43690
47409
4325
49997
11162
4115
46478
25366
47905
23938
44098
34343
11981
34826
708
25047
23022
13028
49772
22907
47972
23719
10914
32844
36621
27688
37533
49797
26679
48979
3431
31715
44876
36748
800
48914
24621
13227
7722
41164
49476
36773
48141
44172
44315
36621
3474
27032
32930
43690
28428
13143
44874
11684
7998
36621
36621
41956
46542
7722
19122
13028
16074
36934
2076
16937
41507
5668
48922
44098
48626
39627
29893
15807
13029
28966
32386
37656
7969
40970
40975
36792
46352
36821
48911
37308
40031
49511
20684
36659
46383
49040
23457
40852
42607
25956
7391
38752
47911
20405
29011
9876
49872
49872
41060
3946
46023
49745
42430
44099
41122
36723
19122
47971
2712
41480
6662
47966
48134
46379
25445
21628
49656
13582
48835
43690
47984
22627
4595
33296
25669
41151
32464
31710
27675
49479
44098
276
37533
12868
2939
37665
39631
31001
48087
32475
764
5610
31347
31347
48906
41116
41116
15755
41301
2067
595
19902
37047
14473
37031
41903
47850
49476
7178
48100
2413
44149
1679
26129
28796
44098
5852
705
46467
49040
31347
21589
17368
37549
43712
7071
2564
47905
41482
40128
36175
32345
45358
6073
23719
33419
27253
44880
36963
49766
48164
48906
34528
46718
33111
36773
27507
33980
28999
15417
22869
1838
40953
591
1044
26557
27035
16334
8407
10643
1999
33980
16457
48011
34910
46825
19122
46464
3968
34632
19122
3515
25901
37297
37556
47988
38334
38736
36621
20566
33111
13201
26123
37110
45916
27674
8368
19122
49746
38336
19141
43690
2067
26115
48150
41456
22870
8479
36621
49476
8874
19122
38173
8668
19122
16053
19767
33181
31564
1874
36621
25366
44346
38730
49476
10886
37486
25366
7722
2248
46542
16435
48945
4660
40967
28984
21533
12989
4443
25699
22619
13097
46379
4156
16083
40920
22263
48944
47907
31649
41632
49994
44462
19123
32613
43691
27674
47979
28860
46379
49769
49061
49997
3946
22625
3435
44461
39911
19122
4603
2063
33980
715
42189
43690
44461
48891
35261
6331
41042
37656
767
4166
38575
26550
7666
13934
48090
19314
11518
41265
13827
27689
21040
32930
1679
49872
25367
49771
13028
44098
28806
33405
24156
49994
22748
10750
33445
38880
19474
43939
46352
32462
44098
47526
33495
41484
46542
14251
36695
2286
20608
26137
45261
37462
19129
14347
27766
23269
44098
23844
637
2238
49970
40852
46461
12011
4075
49490
47972
47969
33376
2564
6021
44153
8429
36676
10047
22533
31347
25366
1547
11283
40852
41495
20630
2753
49970
1679
49490
33445
49487
31608
36751
13028
7853
24448
32300
32965
40934
5601
24128
45231
25366
19807
16258
48933
43770
21808
46023
10062
49490
49526
33525
33325
36621
31347
26565
47905
31347
4961
46557
37534
39956
49794
6539
46379
37646
13426
13038
31347
40878
36849
8823
49526
36678
17029
39610
14432
26561
41079
46545
36621
30629
49890
5251
31347
44493
40923
45258
47969
46379
33116
20176
3341
36182
40953
26078
41482
46379
37533
49745
38176
40036
34586
41958
42020
11004
5639
37128
38341
1984
28552
47856
15727
39987
37313
9894
28161
10033
43691
31724
41116
49745
38351
7722
44510
40020
42445
4375
10686
19999
26557
39499
41492
26450
46532
36175
49769
15587
43300
32300
16336
37274
47392
47366
41035
25572
15726
46412
48889
24104
31347
21843
5519
9905
48938
21769
34823
27034
25381
19127
8219
1235
27254
49034
49976
25366
50000
25366
745
5519
49976
12091
20303
48889
46610
14729
14573
3164
17642
31758
4660
44680
19902
2231
43690
40852
47810
49081
28530
47988
27503
26020
44482
47911
17323
5365
48891
41961
46825
20597
49617
7722
928
9188
6734
47972
19135
44463
44876
46825
43691
15726
49477
29134
4047
14515
31347
19962
20405
46850
44876
9212
34700
29000
22656
48922
4331
17729
33500
23624
30412
17124
16825
47953
15080
44562
25366
37258
36621
20116
49476
44680
24911
21282
12173
7722
44680
20549
19122
36179
14251
9915
2062
1718
39911
49794
41419
14311
31826
2244
34399
6336
48087
16180
41978
849
29927
45358
31347
20759
4343
16846
39188
43811
23465
44631
12165
34830
4364
4041
29211
18486
43696
27908
34875
43871
44306
31376
26553
31801
1184
38370
43388
47914
49059
40891
46379
47392
34622
37013
31347
10887
37669
1734
44509
40190
17002
47789
892
426
46487
2244
3441
36870
31573
19895
41611
41667
9876
13028
3659
41558
31347
49745
8733
49476
4839
40926
31015
36621
20573
37295
29306
62
8618
3946
28796
46596
25518
49486
49361
33234
8494
19122
33083
31661
3758
12359
15362
7024
32352
21612
13028
20627
19589
48626
49794
1665
7821
32490
11971
41188
23014
42105
34527
41133
21589
47905
34631
34824
15726
47905
44315
18095
47366
40009
3431
16853
16681
41623
32566
37659
7722
48926
866
14251
25366
14298
37295
46557
45887
45300
49028
42007
21496
42384
35094
41303
47968
38338
21193
9632
7876
35994
23723
1958
9891
15
16713
39911
7722
31348
49490
49746
6776
21101
25366
42430
49872
31571
28168
22264
4590
49988
925
27781
4011
31411
49769
34697
46596
44514
22606
4062
4797
26550
43693
4737
38333
10292
20597
48099
46019
6206
48626
44403
8769
48938
1262
33489
34632
44591
31
40170
7724
43000
7882
28156
48692
46543
46345
17631
40873
26203
15731
7722
33416
44429
46532
44098
32395
44700
39476
49769
1360
41079
47972
4422
48037
48909
198
49490
35261
17119
43690
33140
28051
40852
31347
37695
43502
3946
12849
4658
46106
47988
37295
47800
48909
48626
41847
36739
7733
20615
49769
24738
5959
33111
36877
47907
19367
8668
14251
472
21538
44339
36896
13034
12193
33982
49745
43702
11073
44202
21863
48906
44680
47953
20187
15565
49988
17324
3616
34823
500
21873
49976
193
562
41421
5362
27032
49941
37741
26557
5519
40852
10885
2067
39911
26179
49872
48032
48146
2093
16383
46559
34840
1009
21589
7073
40077
33225
7724
36621
49794
14167
31715
12501
49907
34823
1666
28796
33289
37933
12737
2824
46474
40409
30858
16986
48090
3435
46812
19122
722
47905
25366
13034
32960
31347
49457
1505
42440
49745
13813
19122
38333
8793
40083
13028
32045
44509
38996
24180
14607
29351
34850
35045
30503
48906
37610
27506
44288
45358
3419
49361
4692
34632
5849
19916
9891
48906
23411
44257
40643
11552
40955
19122
23992
49919
41285
10701
36621
580
31347
48980
34340
8933
49002
27032
11321
24374
13599
655
48906
15587
40089
14144
37454
28796
49511
16778
44098
28395
49999
41513
49028
221
10491
20147
32476
44098
14470
37666
37298
36439
8738
1679
44466
20555
26207
25686
13028
18974
44069
3652
33562
47911
28884
21591
33734
2650
49941
9771
411
25409
27252
2318
49872
46562
8359
44468
25374
16621
25902
47991
41010
12812
31589
27207
32348
38211
19
11871
46416
33634
5519
24840
31347
20599
49606
42305
8405
8677
47366
6930
46411
44098
34840
9637
36621
34824
11684
3670
37700
40852
38333
944
48626
39922
22530
1384
44353
43654
5000
37295
41328
49769
47789
34840
47911
8757
5573
3968
46572
32930
47905
10738
1802
42789
6212
26205
44143
9891
49476
49490
46412
847
40852
20698
28532
42472
8882
13786
19617
24996
36621
30952
3975
31347
15521
49061
41253
5554
34657
10231
32464
42280
42435
48909
39439
11106
44098
41958
6972
46401
49490
5506
26550
26679
23027
28986
49746
49872
24921
48906
37568
38766
19122
433
15973
34447
4167
5010
15110
4143
16392
25251
42685
3424
23555
38917
18042
49490
290
34947
6029
48889
44138
49745
42060
48889
43690
42430
27503
5611
29262
3697
13028
13028
43690
14125
32344
46718
32310
41492
32300
22939
49361
34334
5514
19122
4373
20640
43690
31347
29384
36970
34101
27373
41296
28161
11962
48626
49474
49476
1225
44509
25572
43865
27252
9165
44278
49479
6309
47917
32611
33376
10284
37060
48087
4325
46718
44467
23571
49511
22907
6592
33112
40033
49979
49746
22801
44920
46380
49474
5399
41384
44680
7722
21494
6549
31399
21256
44470
49941
26108
33409
49476
40878
44288
49745
41079
48149
46379
26642
48626
19122
44172
38173
37534
42218
39705
34823
14005
49479
3435
49760
33585
35112
2063
32344
34343
49745
29016
19582
42433
28984
31347
38161
17743
16768
48923
27329
35148
47155
34495
48978
31347
37679
7786
48033
4239
13036
47963
45329
14445
46568
8809
39911
46345
19122
42273
2390
48134
33681
32489
41241
41481
46545
18324
1283
42643
27033
40068
33127
18734
47972
49872
29425
8738
9099
27664
41062
15726
25744
15923
44098
29144
10173
49872
44166
49769
38334
5668
2936
29482
13028
14537
46391
37253
43866
31840
42187
7072
7526
119
36621
46684
31992
46536
31934
43320
14299
33531
19459
7598
22530
43388
46384
36111
44468
48906
20300
47965
41845
25366
10775
35604
5968
48891
47911
25366
12145
33574
11712
46468
45358
38161
12282
31348
47969
46407
49746
5234
44909
43712
49745
41521
46542
37955
49535
8359
21589
42478
5915
49769
42555
27654
31832
44098
25366
39911
2238
34527
40009
26755
44409
39718
7533
44867
19150
46379
37924
31931
33046
43598
41343
36107
49103
25723
3706
13028
35574
28799
26894
9902
32464
1759
10282
9981
31573
14251
7155
37835
7722
20496
2773
34862
15726
24976
16058
29377
15757
26558
47994
8772
40852
41507
48658
28377
46727
23246
41491
47969
49254
49941
38333
36759
38419
6300
46410
19122
9891
31831
3435
49511
34917
16336
3946
1128
21628
27663
49745
49872
44929
46567
39485
41296
19122
36189
19902
28796
37960
36621
16426
4633
46654
13028
38730
32536
32139
2884
21847
41845
41140
4590
19176
19256
46474
45358
41480
45186
34338
11723
49769
47963
48002
47905
29248
15437
48889
49976
25488
25882
48922
5519
2252
14251
40852
20285
1363
46051
48141
14251
5661
42430
41042
39057
41042
38761
1679
396
36878
13029
36622
13079
29372
44957
49967
36194
41748
6747
23530
49769
36621
46482
39308
42451
33128
2671
26752
42445
31999
34838
11687
49477
16141
33111
107
37536
7999
47969
7223
13242
48925
48147
23846
44098
39488
12418
44098
3946
41248
25366
5519
35591
4705
32465
13028
34527
2224
8697
41200
49013
32961
6392
38610
46571
41233
46852
43690
21447
32947
5424
4096
39844
25366
7525
41116
19122
45358
14261
44135
46400
5668
25374
41042
40953
32300
16519
45651
2171
21590
33384
36621
44374
47989
46827
32747
48906
973
46379
31816
13028
45438
29218
2374
46571
43534
36739
37258
7722
40923
2065
37656
48889
23771
22317
30400
15437
25366
13786
15390
36770
31347
156
47392
10643
701
22302
46400
30180
44512
33075
46846
18217
6144
25366
44098
6382
44098
26550
36621
49538
48925
49855
41480
36621
10027
5619
8671
15716
8758
36621
43749
8776
37578
34933
17729
47905
31549
33111
47789
31347
49997
7071
40923
22263
48026
36621
23829
31590
33376
49474
37944
46532
41042
12323
32300
44182
38161
22656
5842
49976
3599
19606
2191
24996
7722
49061
39911
49907
5150
49538
48002
20946
10528
43301
13450
9945
265
30245
3982
2282
189
3856
45128
33111
31347
43545
6001
41850
44461
28999
1334
19122
26937
22294
33980
31845
32930
26518
31439
44876
49084
43397
46345
14254
40952
39476
46499
45359
27686
19122
23413
3240
16343
31571
49535
25366
46596
13465
9876
44346
47789
19123
49724
44350
21139
17623
4090
8522
31347
31712
48626
25991
14480
49549
34645
32931
34837
36617
44160
25366
39911
48002
49746
3946
41531
15368
48906
29014
40881
19815
35499
6491
11867
19122
14471
20684
42193
46465
36621
21627
15729
4371
36978
33512
21016
49100
46491
12003
38934
27586
5530
44148
16474
14277
32646
14315
41960
128
9786
26582
46557
22530
46388
32847
48480
37432
44305
26557
2964
49504
31347
41116
29546
16856
35610
34628
39610
46123
27032
47969
49794
46494
49013
18042
5743
19122
19469
41630
9529
46379
1023
49976
46736
8843
25366
17324
34312
8198
36330
37460
26130
36934
49535
37751
48891
44924
32983
25620
19666
748
22832
49549
20308
33409
36741
10666
34792
22703
23459
2273
46379
31878
4373
4835
28796
36896
47398
37306
4164
18242
301
29003
31347
1621
34633
74
47911
6346
48945
15878
41513
43725
49751
37013
49772
49477
13028
31397
4342
22328
37460
41452
1999
7261
38871
18098
49872
14167
32464
1795
46826
41480
48196
19633
1038
6332
26588
33376
46765
8668
27982
32369
19902
14251
17847
14298
49480
46398
7071
8912
37299
23168
5811
16426
27093
46494
31612
828
13028
32053
37641
44935
46063
46379
8669
3946
7722
19122
41013
44460
36621
25366
40852
25722
48925
42793
13028
14696
31628
40975
37054
28999
48906
5815
23995
11162
25918
48116
3616
20128
27549
32933
6010
49878
13533
25366
31529
22049
14575
6840
11719
43865
37018
8360
21424
34841
49872
41623
20598
47963
20408
19122
36621
36684
28624
29056
44098
49554
34823
47800
46379
20341
19130
6849
11564
41296
5841
8737
49474
29337
49061
20128
2318
29617
25366
47988
8781
1679
5849
48906
19609
38333
33411
44098
7917
34995
22631
32767
7838
37336
36895
42700
8677
37553
33415
48920
22875
43261
34823
44256
13510
46494
31813
33118
36175
44098
46345
3447
33112
13880
27591
37466
44575
10032
25906
35026
9240
37428
5840
33980
42430
49771
26509
38758
17573
41513
26691
5813
48889
36621
31929
21707
32702
36677
34840
20634
1237
27778
6092
25366
34377
41009
38759
34919
34823
44680
13954
13043
3238
49745
15348
37854
7722
38205
20113
8329
47969
22913
32394
2947
32716
31825
49486
44346
43947
36935
44040
4832
23477
47969
48945
2874
25366
45367
46138
33416
47789
3946
12317
25572
33986
47969
49028
14168
3028
33998
31347
179
4072
31353
47479
39744
32930
49769
25374
21597
34477
13578
1776
40852
45258
10428
1168
37538
34492
23472
49967
43018
32713
47905
49920
40852
48450
49656
34603
10177
34156
48906
48147
9329
36899
21121
44400
4321
17958
48027
44802
48891
36506
1592
44098
44461
11002
36298
36748
25685
32595
48925
49535
1996
10539
33376
19170
2626
16535
38297
36748
44461
48141
3324
31531
19122
37081
29014
49476
23813
8762
38163
19122
31365
19902
37920
49476
36621
31576
30179
47367
50000
590
46718
27674
32493
34447
15726
17029
48891
44463
4226
34921
36785
38515
47969
34920
8671
46051
3946
3325
10164
47905
3979
15726
3946
10899
31882
46394
31347
44153
40673
22844
33397
7706
7722
36621
23588
41042
13028
25366
5345
13
6254
36645
38330
33411
48087
44511
46567
42430
7571
41116
5668
37955
32335
41054
31655
16767
40852
44874
31529
14252
12985
625
4360
41480
44319
29165
49555
49718
48149
31902
20176
31866
47392
49745
47964
37561
43397
12149
45563
25366
13790
27032
34861
15270
47907
31929
5430
48161
34682
5521
3697
43222
27032
42155
