5000
3332 4986
2101 3484
1142 518
2190 152
359 4872
824 3787
2525 1946
148 3424
796 3219
4130 4713
1979 4318
2539 4584
797 3579
2318 2722
4343 2337
3783 1037
1403 3730
2958 974
1491 2720
3690 1054
125 462
2808 2226
3671 2549
3384 1473
3275 3143
2631 3025
3576 659
2879 95
3294 2103
1791 484
4643 4099
750 2584
3808 187
3584 854
1427 4641
4267 732
464 3456
2741 3805
2113 3373
1999 3801
789 4415
826 832
591 2914
2514 221
4448 418
2012 1503
239 1690
3664 841
2674 1119
4117 247
2921 1228
4788 614
1315 2090
1975 1002
3534 4809
823 4797
3865 1396
4544 486
876 4005
3534 3986
1826 2560
228 2354
3057 3085
3353 1088
82 3368
388 2298
2327 4394
834 1972
595 2829
4510 4352
4850 3754
3096 4998
38 3728
4942 4547
2404 4022
3244 3547
4875 2073
2810 3830
2461 4281
260 4889
1629 1186
830 1030
4817 4249
827 1163
539 1070
4050 2832
3985 3480
688 4865
2361 4077
993 1213
2325 2596
1070 2691
690 1817
4977 2459
2076 4209
430 3155
2137 2359
353 2750
827 4062
18 300
1259 1104
2297 260
2768 2554
183 705
3595 1270
3602 1290
3921 4388
2959 4756
4062 1411
3730 894
164 31
3365 1242
2071 941
1340 2353
4161 1952
409 691
346 2319
1966 4243
3139 4213
2922 1905
948 3979
1058 340
2964 2212
2768 1305
879 4552
419 1599
2401 248
4172 771
2210 2921
828 849
207 4582
3665 2475
163 4070
1072 2332
4729 1415
1358 2136
4058 2984
3377 3933
3880 4614
2234 1401
784 3595
1563 61
2270 3396
4146 1722
2969 1360
2459 2149
4694 1256
4035 1734
926 358
2405 4026
1343 3925
4050 2455
3696 2156
4916 1834
3541 1499
1168 2578
3504 890
1994 1517
259 1980
4554 1710
2626 3046
2705 3757
4514 1491
144 1281
3884 784
4112 940
3666 2523
1578 3444
3189 1318
1299 3660
982 2276
3325 2627
2836 2662
3567 250
3294 949
3224 4273
1368 587
4179 1096
607 2767
3483 2219
4147 2642
3219 4481
2869 3386
2536 556
2735 1158
3906 1606
3900 3859
512 2367
3435 4395
4366 1707
257 836
584 4071
4685 4432
3043 2572
59 4458
3486 3181
4803 1116
1952 2281
3525 3113
982 2785
331 2702
3813 2025
4736 2868
2334 2715
4239 2288
2708 2482
4163 2200
4336 2743
4085 4601
2691 3794
439 1641
1143 3866
3383 4871
271 3005
3818 2247
3260 1399
3922 2259
761 1098
137 3289
3493 611
4935 2130
4594 4985
173 202
3053 4483
2251 19
1389 3766
1337 4630
2614 361
1498 1932
1700 236
625 644
3979 3889
1480 1218
1573 3158
4420 1445
2695 3202
495 3856
4452 1854
183 1751
3010 4746
1019 4902
2788 1899
3993 1992
1097 2761
3813 1051
4896 3710
2859 1427
423 4215
1190 4494
4456 1032
3698 3684
4908 2121
3762 3105
3928 349
2014 4880
3900 2835
1626 1867
4068 33
1789 3813
2266 3411
2339 1544
315 4295
3989 2568
1074 909
4636 2035
3176 3821
3784 1381
2828 112
4935 3435
2948 4648
1457 188
3058 2031
4479 743
1649 4555
1449 1624
3826 647
2022 984
1655 2401
975 1386
3247 1287
4734 1689
3411 4810
4324 663
497 231
2793 1732
2525 2346
277 4988
2624 4564
599 896
1524 1858
2497 2788
3810 1647
2971 924
1537 1026
3294 302
1896 147
3599 4742
1573 4231
4820 4439
3589 1315
4672 2153
212 3997
3275 4203
1641 1093
1605 3789
1928 2831
4569 1100
2609 4265
2251 498
4138 2174
4550 4990
1225 4473
3544 910
888 989
2100 1857
1772 1622
2052 4795
4937 3354
4994 4569
898 1477
3383 3483
4052 497
2443 1809
424 4338
4185 3835
716 4205
4780 1510
2156 4750
2306 310
2964 4291
679 3506
529 1755
4294 2865
4424 478
955 4219
4020 741
2245 4037
1907 325
1789 3272
374 2304
4236 1344
4522 4361
1474 914
3240 2239
4965 2487
957 3926
3474 2348
1524 194
2852 3087
2762 2216
4583 619
4267 3423
2060 1862
2273 634
2360 3689
4189 3909
4900 1784
3628 2123
2276 1387
4030 723
2292 4421
1337 1357
983 2915
4022 427
1348 3871
2886 683
891 2595
4982 53
1037 829
250 4381
94 101
453 4137
2435 1441
4062 4596
470 2784
3783 645
1316 1468
164 2102
3458 3706
1626 3750
1694 2032
3066 1455
1553 83
2666 1659
4610 1610
187 3636
4087 4230
1325 3096
2962 4562
4357 919
4744 3890
2837 323
2784 3963
2300 2614
2005 2372
2476 1494
377 4906
4407 899
3056 4573
2939 4974
2828 3469
3532 4932
3526 578
1557 386
4160 3792
432 2959
2309 2905
929 4782
4821 3832
1543 1553
3988 4578
3699 1471
4544 4781
2216 3902
436 4063
4980 2609
3736 2698
2012 3722
216 967
2042 4210
1971 2520
4627 555
4168 1676
4782 3796
1930 3735
4359 617
3919 4683
4744 1586
980 4489
2593 2982
1025 4313
3074 2446
559 1008
2068 4199
229 3992
3240 329
3628 4423
581 987
1058 1077
108 2511
4673 1746
4208 1184
1694 2890
3915 893
1031 4647
2537 3523
141 4776
688 166
611 646
1374 4115
2161 374
3071 571
980 1759
853 4177
4706 2800
4949 137
3868 3700
1107 2077
3541 3458
498 3017
3348 3517
3880 1613
4936 1109
1740 222
2481 898
828 2010
917 1284
839 4309
3710 3019
2210 1774
12 537
3365 1898
2619 4512
4466 297
2686 1542
4710 3385
1138 1736
4520 4590
4105 582
3285 2697
3774 4183
108 2972
4554 690
304 2945
1142 4056
42 2884
25 972
4518 3698
3353 1960
408 2710
3742 1564
3177 1634
3611 3658
4100 2361
4453 4443
170 2028
430 2057
3326 2320
268 375
3353 2557
521 3492
2773 3596
4982 2075
2946 4930
975 3903
718 1347
2860 720
65 2969
824 4882
4759 609
1358 2555
1061 4182
538 3761
599 4492
477 4235
4155 4525
41 3577
1389 1949
4357 2617
3279 4597
4656 3953
3199 3393
2851 4105
3036 4824
52 4737
1718 3736
2197 2847
2556 4223
3500 22
2636 4345
3377 2120
335 3359
2500 4929
3109 4628
4872 1747
4456 3578
1665 3687
1050 3462
4448 1947
2003 1669
1143 2012
3498 4006
4353 3870
879 3043
2602 3648
2291 2213
1523 3192
573 947
3785 163
1251 848
4160 4649
4643 3042
3087 4876
4146 4725
1629 831
2657 958
928 2641
773 3500
1958 1174
1074 2954
3890 3063
1006 2874
129 1901
3762 2804
2404 675
2667 2515
4605 510
48 813
4061 1394
888 1493
2291 13
1965 4477
4908 2033
1035 1178
3062 4250
4186 174
509 3065
2045 2432
1832 4504
4721 2470
3088 3138
1605 2814
3936 2271
2994 1666
3434 999
1895 4061
3197 1954
59 1643
1154 2671
3480 855
2859 4482
3714 1597
4916 3522
953 559
3835 3620
3458 4954
4524 4722
2200 2211
3003 3714
325 1462
2922 2429
1984 3178
3762 3325
1905 2302
1945 2660
3490 3231
4944 1060
1417 2600
3895 4154
2868 1367
1437 3261
1510 1950
2323 3338
820 1320
4638 4668
505 4302
1579 4818
3728 171
4759 238
985 3538
3417 3211
1428 800
2401 3173
4980 2420
3101 2417
3787 167
4852 3335
966 4700
1337 1366
3174 803
4112 2894
334 1876
4729 4370
3767 2072
330 444
1335 2227
4477 3543
2224 1169
205 3204
4194 4466
3219 1241
1505 4761
4955 1327
4435 3084
3134 59
1261 57
1564 3836
3602 2084
393 4319
922 2848
2814 2678
1006 3050
793 2435
3163 2824
4146 4676
1868 1762
264 862
1549 1512
3998 856
4510 115
2862 2996
3997 1692
2364 2880
4006 3021
4766 2845
2043 1373
4282 3808
1926 1072
4965 3634
891 2928
2211 1840
1370 4544
3945 2655
4969 878
1834 1818
3746 2649
4836 3210
1377 1663
3427 3028
1564 995
1768 4290
3968 2794
3242 4252
4699 839
2561 905
4777 1575
3588 4379
1985 3865
4098 3016
1809 2352
1337 4342
3303 4768
4600 4786
4907 1939
2594 3319
2596 714
2648 3815
1638 217
342 4540
4744 3589
1546 601
3130 4787
1189 3702
1497 148
3184 274
3024 2977
4346 4245
4730 2827
1357 1122
2096 1062
4504 1454
1825 3713
3345 2268
3859 1632
2878 4611
4442 18
1962 282
4165 3406
795 2065
4977 1664
4691 2803
672 934
4688 79
3511 952
219 4030
1010 2948
2808 2086
2525 487
3223 2240
4950 567
1443 2370
551 4233
4552 1561
700 1416
3219 4262
4510 4545
1251 4740
970 3851
1441 2647
1367 4948
4161 2366
3014 793
4223 602
1462 4018
4704 625
581 2364
1897 1029
2305 485
238 3184
3766 3944
777 3093
2585 4655
559 2070
3065 1615
4328 144
4649 2326
3975 2425
199 1221
4366 4113
4582 4560
1831 2029
866 2225
1357 3701
4166 4459
156 3048
2118 267
2691 3915
937 1294
1506 4967
1755 197
2680 3176
1913 2940
4703 1709
1890 1539
2076 3067
3586 719
4925 1103
3798 711
1831 2374
1083 2882
4745 3861
2900 1733
1715 4702
4582 1660
2665 4357
2689 805
3053 2177
1269 3298
2093 1166
3397 4305
4916 1803
2833 2919
99 4467
3279 2943
1689 264
4656 2447
3915 1595
3545 4377
726 3129
1560 3397
4785 2495
3298 1502
420 4344
4651 670
1162 104
1708 2481
986 4036
391 2618
3726 1198
3176 2179
4878 2604
255 4667
3721 1955
1725 1671
3138 4476
4426 2896
441 684
4691 2606
484 4927
483 888
1186 4463
3556 3464
2963 606
2431 3163
1177 586
245 2452
240 1049
4130 3719
1492 4681
1457 2039
602 1576
759 695
4143 1547
1619 1850
2351 734
3556 1094
1215 2528
3682 4806
3567 4860
3407 1146
384 2877
2248 4577
4017 4220
263 2733
1457 2826
4271 740
2666 3284
4373 730
4460 1250
3248 92
772 3226
4381 3894
3688 4078
1824 1040
2639 920
4592 4410
1896 861
1999 948
4588 56
1623 2468
3677 2454
2583 2128
1240 4627
952 2054
791 2893
1836 385
2517 922
3606 1193
4872 1196
2084 4065
3079 2764
722 2034
2690 3240
137 494
3149 3245
3420 3946
1583 1014
3031 4526
403 1259
3135 4767
3972 1452
896 3125
2459 993
387 4691
3265 368
1675 4733
4677 1993
3656 2087
2000 3705
1153 2341
2619 2096
2932 451
3570 2981
3679 3052
3820 3238
4444 4422
3949 32
420 281
2676 4945
3858 499
4887 201
26 91
4435 2849
1736 3952
1070 4126
2247 2430
4520 2441
2305 4460
4460 1963
4294 1556
3878 5
884 2311
572 4807
3113 4155
1115 2113
4025 2438
3802 70
1708 3869
278 2330
417 3936
4327 1271
263 4637
1928 842
1919 2651
4328 1749
131 1075
1983 874
2044 1776
1562 1981
2895 3300
4357 1167
1461 2534
1315 4665
1684 988
4766 4280
1548 2209
1282 4142
3411 372
514 787
2386 3024
424 4375
1097 724
2718 4542
3311 1156
593 679
3924 577
1562 2220
2689 4650
3998 4574
4192 605
3657 308
1299 4605
3739 122
3358 1474
434 3380
897 4419
1450 429
486 1155
1284 4977
2587 4723
3910 4523
4205 2663
2755 2834
4801 1249
1042 3874
3933 2873
2266 1609
1277 2621
3000 4116
865 4131
4957 1154
464 1233
4671 2161
3565 4138
1342 3166
2947 4145
1187 4717
2698 2648
1726 4669
4060 1957
3350 1679
935 1826
2661 553
3999 2040
28 153
4239 4454
883 2363
2327 4139
1638 1509
3638 243
3703 411
3651 4259
3282 136
3040 3985
3546 4870
1974 500
3728 3149
3115 1990
330 508
1913 3906
4376 533
3895 4325
1991 4331
456 1028
138 1788
2934 1439
3624 610
133 1266
2401 3216
3203 46
4743 1461
1095 2664
1587 3496
1342 1285
2948 3552
1651 193
3280 4297
1398 1811
2923 781
2973 25
2431 4066
692 3810
2407 78
2286 98
2200 2782
3268 1604
2581 3089
4982 1048
2499 1639
1772 364
1850 1684
2249 1297
454 2310
678 1295
4328 689
4012 1801
2825 348
3342 3493
315 2937
2435 1498
2792 3922
58 1683
3050 1514
4073 3948
1537 3394
1699 3571
3231 1594
2936 382
1438 376
1330 1385
3820 2473
2743 1986
3340 44
3743 2838
4486 3479
3096 2182
4403 3252
3941 3892
3493 4697
2160 4306
4821 2362
374 414
4063 1750
3049 1916
2285 3142
2666 1255
1713 4941
735 2342
4301 1566
3412 4193
2236 4769
2161 776
1572 4853
4662 1348
937 4260
4197 2774
782 4165
1622 2210
988 1837
1336 2351
4179 24
4945 4029
4916 2312
4361 333
3257 932
3624 3977
902 1149
1304 2770
1176 3321
1798 1225
266 1397
3021 2045
2575 3509
2012 978
2118 843
4891 1524
319 882
4475 665
897 2403
4554 303
539 3613
228 1910
3528 180
2677 685
4821 135
3694 596
4872 2299
2821 4890
4114 960
3783 541
703 4585
2631 3102
4324 4202
1007 477
807 3965
4588 3390
3541 1336
253 3756
3308 581
844 2094
841 2313
2588 1940
4756 4490
2330 3431
365 2676
2273 4551
4977 398
3098 2693
2762 503
1029 1994
1770 595
4233 3731
2032 2396
545 4324
900 4317
498 3436
1063 219
579 1569
1058 726
1043 1681
3489 2063
2582 4100
4643 3148
4192 3203
4282 2531
1821 3699
2991 2597
3469 2309
433 4607
1955 52
2811 4973
3260 3680
3659 4187
4482 2053
492 3510
2177 1530
128 1436
4051 2518
4842 1429
595 1868
187 4108
1788 3029
1684 4148
1718 2645
2330 4362
3393 1673
239 4803
1061 292
4155 844
2347 4431
771 1488
3112 2382
1530 980
579 2343
771 117
4680 4087
2500 2387
600 3999
1370 1279
3071 1263
3385 1884
1251 218
1817 3572
4766 441
4600 4522
2941 1194
3672 224
330 55
4343 2633
42 4699
144 3273
3728 760
2354 718
2950 1422
1563 335
1350 3099
2679 2106
3121 1866
2503 227
1856 3374
1439 320
3319 1418
2118 3674
2618 1101
4073 1813
4553 3740
3195 2132
605 1351
3848 3213
2148 3232
2421 3993
1633 4355
2085 2055
365 4383
3283 994
4286 1288
2091 2280
3192 3450
4827 2252
3567 4175
3256 4343
3808 4975
2615 2381
4849 4271
1596 3082
759 2421
4378 3094
1035 1265
2318 4571
1342 3638
2516 990
2363 3954
4663 442
4110 3218
1924 1191
4886 3499
26 1025
2568 399
4267 2916
1698 4013
4803 4081
4818 431
144 3978
3367 4777
2846 50
2666 3165
1031 1185
4624 1985
3319 4034
4294 3041
1214 657
60 4264
3824 4000
4169 3899
1387 4371
4319 2004
3961 388
4680 2104
1558 2830
3959 3649
2811 1536
4762 575
3408 2264
2777 4538
4045 277
3683 4543
834 4253
4381 76
2461 1629
614 4588
670 3759
2324 574
4420 3969
2696 881
409 2018
3774 189
936 2961
2543 4811
3575 3137
4509 2623
1511 1936
2308 1880
139 4658
4666 1192
867 2920
3097 356
4836 142
125 2687
545 1377
1995 4171
274 424
553 2740
323 3881
1899 3475
4768 572
2933 3305
4296 1919
777 4484
2981 4587
565 1934
3294 276
809 1304
3329 400
3944 520
3169 576
4167 3914
2127 422
2866 4900
2003 343
3664 4385
4409 1793
1337 4064
4763 1670
753 2266
1929 1123
1230 3296
2124 2960
4558 3062
2829 1909
2574 4358
2048 2449
3090 2951
263 4289
2431 4493
237 1883
1621 3007
3802 2932
2762 4150
1684 3036
3138 3508
154 1600
4697 3293
4999 3151
2984 4282
1506 4866
1825 1724
3079 3352
3955 1735
3421 931
2050 4416
4349 4159
2114 2864
4216 1289
1407 3418
3550 3014
14 758
1261 2933
43 2139
4452 1400
138 176
3010 3671
211 2677
1768 1984
3227 1541
4194 850
856 2529
3954 3180
2318 155
1719 2970
3816 65
3229 1384
115 933
893 4934
28 4780
1441 2711
2371 4636
487 603
4485 4164
3490 4887
3151 457
3210 2737
1093 2507
1154 2673
1156 2193
4734 951
2779 2666
1026 3266
1153 4292
3434 1904
2950 3895
2770 721
4714 1144
4781 3104
2012 2168
3135 3256
3601 2141
1588 1823
49 4732
250 1989
4268 3191
4660 2236
3057 1150
1156 3751
2539 1686
2567 410
2117 1486
1602 1005
522 926
4380 168
3930 4060
2615 867
1483 336
423 942
4371 2476
4588 108
1031 3267
1575 913
3709 3928
916 3820
3268 2815
3790 2670
3722 3609
92 3316
5 449
1628 4694
4522 3262
4898 4675
2582 2263
2733 598
1480 667
3949 124
668 1838
1113 4314
383 1518
3514 1694
4365 4498
4435 3525
358 745
475 1657
3478 239
4234 2190
4970 822
1178 3562
1613 539
4435 271
4605 1309
3250 1873
1482 1277
3874 764
707 4323
1699 4307
828 1753
3502 4068
4920 4996
2608 1959
467 4919
4964 493
735 2389
362 1188
2626 2074
324 3247
3728 2261
3070 403
4922 3652
4326 751
805 1222
2948 351
490 1453
3784 3623
2400 1723
1792 1082
3059 654
3342 2854
233 3221
31 4995
3326 554
3088 3175
293 4613
2782 806
4782 3798
3144 3570
3300 3723
4610 2279
2497 3437
4926 3582
1148 1860
2749 4465
4295 2221
1496 3627
4773 4129
3775 3263
2773 4966
1602 436
2607 4147
579 354
3927 1917
3602 4808
1101 1442
1137 3927
2820 161
2643 3330
555 4267
2761 662
1391 2762
1114 3088
3528 3590
2362 4535
1850 1187
1641 4337
1304 4455
1046 4174
2403 2859
1226 668
454 3472
1567 3877
3187 2567
3283 3034
4736 1607
2654 1079
4030 3663
4607 3885
2033 4916
3337 4403
3965 355
3568 3721
4098 1897
2216 2471
4651 4046
406 384
3278 3476
3489 707
2163 1964
1716 3617
2023 4983
1694 290
1671 3378
104 755
763 2683
3924 41
1490 3518
2799 2243
900 2899
619 2404
1461 2988
2018 2545
4985 1168
725 1778
1327 259
4048 4912
304 3534
2089 2652
775 3791
3445 4073
2912 1134
1291 2823
4899 121
3949 3164
2771 2066
635 1568
3504 1578
1880 1223
3353 261
3943 3526
599 3807
1126 4963
4491 2909
1791 1459
259 2253
1090 2477
3509 1114
294 2145
3049 608
4806 1961
157 4877
2424 897
4063 2661
3017 2501
2012 750
2276 3274
2696 4686
2672 1043
3423 2922
4189 528
11 2818
4691 4707
1638 1024
3929 3857
219 759
639 334
1947 4380
1599 3584
4324 1869
1343 4181
2822 1835
2152 4356
1540 4631
1523 4217
2732 2962
283 1489
975 2062
488 4775
3444 120
315 4376
2633 4448
4069 1319
3124 4409
2959 676
3296 3291
1029 3513
2529 2371
4236 3741
3490 1903
1260 425
2672 4121
3971 3199
855 562
1162 918
1414 40
3047 1822
3236 21
1267 1180
3298 501
303 548
3814 3645
738 4438
789 3737
1042 2503
2706 591
2203 4842
1215 3592
2178 2393
3055 4911
3992 2650
519 4405
1043 1713
2161 4156
3950 2092
4451 811
983 4678
924 3695
1819 1591
4458 1787
2983 2386
2742 4086
3097 2886
654 2817
3855 4979
334 3243
4168 552
2103 673
1159 3363
3964 2892
1282 1532
1470 3673
2405 1976
4050 1628
1121 1335
1918 2863
4371 3528
2946 3401
4268 912
2417 1406
3058 1023
4418 1719
279 2613
250 4327
4492 3694
3766 2047
4934 2674
3981 1374
2409 3205
2913 4117
4992 810
2061 4794
2594 1933
2546 3558
61 1843
2778 1616
356 192
3193 3404
1254 3490
2761 1693
4801 2155
2885 1507
4164 20
4002 2088
3624 12
375 3972
3869 4184
1783 1687
3330 3793
3988 4901
4579 4004
4257 2391
3563 757
1968 3201
4215 2907
3354 4909
2818 4938
4401 226
1763 296
4234 3632
3874 946
1092 1997
1511 2533
3444 1513
1187 3312
2272 3343
2852 1685
306 1205
3588 895
4343 1521
1189 3313
4408 4114
2233 809
3710 4591
3201 3532
2010 2841
707 4221
3169 4609
4920 808
3484 1792
806 2423
2534 590
3332 4310
2499 86
1701 4953
593 3583
3558 3091
2533 2357
4937 1642
4745 3696
1658 2442
1506 1559
1739 1212
4926 834
4138 1807
839 2118
3030 4104
1625 3353
293 4690
2225 3867
4668 2410
2231 4315
4806 1695
4108 45
4161 1630
2726 1316
208 3347
16 4752
4160 1523
2626 107
2177 3955
61 2902
2506 4619
1829 2656
3809 1296
380 1827
274 2950
213 3943
2023 2631
2045 3057
2359 708
131 2037
3588 4151
2040 3742
4435 3364
4386 2955
3937 3712
1138 100
2147 3414
4509 4592
1241 4353
3115 2616
2941 2910
2585 568
4996 3157
4982 1332
1720 1404
4895 3717
4838 4513
2972 4952
4734 2052
4799 2968
1303 3591
4520 3975
3898 392
1754 4200
3139 2203
1010 4444
2535 1022
530 700
334 3995
3703 2181
4904 28
2963 3031
588 4009
3318 1068
2456 1033
2158 2766
2030 3185
1730 1579
3163 1731
3656 3023
4357 315
3015 3076
3762 3561
1749 996
1637 2324
3652 2398
2708 256
3270 1582
254 1409
1661 312
1182 3275
730 2966
3669 4462
2590 1433
4088 1173
3176 3448
2252 2643
3212 4729
1133 2696
3629 4826
382 1995
3888 4204
722 1799
1507 742
584 4058
470 1928
4185 2014
880 712
4405 1125
4182 4134
2207 1545
4950 688
1316 3962
3601 3002
4226 2547
2983 4821
3624 1041
3832 3132
435 1846
4955 1217
2302 289
4925 337
3196 4263
2172 4520
1142 1924
3281 929
4768 521
3034 4497
3972 3747
47 2217
2029 17
3916 4886
43 1219
4559 656
176 852
1752 2235
3077 3110
3170 4149
2936 4225
432 4993
2127 3150
3852 1853
1776 2497
1129 3010
3192 455
939 3607
4288 3539
1563 3334
3393 480
4908 2187
213 3896
1448 4735
974 3283
3674 2135
1403 1447
728 4657
2426 251
4850 2415
370 3994
1980 2444
4301 1839
4109 1282
2615 2946
2418 1861
3658 2541
2869 3664
2995 879
2499 4926
4242 1286
341 950
1125 2355
4523 3322
3505 4276
3034 2272
4983 2965
817 4407
1046 4950
1010 272
3288 833
544 205
1559 860
2026 118
4196 3339
2120 2257
2101 1073
2888 2524
3713 3504
4650 2544
1344 1210
4523 1325
1340 1531
3112 2385
228 4373
1189 4502
4843 725
2096 1251
2918 1894
2145 4751
1701 4935
303 3156
4392 3235
142 3961
4268 4843
2377 1097
4621 1760
3840 2605
434 464
574 395
4883 2927
1845 468
1907 4956
1712 1721
3641 3144
1573 1765
4840 4580
955 4955
1077 4693
2597 2147
1357 1183
1701 4048
3929 592
144 262
682 2822
4091 2196
491 2998
2861 2133
4993 3098
1280 4092
571 2413
2561 4364
396 3498
3631 4474
403 3708
2890 3770
4243 3146
1331 706
4499 3073
4088 2869
3569 1165
4204 540
3075 3947
235 4857
795 4554
2969 660
785 1977
4411 1009
2071 3945
200 4964
606 1739
3846 1849
2648 4801
623 3527
4866 3651
3408 1466
3837 3581
1810 3970
966 367
3663 326
3415 715
330 408
269 1881
999 4893
2886 1467
4770 2778
1422 957
3350 4341
2078 4365
1021 452
1080 840
3192 1728
2052 4075
627 3006
1700 2277
1658 490
4406 2590
262 2301
1631 4793
4959 4229
4821 677
459 2460
1743 4173
4552 1944
2828 807
2163 716
4746 4488
3186 1485
360 772
250 378
37 4873
269 3879
4887 2308
2542 257
3896 4122
504 1204
2829 2143
1537 954
2743 3724
4489 3956
2619 2639
127 2422
1907 3655
3573 3120
4446 210
2974 2625
2592 4999
52 186
3953 341
3522 1239
1398 3310
268 3974
3002 2571
1903 88
642 4827
319 1714
2836 4411
2403 3250
2474 2741
251 126
883 3229
3896 4881
3976 1349
2941 4095
1395 727
1813 4072
4193 3037
3081 1814
3934 4172
2597 3565
4922 2629
3848 2808
2182 2517
3890 4783
3770 4593
2030 2570
1549 185
1464 1410
4248 4921
838 4328
4673 1795
227 4835
4144 4666
911 923
3112 1782
3858 655
3851 3771
625 1511
4802 1238
4403 4685
2851 970
1575 1311
1619 3072
325 2587
3222 4487
3493 4784
3253 4757
4054 4516
1361 3941
2172 2245
184 4703
3528 4615
2525 2999
1858 3419
547 907
2930 2282
3121 1761
2155 4894
2252 2493
775 4620
3638 3535
3586 3765
2299 4677
1108 1973
3548 534
3630 1369
2986 564
1845 3038
2408 1064
1696 2561
2458 3666
2565 1697
1597 908
3275 199
2025 3990
2182 2405
364 2265
1490 2897
2031 3964
4729 3900
998 3875
1706 1708
4636 3253
1104 823
2558 1339
644 4442
3456 3440
212 3542
2446 4896
1438 3811
2908 1053
908 709
3151 1358
2201 314
417 3512
4068 3567
738 703
1565 2098
4418 3377
3824 2853
4396 4130
4133 1243
60 3549
822 1534
127 3465
1511 4428
667 2758
3914 2110
299 3337
1429 1145
1511 1654
2266 4644
3972 3336
3997 2260
1119 4608
1272 3160
4900 2067
923 66
4720 3351
130 2081
486 3302
674 4239
3185 1922
4899 345
798 350
1615 3384
3176 4425
4203 1118
2419 2414
1907 2076
4981 4987
1359 1272
1789 4507
1296 3101
3635 3309
4782 2653
999 4284
1959 3054
588 2373
3418 3767
3101 4670
1800 4053
4397 2992
850 263
3309 2492
3239 3715
2094 3190
2678 476
2229 2942
1359 1036
4387 2419
4900 4340
3194 1055
3123 324
642 4222
791 4965
4987 4378
619 2542
458 2772
1325 3959
1831 1019
1176 3887
4418 3117
3348 2458
1583 1998
3657 4128
4554 1969
912 2707
3001 4819
3200 1230
4497 3817
1983 2938
3493 2675
3916 26
4179 2291
4522 2115
4304 116
54 1248
447 4618
3775 1389
1367 4530
954 599
3299 1388
167 2668
3146 4639
1622 2461
4850 816
2911 4622
2383 880
4843 1911
4669 4913
3997 3009
93 446
1993 3996
4873 4367
1875 305
2516 3917
178 1013
3897 1619
51 4351
3691 3081
3783 4141
1796 1067
2200 456
4293 4858
4698 513
468 3951
4290 1888
514 3560
3716 3225
1666 4875
2137 2689
1442 3429
1095 162
4109 869
673 3127
2624 872
3837 4982
4298 1039
3256 4232
1742 4212
3611 1540
4777 3443
3563 1479
4551 511
481 2478
2925 2231
475 2532
2952 3430
3790 3230
1116 522
2297 2462
4798 2872
3900 3116
814 1596
1692 2431
2219 2202
3223 4025
1172 624
3226 1819
2059 4856
2478 1363
1666 4144
10 2974
2308 3670
1137 1181
4927 2787
4296 2091
2612 3197
3679 4635
387 766
673 2465
181 2360
3917 1863
2233 669
593 4457
1037 2451
3014 3356
2498 4347
4030 4606
2431 2562
1775 2573
212 692
626 357
4733 204
4482 749
3052 131
838 110
1544 1353
1449 2626
4266 3427
2240 997
2741 1460
4048 2171
1242 3998
1402 2857
4828 1886
2798 3128
2786 1756
200 3186
1172 1159
1035 2126
3854 317
4349 3864
208 3785
2304 1438
1755 2887
708 2107
957 982
108 613
3134 2289
4236 4521
3318 674
2690 299
878 847
4569 627
3359 2124
3417 4925
2546 1301
2271 4823
2342 3545
4265 2344
4774 1882
3711 2593
3689 4638
506 2558
4991 3278
1206 4301
1899 331
2091 973
2330 3745
101 4269
2697 2816
2014 1199
4943 1007
2922 4186
1449 2871
3513 1533
360 4391
2761 2994
2216 3855
3275 283
3862 3913
2607 1829
234 3949
2091 3784
3573 3060
141 3647
3192 1310
1722 2500
2533 4011
3786 1770
4241 2773
3813 3777
3243 58
3852 3661
3112 2610
853 4836
1769 1224
599 4796
2324 1487
4579 825
3567 1458
2193 3524
539 4739
4324 791
4874 1099
4141 4804
2102 3675
902 15
1337 2995
4425 3461
2859 1126
2692 438
2660 223
1615 4446
3596 3893
3665 1395
1101 1203
1829 2744
1845 127
4810 2779
4021 1921
3742 1696
4404 1872
1798 968
4283 473
144 1505
4109 3690
4160 2197
377 4163
4887 84
2344 777
2612 3279
2403 2714
2660 1900
1812 936
668 4500
3486 2867
1428 3911
4286 545
3083 794
994 4433
2732 2611
1523 4928
1831 2657
3621 1148
1260 1598
3932 4922
2213 2585
1306 4335
1220 3668
2550 640
2814 4012
1102 106
1062 4895
1592 1589
4703 728
1506 1189
3903 3020
3484 1991
92 234
2293 242
616 2015
1078 3152
4675 943
2789 3438
2777 435
1690 1608
1083 4741
48 1269
1113 3317
3850 3753
3665 1469
4042 3003
3924 3341
4042 3749
2738 2522
4119 4404
4834 2307
4447 815
1581 479
4744 2513
975 991
4010 4176
4777 4874
3246 4671
4142 2064
1545 4326
2852 512
263 1274
983 2904
732 2009
3454 1603
2753 4445
3146 4763
80 2162
3816 2551
4001 34
3816 3939
3936 1902
1095 1779
4560 930
1325 14
2811 3502
3283 1658
1008 3489
3651 2658
3397 3646
4397 3301
639 4074
3168 4197
2829 4632
3439 405
2819 2409
2798 1841
1904 4661
2368 2930
530 433
580 138
2592 1593
3183 1943
2743 1227
3765 561
3802 3958
4881 2244
2465 71
3180 4970
727 4517
2993 3574
2102 1209
4217 2340
674 863
294 4774
627 2963
58 1550
4169 3521
1359 2023
878 4828
4242 650
4901 1113
3787 4695
3927 2114
773 1758
2146 975
2773 2406
3184 1424
982 1956
2653 1142
202 3008
3708 1130
1564 2594
1589 3080
2475 4645
486 2388
189 3923
3909 3554
4789 2296
4784 1470
453 2466
1945 699
294 1361
422 4374
2509 365
1344 4333
607 1785
1825 671
448 1927
1866 986
3056 1631
591 1740
2630 301
1098 4247
1670 4904
4941 488
4580 3027
4147 2579
265 2241
2921 566
36 4179
404 642
4144 1716
4112 4119
2357 1003
2963 717
4511 228
3584 1538
1968 3018
806 3983
384 710
4167 701
2119 666
1251 4762
2103 4478
2778 3392
790 3074
2456 4848
4998 3171
2743 3410
112 2408
3840 3045
2941 3884
1004 4453
2195 3136
3004 4406
2911 2983
2869 2349
2252 1419
2694 4814
4737 3644
3558 4617
3762 607
3988 423
499 4539
2590 2078
2290 2926
2494 235
3914 4509
1107 2027
4450 3529
720 4449
2913 1324
3330 1926
188 1423
4998 1780
1808 4863
1413 795
2125 4534
999 38
2424 4907
2425 1717
1713 2214
2216 1483
1499 3106
978 4634
4232 4350
324 2333
692 1475
1859 4359
1971 959
678 1065
2550 2129
647 1563
1883 4038
4871 2563
3155 3886
2878 853
1321 620
487 114
384 4160
4141 1229
4594 4285
2163 285
1753 2862
1464 3281
4874 3188
3766 3326
2095 4937
4217 1244
3130 4185
4624 3172
4400 4452
4638 1448
3192 4044
3439 133
460 2878
3695 4891
4846 3061
1146 4402
1918 3239
1042 2957
4118 4010
4925 1703
183 39
3580 1016
4845 328
3678 3161
4851 2317
1764 4268
716 164
1371 3237
1249 3795
764 2858
296 2580
3475 2763
1172 3022
4102 3586
1307 693
66 4195
244 2105
3965 3460
1614 4883
1441 857
1993 3826
2428 1978
3986 4981
4001 1138
2923 3126
4155 4885
3355 2180
215 4354
120 4188
4544 3134
3915 2833
2169 1565
4588 1549
4718 1772
755 175
838 1906
2892 4039
4731 4524
2789 4642
3404 4586
2310 232
1638 2628
3821 4435
4818 396
163 2708
2371 4643
3889 321
183 2723
2313 1414
1263 146
2115 1195
4234 4241
4934 362
2535 319
4405 4918
1499 2581
2103 4511
4887 515
530 1856
1444 783
1544 4334
3901 458
1692 170
1461 2598
2444 3863
2923 445
883 1889
2428 902
2595 2335
1838 4633
2247 3455
717 1848
1776 1526
3271 1855
933 4180
674 160
2555 2769
3335 1322
4060 4682
707 3676
3309 2049
4069 1153
1096 2901
1366 4430
1787 2060
4465 3349
4526 1089
1251 4980
3992 4692
4257 3206
315 2140
913 1018
119 134
1240 2184
2455 3621
710 2166
1626 103
999 3557
4165 2665
417 4731
3403 3762
444 1560
4428 3629
3603 4196
4250 3905
4467 1501
4152 2093
2878 233
4832 4332
3215 198
4512 1376
2364 2667
3651 4599
4210 1987
3589 797
2855 3656
3795 3912
4581 4248
2148 4583
787 1117
2561 983
4200 3122
2873 2879
4900 1653
2534 2935
324 4878
2227 1208
2858 492
3606 1202
4596 2716
2793 1057
2115 1915
3864 4007
1742 1206
2185 2400
758 7
4100 1299
1498 4518
1447 653
3747 4274
3263 4841
944 2112
4200 971
731 463
4496 4936
3124 1340
1894 2780
4481 366
2717 2488
3901 3449
4059 851
1046 4847
4350 214
932 4397
404 4603
1025 1059
131 2089
2395 2111
4721 1935
3439 3924
1929 3984
2982 3344
2376 3843
1979 3306
1666 69
4964 4625
4117 4303
3672 1139
4522 2986
4876 3550
1938 4799
1417 4035
4458 953
3781 2407
4817 203
2081 1262
2129 3846
2925 2082
4110 3141
985 722
3245 2510
1387 1754
4625 4869
1119 4908
2455 4724
1630 1555
3626 4427
51 3286
4240 3109
3984 1617
2455 2380
1530 3182
324 99
3710 3804
4314 4868
2369 3988
5 3086
4944 2437
2788 2512
937 3783
2427 3818
2101 4468
208 4441
3983 1105
2362 4112
3953 4304
4257 698
2762 4329
1855 4951
1564 4216
2647 4384
3467 2793
3544 2164
3279 3758
2208 1929
26 1678
1789 1529
4387 4470
2825 769
3667 4031
4738 819
3432 3434
3688 27
4062 4862
3618 1748
4567 1825
3092 981
3637 417
3249 761
1061 1190
3719 1127
2395 2116
2899 3616
3088 4118
2534 658
2050 3537
393 2989
2562 2434
593 1668
4726 2
2515 4348
294 151
4394 4754
2660 4892
2915 3812
797 2810
3057 330
321 2565
1886 2207
3729 546
4675 748
3185 4090
4627 4598
2804 2602
995 150
137 3433
4852 939
4896 2176
4845 16
787 4969
3709 775
827 3292
4953 1074
4393 979
4651 4169
1918 3904
4974 4825
1549 4838
1243 2109
4191 1078
1114 3288
2046 2630
787 4646
1428 6
2380 2980
535 4242
2899 2713
3369 220
39 2644
1925 3255
1630 1090
3768 287
3346 827
2042 1515
4608 1440
713 2198
3427 1240
2468 3417
4678 3445
1547 616
2043 313
2366 3729
2678 4047
1863 1112
1746 3315
716 4024
3789 2881
254 3622
3197 3015
2821 1011
4737 3365
4837 964
574 3474
4754 1260
3903 2008
866 102
1984 1052
1954 1330
3610 2753
3415 2805
1239 3976
2826 966
1786 491
3623 43
2418 2000
154 4920
2266 2888
3875 2811
3656 4851
170 1543
3496 3768
1154 2516
1587 4709
3511 4556
3656 597
2461 4798
1344 1132
2354 3497
2188 1522
4271 4266
482 3466
4627 876
3486 2577
2821 652
269 3845
4833 2949
1552 4550
4968 4728
830 3075
3596 1393
129 2496
3875 2885
3183 1677
495 3451
233 3387
3467 2775
2118 284
2028 1306
755 604
2934 2318
4377 2194
1430 2819
3711 1298
2992 3516
591 738
3280 4168
2003 2001
3837 4674
419 3439
4126 11
727 2906
1839 3775
2986 1283
2973 141
1324 2701
3441 4705
945 82
1457 4788
4822 157
1511 4570
1847 37
2633 2021
507 3898
2282 1047
1493 2591
1994 2828
4818 2412
4829 3782
268 1633
1470 2638
3723 3459
856 2392
3564 529
3950 1345
183 2172
1277 1635
2539 2050
4366 3040
187 2125
3563 3691
4981 181
2550 2718
3517 1481
4224 786
2045 1786
2246 4718
652 3860
3196 4933
1726 1392
3896 2306
2697 2607
614 2358
4100 240
4046 4831
4656 307
2860 3847
4142 3258
4993 1121
3816 254
936 316
1798 3135
2047 1443
3050 3868
2049 1999
913 1080
2798 1143
119 1375
2370 1621
162 3566
1660 2918
77 4684
4483 4469
4926 2550
3028 4758
1237 1874
4281 3615
530 1798
4562 4178
1422 1766
2983 3854
4965 2837
4624 1870
993 594
2119 4829
4270 2030
2475 2083
3050 309
1065 697
2594 4830
4995 1334
439 1828
1128 1179
4939 4978
867 524
610 2583
2414 985
4197 406
1659 3544
2131 1907
3671 648
3977 3704
4850 2997
2991 3677
766 4277
2321 469
2491 1727
172 3280
3945 4508
3075 1162
1850 140
4168 1649
3719 4817
2934 2756
854 2019
3504 916
4242 288
3821 2792
80 1355
1587 482
4356 621
3614 1364
1072 1407
3192 4369
4142 937
1171 2564
4016 470
2859 4471
1701 1938
1922 105
3175 1618
2614 1810
4500 1490
2387 804
4834 2812
1112 4612
2158 3488
690 998
1633 1562
1465 3140
3511 3897
1810 1506
4089 4208
86 4602
1269 2395
839 2427
1655 3332
3598 62
235 1091
3628 1730
372 1421
1649 3839
2643 2637
4403 1237
4130 531
1143 3772
3754 74
4847 681
355 588
3931 2185
4921 2760
2793 3726
3869 3260
1849 2717
2208 318
627 111
4429 2747
3339 1918
1465 2463
4357 4096
33 1273
3761 1472
1564 4107
4141 1661
2749 4501
1945 4704
1563 439
4150 3446
1557 4110
1511 3179
3004 1667
2869 4308
3900 3409
4437 2368
3716 3095
75 928
2937 3672
4624 3600
727 2450
4896 3849
2390 1806
1614 1913
4558 327
4026 344
774 752
2592 1000
3863 430
2984 2491
1495 2215
4926 1495
3170 4971
1258 3929
4715 649
1626 3370
910 1354
2741 3642
1553 551
4941 2251
1064 2201
1983 1752
4071 4051
983 2757
389 1783
514 526
2799 1264
2250 1996
3671 2634
563 927
978 3112
4552 3265
1492 3328
716 2931
4873 4052
4715 1147
4433 77
1719 2608
2900 3942
3812 3214
690 90
109 962
3267 1261
497 4496
2585 4749
2995 89
3802 4800
1767 129
4901 3195
1457 3744
4991 1743
1078 1365
4512 3667
1062 4572
2127 4558
4667 2929
4484 3251
861 2178
1173 2669
2046 3541
4105 1672
4194 1417
4595 3931
3091 3916
1578 3097
842 2275
493 4581
940 1592
3420 3580
4955 3069
4326 4834
432 1081
1903 3618
1361 2043
2784 2397
1687 3371
2347 1527
2999 304
1735 4992
575 3891
3647 3236
3106 3842
3181 762
3576 1891
459 1682
388 3823
2855 4616
2564 2058
105 4001
3830 2117
3132 4094
3593 637
4058 4228
47 3732
4083 3248
2859 4736
4438 4097
4134 3755
4938 2384
2072 4214
4441 64
1539 2709
4793 4533
4378 132
370 4298
3015 1141
2425 3454
509 1235
1701 1083
838 2127
2045 814
2377 3746
2102 3108
2587 1129
4232 4143
435 4363
389 4414
2637 3189
3467 1362
4677 1275
4131 2813
3855 2283
1742 2467
1689 4959
3484 206
1239 3121
807 2939
2239 3935
4122 3841
1020 4412
2455 3743
1209 782
4975 3367
3423 1276
3126 4270
2785 1982
2385 3482
417 4485
795 4712
3532 3573
3615 774
2506 3399
2510 4815
3754 143
3637 3852
3664 1017
974 253
1599 1587
4523 570
736 4057
4726 618
3004 746
2969 4563
3354 3369
2742 2390
2071 3563
1121 3376
1322 3654
1716 1763
4343 4833
3349 3345
2398 821
2163 4961
1456 3760
3480 1627
2550 2692
2137 4434
4349 1757
2528 4680
1672 1830
2670 835
2095 4976
441 4744
3641 2159
2746 4716
333 2328
4895 1577
154 1712
2755 1371
47 4840
1959 2436
3948 4330
3861 3853
1071 2286
1808 471
1276 2751
903 4346
2517 1864
3117 2739
256 407
2271 1346
4977 2850
2718 2540
1414 246
1279 4429
497 2303
3073 2734
4022 4045
3124 1211
3995 845
501 2336
2527 4541
2630 737
4056 4002
4168 889
25 3358
336 2293
2599 2538
1726 2248
267 2097
2704 4805
4281 3398
2113 73
4822 516
3180 3780
1957 4161
2190 1571
978 149
2119 641
4233 3223
3420 4898
1562 3659
1924 2095
2104 1824
3634 1625
3428 4515
3540 1247
4475 3982
1226 2566
3589 2170
1959 1890
1918 2680
1805 3467
4766 1207
1245 780
3735 544
1232 3709
4709 4905
170 1554
864 589
1682 2556
851 2339
1750 2752
2071 4903
1235 3004
2034 4802
3107 401
4042 244
3381 2728
3691 532
4623 4689
2633 4153
4578 636
1461 579
2681 182
2368 472
4381 4915
530 1071
2984 85
3017 212
1505 209
3040 525
1746 2686
1470 1983
162 1612
2711 387
4128 81
3964 4140
1162 2315
2616 4899
212 2048
3360 353
2799 3194
1293 3987
933 580
1643 3685
2433 798
2460 3403
3864 4947
3317 2536
4403 1254
1003 1528
2744 527
3273 1111
1101 735
3036 1620
1399 1852
1104 3346
4622 4820
12 72
4109 2394
4528 2958
207 1398
1845 820
1924 4532
1358 702
304 1382
4965 4067
467 475
366 767
1310 1674
3317 4023
518 2505
1756 4336
447 4234
2274 3200
1932 2843
991 2839
2291 2973
4940 2786
1790 2322
1990 1802
2921 2704
3706 241
4322 1408
3420 154
2709 4240
633 1234
4585 4287
1322 3447
3311 790
1324 4600
2368 3779
4158 2646
1812 622
1847 1171
2148 1965
2584 3154
3511 2250
3720 1842
4016 2908
3886 817
4348 3249
3767 4256
4486 2433
4474 2056
772 3478
4582 4399
612 1446
612 298
2807 3940
4479 573
2813 2424
237 1337
127 2369
3864 3531
661 1614
4815 291
4584 3123
621 3604
3433 3551
4130 1877
2942 3107
2741 383
2104 3220
3868 3593
1593 3299
47 2807
2377 1790
3150 3071
2002 3131
3425 2844
3481 694
2821 139
494 347
1736 1413
1456 2903
2215 4747
2129 2855
1562 2494
2965 2548
4944 4254
1509 4091
4562 2735
3997 2790
4829 3350
2042 1962
4069 4548
675 1076
2006 2258
2218 2537
1660 519
168 3641
3030 2801
3812 2889
3611 3576
2925 2228
2065 2795
1938 1317
4507 2777
112 4710
1316 3635
3509 2891
3895 846
3672 2242
4684 1220
1113 87
1176 801
3245 4157
4953 3304
1251 4770
1309 1216
2035 4258
3576 1252
4995 2237
2312 2379
3635 623
1554 2204
459 2383
4312 1046
4324 1214
2945 1771
3410 632
387 1035
4575 4080
1182 1742
3275 1971
4259 2527
4285 4565
770 4748
2697 3883
999 4491
4144 35
1652 60
751 788
215 3382
4265 2700
2417 3968
4226 944
3404 2964
125 3452
1789 1021
1858 2418
3727 3679
82 2799
2702 2601
885 2138
1590 754
4567 4561
3164 744
3267 3862
3715 3026
514 2976
2344 3611
4327 342
3144 2297
4105 4251
2041 4506
1848 1135
4168 2238
3020 2365
2786 2270
2566 459
1083 415
1756 733
4078 1457
228 3601
3924 2856
84 965
4398 1700
761 1236
4684 600
3896 3930
4511 4527
2330 2526
2618 4125
3411 3481
2053 1970
595 4721
1080 1726
4922 454
3348 868
3914 1908
3484 1293
4703 2754
4285 3297
1274 2229
985 184
2424 3533
2095 969
3848 1056
2141 2684
4140 3957
606 393
4190 563
3465 191
707 873
583 2479
3662 3971
2494 4832
626 1478
2129 352
1838 275
1010 2292
1607 1110
3877 4014
4484 3505
3593 2569
2942 4755
4505 4503
4744 3282
2781 4946
4162 47
667 4279
2182 2944
556 2440
3073 1197
2786 2453
4120 4696
3496 2836
4267 1120
4302 2163
3550 4257
3057 3800
384 2218
2292 3379
4822 4050
1130 3598
325 4566
1124 3389
3180 2730
4362 3119
1665 992
3163 2485
761 1737
2070 3422
2609 2378
4397 4472
1402 2316
1907 3515
1393 3901
3670 584
114 736
1494 2411
2012 956
3115 4054
1769 3819
4213 818
2813 4792
2517 2160
627 4190
4155 1570
1361 778
482 2175
3514 3348
4128 1063
2288 1431
532 768
1172 1370
513 4785
1669 4069
3760 36
112 495
3957 3070
648 437
1638 394
4713 2509
4608 631
1261 2051
4305 523
579 1701
4525 3624
3455 2978
3952 158
409 635
3200 1343
4073 1504
4610 294
2252 3507
4100 4789
4852 2736
4820 1741
2868 2119
4455 1605
767 1914
1396 3585
2764 870
3968 4167
2945 4791
1864 2189
2382 2375
1265 4389
1554 1844
3568 4867
1503 1231
4295 3342
1638 3153
4996 1027
1698 322
3263 2659
4567 3402
2533 42
3394 339
4411 1006
1311 4475
3406 1885
1706 1796
604 747
1019 3039
2535 2154
1592 3
3427 4855
4449 1314
334 3816
393 3834
307 1699
4656 453
806 4949
2975 2377
1542 1115
4017 3625
4745 2953
2091 4246
4638 4594
2077 1084
4396 1744
3123 2679
4167 4759
4157 2588
4437 3828
2171 900
4437 682
4584 4576
234 2150
2624 4653
3511 1546
94 4398
3950 3682
4713 517
770 4146
2427 3568
354 2947
4365 1557
2860 3470
3760 1137
2831 4528
2369 481
1774 380
1962 1200
3196 672
1009 2345
3532 1548
499 3056
1259 1326
287 3234
2886 4339
3765 2249
4787 4283
4982 1572
2621 4660
4281 3327
423 3921
2874 2006
4025 4656
207 2142
601 1484
3074 2783
84 3209
1284 3044
3188 4931
4133 3207
3300 3494
4240 1492
2263 1942
507 1948
3621 2726
4891 2898
4158 2530
722 1268
2653 3548
3666 1833
1361 664
1968 1896
572 3831
229 4008
4530 3530
2450 2246
403 2416
4447 858
2089 2705
4080 2347
4663 1516
31 1300
2074 3606
613 4708
331 123
4406 3934
2607 2480
2934 3799
4519 1402
2768 2746
3921 4198
3962 1133
1739 2525
574 2169
3477 1923
2359 3844
3492 4206
3056 1912
3900 4049
4062 4166
4713 3630
3284 1412
2380 1665
2962 4499
2416 2875
229 2267
2242 2017
443 1
1568 413
2367 4278
1787 4537
4925 4236
3999 230
853 119
3762 799
3351 2798
1628 2334
4424 1836
3126 2620
341 826
356 713
3999 884
3450 792
4651 4158
3184 2635
4428 1372
2421 2731
3184 1791
3701 3559
437 3485
3656 3058
3303 1464
932 1015
738 3858
155 2688
2688 1975
4481 2934
2046 4106
579 2068
3620 2846
2589 2002
2282 2137
583 1930
4563 3653
1632 3130
1598 2489
4965 2502
2925 4082
1291 901
4092 4529
661 1426
2546 2007
4620 3631
3596 1246
3350 1953
294 891
2111 4085
1778 4382
1137 1775
259 3314
2042 3511
2462 4396
3949 2941
3151 474
4369 1444
1465 2061
2362 1380
2313 1988
4099 1405
4863 4568
772 4360
4875 538
3172 3408
4034 252
3811 2543
868 1705
1750 4822
4666 4437
4328 4771
341 1718
1492 2967
1877 1706
125 4773
2810 3587
3754 1170
250 4111
800 1095
2113 4595
1080 195
4968 2148
109 3797
1278 2157
856 266
4356 2146
1755 1715
2160 97
1125 286
3849 4727
912 4536
1261 1764
2585 172
3611 2695
4745 4349
1020 3053
4124 2632
2427 1590
448 639
1264 3432
457 3277
2953 2742
4063 2738
3446 4043
3162 753
4181 2013
1679 1804
897 2589
1811 1519
4107 1688
3320 1321
2141 796
4027 4401
1630 729
4259 1808
4837 3471
2774 2080
3726 1859
766 2294
2912 3840
4504 1106
2858 2870
4250 3068
1863 2612
2067 1583
4829 504
1899 3012
375 1338
1420 3257
1615 190
4482 3375
755 68
4134 3167
1469 3011
3818 2952
4448 3733
855 2321
2946 4673
4673 4244
59 2284
3216 3703
4597 2559
2828 4621
3144 3001
4045 2539
4671 633
36 2290
2119 877
2851 2985
1568 2003
49 1738
4782 1050
1031 2925
158 3686
2236 4940
2619 506
3857 1107
4611 3118
3921 1875
3415 1650
1282 871
4546 2991
593 2912
579 3381
524 4021
1515 1497
1506 1331
3445 583
4297 1267
627 3639
373 443
4602 2748
33 892
3998 4275
163 2821
4699 1931
1826 865
2523 4109
395 2456
1690 3707
4512 63
2718 4914
439 1258
2540 3614
82 824
2926 3103
2983 558
849 4132
4322 3100
4955 1645
2236 67
4487 4652
2587 1124
3125 1359
2567 1215
1358 1951
4122 3669
2349 3228
4006 4760
1672 3308
2354 977
4001 557
2491 3540
4565 4531
2544 3246
3867 1182
2219 2576
4418 549
127 245
375 3612
922 4772
2900 2314
4925 29
3964 4557
3595 3850
1462 4447
594 3183
4201 4207
3423 2079
3191 3222
3501 4211
3504 2183
1889 1161
2098 2852
2474 1303
3177 3114
4496 4461
155 4734
2517 2499
850 5000
3715 2917
1198 4041
49 2262
2953 3244
3073 2706
4184 270
3161 3989
3138 4688
4901 3602
1831 3981
2418 1675
489 1781
2235 1851
3629 1001
2652 911
4521 80
2824 3788
3246 1086
714 866
2991 4135
725 629
1932 3198
1427 1769
3647 428
2912 1729
1442 379
4363 2712
2256 4192
3631 1226
3739 2224
129 1066
3397 3139
1143 1280
2081 3514
1010 3991
2536 404
851 4191
2974 200
1351 3605
2249 268
4943 4366
4015 2199
2931 4839
4666 3937
3408 4510
4563 4957
3969 3124
3890 258
2104 3426
3216 3716
3353 4028
4058 3806
1855 1092
684 3111
1089 3838
4454 2971
627 1702
3900 3463
2713 3420
184 3697
3890 4714
4046 3030
219 2755
1215 904
3880 3215
1619 2338
2510 3678
1055 3090
4528 3241
3240 4020
2486 2099
2409 1379
678 1172
378 1476
585 2046
2972 409
1014 1350
1464 1451
2928 543
4514 1425
3620 4567
454 3477
1713 2514
1952 1480
3476 4897
4594 1637
4853 3303
2216 4294
1114 4390
3863 4316
4010 4440
3944 1551
3034 306
1826 938
4780 509
269 1865
770 3575
956 3059
789 2825
859 3078
2175 461
627 4719
2157 1333
3010 921
4242 109
743 1537
1605 1302
533 3324
1337 1773
1407 4813
2828 2900
434 686
1503 4124
4001 2802
1392 2005
3672 1720
3748 4989
522 75
3329 1432
2812 1131
3149 249
1012 3822
4394 2256
30 2230
4119 3361
1590 3407
1562 859
2895 3254
3318 1108
352 2703
457 273
3699 8
173 237
4660 2188
3272 812
1274 2796
108 363
4875 3208
30 2144
1429 4726
3279 3170
541 1662
3172 2486
3720 2101
1614 3049
3808 2041
4805 3287
140 2016
4838 4495
1182 687
138 3837
4312 2158
4878 2546
4331 4626
3522 535
4132 3876
143 2574
553 1312
1990 3880
139 3603
3142 2472
608 763
435 3428
537 542
2007 3412
3478 3425
571 638
4553 4464
3865 3405
4161 4706
2341 3553
2172 1925
2858 1821
702 593
1625 1292
2969 1974
269 2042
1131 1878
441 3320
352 2254
127 4456
1771 1437
716 903
4615 4272
519 3848
1003 2729
4479 4698
2778 4288
2850 3491
1046 3790
2390 1010
1225 3938
4234 4958
3743 450
1583 4387
4548 1482
3275 2840
1079 2108
641 837
1555 2232
3441 2428
3915 4939
1149 48
4147 1602
4611 2519
2460 1465
4146 369
3345 2535
243 547
3610 4743
330 216
1175 2327
331 3177
3088 2508
3569 4962
4753 2038
2621 1567
1116 883
1323 3051
2932 1069
2685 1920
3517 4701
4265 2990
2814 2195
2614 2842
4186 3242
2044 4400
4436 3872
3855 3115
261 4218
3003 3878
3688 4846
1531 1341
2104 3032
784 4368
3946 680
2823 3738
1559 1937
3150 2672
422 178
1237 963
876 2765
4679 1278
2539 1626
3563 207
980 3786
535 3739
4052 3827
15 4910
3700 447
1614 1164
3201 2860
1247 864
762 4765
4731 2152
643 371
4784 1640
3723 2464
2381 3013
4061 4850
629 4753
3540 3776
726 1711
4028 661
4887 4
588 2402
3726 373
3462 3546
3804 2426
4023 2151
12 2619
3483 2987
2100 4944
4356 2979
4716 838
2629 2305
4142 1520
664 2615
213 338
3115 1128
3872 1979
4020 2724
2155 359
1540 4226
2468 2654
183 4711
3170 830
2643 4715
1681 4003
1808 4624
914 1644
4734 4152
3237 1456
2655 3594
3431 1031
2381 3323
4688 3290
2440 1611
2210 3763
3404 2498
3347 731
614 4311
2984 4663
3205 4386
2390 2173
3493 1044
830 1450
3767 3360
2332 1176
3260 1368
1075 4984
3532 4079
4178 1648
2634 1356
1391 1601
1389 887
4615 94
4381 4372
38 1308
2890 346
3995 3873
4403 3814
2313 1085
4789 3270
4685 3259
3155 1508
147 3372
25 332
3702 390
3741 1152
4059 4991
898 3973
910 2911
1877 2223
4643 1573
3049 3193
3036 3950
2330 4101
1509 2071
2071 4136
1293 4968
2500 2376
1461 4519
2631 3457
923 915
3110 4849
4991 615
3985 3966
3278 360
2409 1847
1562 789
2305 4589
3670 3055
1613 3802
1703 1535
1805 3416
4037 2506
797 225
3010 935
3909 3441
3192 3271
2556 295
3620 4664
342 2924
4277 1680
4849 1328
119 3693
2144 2682
2601 269
4516 2797
388 1403
611 465
3239 2789
2395 4059
3805 1580
642 2020
2892 2191
883 2725
998 3395
1003 2205
2575 1378
674 4924
2781 2022
1916 2439
2318 4505
980 3619
227 3967
3271 2923
4452 466
4126 2085
94 2699
2458 4293
2279 1585
2539 2809
1512 2469
2180 802
1560 1102
3723 2690
3306 1449
2005 49
4849 1646
4957 1329
1478 1151
3623 4424
3857 3503
667 828
3109 2011
4025 1291
4027 2100
702 906
3185 1636
3017 3083
3109 4083
1673 3168
1675 460
4698 2350
80 3187
2964 2295
2539 51
4363 4098
342 4027
1499 278
2775 4654
4397 4312
952 3442
2437 3035
4949 2323
3270 3650
1202 1428
298 696
2709 961
2700 4055
854 1390
2299 4451
3848 4102
2122 4779
3774 3643
2417 434
1411 1525
2856 1800
475 3888
1821 4286
168 1656
4703 3829
4619 2771
901 3333
4667 2759
1304 125
184 483
2498 3077
4168 3486
2950 4864
1068 2552
2591 4610
4466 4790
3435 3092
809 3882
2589 3536
3087 1797
1399 4320
104 1725
3173 391
422 3295
851 4816
1309 3665
319 4994
1230 1257
2819 569
1092 402
2101 1558
2051 3588
1029 565
2975 536
653 1352
932 169
4133 4088
3319 3824
3610 1087
2497 3692
1124 2521
525 4201
321 2745
594 2325
436 4261
1574 739
3239 925
3385 3662
1340 1342
204 54
2975 2026
1739 3769
604 4089
3462 4408
3283 2274
1530 293
4309 30
200 3000
1716 311
3189 4854
1145 1175
3010 4084
319 1887
1810 2285
2172 1201
625 2624
4314 3473
683 3285
4141 2776
154 4479
925 2603
2268 1588
3532 3608
3781 10
424 1892
4836 1245
1470 2269
1961 2749
2155 885
1629 3413
883 3033
3439 773
2568 1584
2182 3980
3052 4032
2939 4884
4223 2681
459 4837
1705 4413
3045 2975
3961 2694
4705 2936
1629 1391
2227 3159
2044 4015
3632 3774
3486 3079
2805 3833
4182 2445
298 4227
2324 1463
2270 1574
3722 4417
2428 113
3200 3519
2448 1253
2370 1966
4994 3064
3177 4859
4753 505
4022 3133
1393 3597
3502 643
402 1871
1753 2883
192 2036
2936 4019
3159 4845
3625 3720
2591 1313
1025 4237
1511 4514
3688 1004
2174 4844
448 4604
4820 280
1506 3227
1619 765
655 4189
4050 3564
2566 1812
585 1434
4229 4093
2730 1420
2035 4296
4407 678
2912 145
485 4103
2158 2356
2052 4120
1189 1652
1447 489
2665 3908
2220 3487
2257 4559
3421 412
4704 93
1985 4960
3903 2233
2825 2732
2115 3569
1178 1941
4873 3145
672 3162
678 1323
3890 1638
608 4392
1993 4778
1294 1698
1055 1815
710 1140
1414 1061
1559 4480
1243 3415
472 215
4979 211
1710 3047
2793 3174
2943 4321
4646 3920
2500 917
77 2636
1895 779
696 4194
4949 496
4903 3268
3803 3748
3576 550
3376 1655
1675 3683
2299 3555
2256 886
550 2122
3878 4436
2922 183
4804 2866
2310 1704
3688 2208
1053 4076
2603 3520
1947 3421
458 3628
3036 2993
194 1160
4461 1845
2790 2206
1059 1042
4007 4972
3541 1157
3869 651
478 3781
3483 4546
2350 4917
3418 4133
3768 2719
3253 2186
4909 2255
2621 159
4048 3960
3741 265
3434 4033
143 4745
2765 421
3601 3919
1548 2861
1768 196
4555 3681
2942 1831
4970 3599
4908 229
3664 3718
1107 2575
2704 381
1584 1895
3865 2553
494 2582
2305 213
1309 4852
1809 2483
1537 4672
3974 4224
3199 4651
3981 1307
3525 1552
2052 377
2814 2300
2839 2192
3641 3468
2122 9
270 1496
3739 1430
2867 448
2190 4623
3073 3453
1239 1500
1148 3556
3633 4923
3514 2273
4668 2222
4925 976
2531 177
90 3331
3888 2768
2364 2599
3931 2895
4319 1383
3999 2399
3891 3734
4909 4042
2982 2956
3335 502
2862 945
2667 3773
4721 2913
1983 2851
4233 4861
4622 2474
2705 3495
4510 756
1100 4426
2086 1745
3167 1945
215 4322
49 4720
422 4629
1819 3501
4326 3196
2610 3311
1726 2820
2437 1020
1824 3383
41 2331
4519 4450
1149 2165
524 3217
3486 4997
2067 3711
4343 128
4406 389
3119 1651
3337 2443
847 4238
4451 2727
1989 23
333 3294
127 3725
3417 2876
4192 3657
2051 875
2427 704
955 2457
3830 4942
2081 4127
3410 4017
3071 3918
811 4687
4405 1045
2312 628
1589 770
4356 2059
3819 1967
4973 397
2799 179
4688 3318
2294 4943
505 3169
2459 4575
4108 4123
476 4549
3889 3727
2819 4812
3850 3688
4302 2234
4182 3269
839 2640
716 1058
1443 1820
1095 4016
2852 4662
3224 3264
2749 3329
3865 630
4525 255
2026 4299
4848 1777
2965 955
2439 2791
4138 530
3201 612
4155 1034
92 2134
4921 514
1842 4764
1098 3803
3087 4300
923 3610
1959 2484
3691 2504
1859 1623
243 4766
4588 4255
3803 130
4905 2806
2127 1832
735 507
1442 2622
4608 370
2665 4679
4667 3907
113 4393
3486 3388
1684 440
4169 1038
4999 3633
3480 1968
1824 2685
1320 2287
2590 4040
4546 1816
3194 3362
4932 416
3817 1581
4952 3355
1789 3626
3216 426
4037 4420
4944 2278
4223 3932
1184 467
1571 2721
3478 4738
612 3147
233 2024
659 3212
504 4640
3504 2167
2948 585
270 2044
3230 3910
3727 560
4753 279
1494 2448
4022 1879
1389 4486
2426 2131
2067 2586
2666 1958
4803 4553
2720 96
3070 165
3254 3752
1067 2329
2025 2069
889 4659
827 3366
4318 4730
2458 1691
4843 1012
184 1794
1129 2781
1890 3307
245 2490
1435 3825
609 3066
2478 1136
1679 1805
3177 3400
296 3640
1561 208
2535 1767
1374 173
2636 4170
3342 4888
3144 420
47 1232
574 4879
3593 1435
1965 3224
1043 1768
489 4418
1305 1177
4685 3391
601 3276
2819 3340
707 432
3878 3764
379 3809
1744 156
1438 3637
3736 3233
4182 785
4110 419
21 3778
3625 626
2901 1893
4356 4579
2199 3357
4073 4162
1700 1789
5000
b 4886
b 1372
s 3206
b 4530
b 2377
b 1068
b 4112
b 4204
s 2358
s 448
s 3170
b 4711
s 3721
b 2692
b 4258
s 4981
b 3548
b 1664
s 3257
b 771
b 700
b 4916
s 194
b 1863
s 4229
s 570
b 55
s 1990
b 1132
s 224
b 4130
b 819
s 236
b 2978
s 2966
b 284
s 781
s 2807
b 2206
s 3131
b 3677
b 4455
b 73
b 2305
b 4111
b 1523
s 3682
b 3106
s 993
b 4199
b 2065
s 4319
b 1109
b 882
b 2513
s 2003
s 4753
s 4648
s 1905
b 2103
b 1569
b 170
s 4451
b 295
b 244
s 139
s 1556
b 1993
b 1535
s 125
b 1138
s 2251
b 3498
b 1146
s 810
s 2387
s 4865
s 3814
b 3461
b 53
b 4053
s 1604
s 3600
b 3540
b 4696
s 2682
s 4644
s 2851
s 1117
b 4070
b 3974
s 1824
s 2602
s 2833
b 3133
b 217
s 263
b 3140
s 435
b 3031
b 3188
s 2798
b 1489
s 2714
s 2100
s 4855
s 801
b 2117
b 3362
s 774
b 4667
b 274
s 3372
s 2361
s 4619
b 2674
s 4557
s 2254
b 3559
s 3985
b 148
b 2658
b 3143
b 4285
s 229
b 4279
s 4616
s 772
s 2552
s 3070
b 1157
s 1862
b 3568
b 3880
s 4682
s 536
b 4122
b 509
b 4081
s 149
s 4200
b 3400
b 4180
s 3404
b 2059
s 3410
s 766
b 223
b 3444
s 1314
s 3830
s 2756
b 1686
s 552
s 1636
b 2670
b 869
s 2730
s 757
s 4023
s 1205
b 3967
b 4100
s 4786
s 4656
s 129
s 1851
b 3655
s 1893
s 1773
s 3004
b 4120
s 1154
b 236
b 4466
s 3074
s 389
b 2878
b 2345
s 1879
b 48
s 3623
s 3125
b 2148
b 1945
s 2934
s 4524
s 3283
s 3895
s 4167
b 4232
s 2644
s 3095
s 700
b 3539
s 2148
b 4308
s 1696
s 2244
b 2033
s 1557
b 3666
b 4252
b 638
b 81
b 4438
s 3609
s 149
s 206
b 1554
s 2140
b 2993
s 4610
s 1482
s 4964
b 3826
s 3831
b 4918
s 3349
b 4347
b 2127
b 931
s 877
s 2253
b 4504
s 4013
b 1703
b 955
s 4218
s 4356
b 4070
b 3425
b 3743
b 2228
b 2797
s 2846
s 1364
s 671
s 3533
s 314
s 4525
s 2725
s 4303
b 80
b 4453
s 1718
s 2811
b 3754
s 4472
s 530
b 4377
b 2787
s 2707
s 1490
s 4179
b 1139
b 1904
b 3593
s 4560
b 4015
s 236
s 2879
b 4210
b 3954
b 2505
b 3355
b 3045
b 2458
s 2866
s 1358
s 3573
s 1569
b 364
b 1415
s 2896
s 2061
s 1336
b 4832
b 1130
b 703
b 213
b 2818
s 2932
b 54
b 3646
b 3390
b 157
s 4723
b 3879
b 419
b 4720
s 611
s 782
b 1676
s 3995
b 1258
b 3342
b 4420
b 3692
s 1995
s 1646
s 435
s 2010
s 2941
s 14
b 3162
b 4434
s 4758
b 404
b 838
s 4859
b 4289
s 4291
b 2569
s 1444
s 4295
s 2604
s 4078
s 2123
b 2205
s 117
b 1665
s 3835
s 4197
b 1113
b 832
s 4219
b 2300
s 3359
b 63
b 1390
b 2532
b 1221
s 2096
s 309
b 4550
s 4344
s 4304
s 365
b 2379
s 447
b 721
b 1484
b 2554
s 1236
b 1503
b 4170
b 3210
s 2023
b 2812
b 1425
b 3086
s 1953
s 279
b 2368
s 3735
b 2077
s 2950
s 2644
b 2196
s 2811
s 673
b 4408
b 900
s 2669
b 3519
s 3748
b 3946
b 4110
b 754
s 1411
s 1900
s 2893
s 4640
s 4872
s 3234
s 3702
b 680
s 717
s 524
s 1713
s 236
b 2323
s 2685
s 1885
b 441
s 873
s 3126
s 3480
b 2586
s 1938
b 1489
s 1443
s 3754
s 534
b 3589
b 4826
s 649
b 1173
b 2938
s 4094
b 2751
b 2599
s 1000
s 1857
s 788
b 2964
b 953
b 723
b 3053
b 3978
b 4596
b 2135
s 2293
s 3933
s 2564
b 80
b 1812
b 2230
s 1006
s 1035
b 599
s 1677
s 2570
s 2286
s 4447
s 778
b 2047
s 3230
b 933
s 3715
b 3058
b 149
b 4737
s 1921
s 2767
s 3047
b 2263
b 2260
s 3873
s 3573
s 3154
b 1398
b 4021
s 387
s 3455
s 61
b 4193
b 4865
b 1855
s 1139
b 376
b 964
s 3490
b 4872
b 4401
s 3300
b 1489
s 2610
s 3596
s 3351
b 2770
b 3084
s 324
b 2430
b 2427
s 4421
s 3612
b 4996
b 3541
b 3035
s 1241
b 2320
b 4147
s 2144
s 3433
b 3496
s 1950
b 3964
s 1460
b 4900
s 3477
s 2811
s 4903
b 745
b 3161
s 3319
b 1054
s 3919
s 2571
b 2337
s 2248
s 1788
b 1479
s 1824
s 3418
s 2234
b 975
s 327
s 2993
s 4237
s 2621
s 2023
s 3460
b 4543
b 465
s 1585
b 4047
s 2836
s 4320
b 3848
b 4038
s 1649
b 3570
b 729
s 2143
b 3456
s 1038
b 2896
s 3568
s 4224
s 1891
s 1464
s 1223
b 1165
b 1005
s 2298
b 3787
s 4087
b 4433
s 3732
b 2246
b 2284
b 2442
b 4677
b 401
b 738
s 301
b 654
s 1115
s 1505
s 573
b 2991
b 4890
b 3497
b 1974
b 1638
s 718
b 1149
b 772
s 2394
s 2056
b 2075
b 2514
s 4015
s 866
b 3570
s 4045
b 3471
b 4520
b 2054
s 3882
s 936
s 4383
s 3639
s 102
s 484
s 4293
s 4925
b 2161
b 2535
s 3599
s 2220
b 873
b 3886
s 844
b 490
s 2408
b 4946
b 1309
b 1758
b 2203
s 4581
b 2797
b 812
b 4880
b 4100
s 575
s 1781
s 553
b 1499
b 1857
b 2088
s 4967
s 3570
b 20
b 820
s 4276
s 4281
b 3010
b 4795
b 2589
s 4457
b 4333
b 1690
s 1345
s 4303
s 2214
b 2642
b 4953
s 439
s 3430
b 4390
s 708
s 4488
b 2674
b 2136
b 211
b 1001
s 663
s 4917
b 1515
s 2103
s 589
b 803
s 406
s 1668
b 1667
s 3094
b 1289
s 1318
b 4986
b 1713
s 2410
b 4710
s 1792
b 771
b 1810
b 3940
b 614
s 2805
s 4583
s 177
s 2913
s 3379
s 1010
s 4499
b 1013
b 1615
s 4674
s 2981
b 2155
b 124
s 976
b 664
b 2480
s 4541
b 1974
s 3798
s 1261
s 4295
s 4812
s 1591
s 455
s 915
b 2128
b 1533
b 372
b 4219
b 4501
b 2451
b 1480
s 2711
b 349
s 401
s 1600
b 2196
b 2515
s 534
b 2988
s 2759
s 581
b 2870
s 3986
s 399
s 3122
b 492
b 4270
s 4769
s 4421
s 3711
b 4818
s 2616
s 52
s 1379
s 2064
b 3354
b 4642
s 4202
b 2366
s 2850
b 4781
s 4461
s 352
s 3116
s 3485
s 1630
b 204
b 2298
s 2004
s 3743
s 855
s 2940
b 1924
s 2633
s 4538
s 4798
b 1671
s 1255
b 4279
s 2716
b 413
b 3650
b 4413
s 2004
b 3902
s 285
s 1507
b 2481
s 479
s 1610
b 2629
s 2025
b 1868
b 4965
b 3639
s 1964
s 1856
b 3741
s 2650
b 2274
s 657
b 2603
s 3927
s 1039
s 1124
b 937
s 4930
s 3716
s 2877
s 1706
s 4959
s 2876
s 1682
s 2993
s 4507
b 2225
s 786
b 4365
b 2571
s 369
b 459
s 2411
b 2279
b 2238
b 699
b 4743
s 1093
b 4725
b 936
b 4811
s 1063
b 3051
b 1294
s 1493
b 103
b 1814
s 2691
b 4358
b 3410
s 219
b 3097
s 4
s 4182
b 3468
s 3393
s 4705
s 4128
b 1026
s 1370
s 1150
b 4941
b 1917
s 2789
b 3726
s 2045
b 3827
b 972
s 2737
s 2275
b 1820
s 254
s 4970
b 4285
s 711
s 1499
b 3158
b 3724
s 243
s 1581
s 967
s 1105
s 3853
s 2614
s 1270
b 2705
s 307
b 960
s 4822
b 3208
b 2361
b 1868
s 369
b 3343
b 1750
s 5000
b 2937
b 852
s 1055
b 3771
s 1761
b 2765
s 1849
s 4340
s 4838
s 2691
s 4318
s 472
s 3362
s 1837
s 1175
b 543
b 292
s 1304
s 4860
s 3263
s 192
s 901
b 465
b 470
b 671
b 762
b 750
s 1068
b 2284
s 1195
b 3155
s 78
b 4932
s 2755
b 948
s 1894
s 727
b 4199
b 4252
s 1120
b 2852
b 839
s 1724
s 2289
s 2685
s 201
s 3195
s 2873
s 2326
s 4533
b 2757
s 3674
b 1131
b 75
b 3280
b 4224
s 4622
b 2294
s 3235
b 2295
s 3209
b 4995
s 130
s 4158
s 2652
s 4661
s 4041
b 3631
b 3171
b 3987
b 140
s 4698
s 2819
b 2559
b 1042
s 4241
b 4851
s 3428
b 989
s 1588
s 2450
b 1323
b 2333
b 4294
b 2651
s 1328
b 133
b 3888
b 958
s 4642
b 4059
b 74
s 4879
b 63
s 344
s 4997
b 3754
s 3874
b 2191
s 2567
s 4489
s 1009
b 2020
s 4052
b 3036
b 1087
b 2717
b 161
b 3332
s 2030
b 3425
b 1776
b 1750
s 3760
b 843
b 153
s 3997
b 2391
s 1917
s 2911
s 4633
s 204
b 75
b 4107
s 3332
b 3307
s 2233
s 785
s 3966
s 2043
b 1604
s 4209
s 1664
b 3069
b 2035
s 4173
b 4855
s 3522
b 4629
b 354
b 3532
b 500
b 77
b 1489
s 3185
b 2559
s 2394
s 513
s 2774
b 2646
s 4685
b 2574
s 388
s 3523
s 2287
b 3765
s 919
b 1234
s 3547
s 3794
b 3454
b 1846
b 4240
b 644
b 3639
s 714
b 3466
b 4130
s 4132
s 3275
b 2956
b 4450
s 372
b 4921
s 4353
s 4002
s 1321
b 1058
s 593
b 820
s 2551
b 3020
b 2458
b 2145
b 3535
s 3929
s 2697
b 1005
s 3915
s 4541
s 3192
s 3648
s 2215
s 1670
s 3103
b 1350
b 2535
s 2466
s 745
s 4526
s 1843
s 1139
b 3409
b 32
s 579
s 1331
b 3723
s 1162
s 920
b 3743
b 2107
s 1309
s 635
b 1758
b 3548
b 3555
b 3413
b 1585
b 1714
b 93
b 1221
s 203
s 90
b 1109
b 808
s 1190
s 4134
b 2350
s 4735
s 4589
s 4138
b 3728
b 3357
s 2931
s 4139
s 3353
b 4950
s 1921
b 4985
s 1407
b 1707
s 4222
s 4707
b 3349
s 141
b 3001
s 3111
b 3853
s 4654
b 257
s 2561
s 51
s 4788
b 2192
s 381
b 471
s 2561
b 4785
s 3793
s 4174
b 3049
s 4869
s 2648
b 2927
s 2298
s 2430
b 1786
s 18
s 2952
b 603
s 3374
b 1209
b 2807
s 3086
s 2851
b 2030
b 4331
b 4742
b 3072
b 3064
s 4382
s 4194
b 3233
s 4409
b 1325
b 2453
s 2629
s 2099
b 3914
s 3434
b 3055
s 1450
s 4340
s 4784
b 2865
b 3848
b 4423
b 226
b 613
s 4807
b 4848
b 490
s 4724
s 1205
s 3343
s 2839
s 23
b 770
s 3935
s 3618
b 4966
b 1907
s 3787
s 386
s 3365
b 3253
b 3835
b 299
s 1674
s 716
b 3495
b 4749
s 3556
s 4430
b 3273
b 2199
s 3161
b 2761
b 2803
b 2086
s 2908
b 934
s 1390
s 418
s 2503
b 321
b 4190
s 2584
b 1492
b 2963
b 1598
s 912
b 440
s 4102
s 932
s 273
b 2710
b 537
b 3509
s 2785
b 4116
s 493
b 1834
s 1348
b 485
s 3485
b 915
s 1431
s 2398
b 4397
b 4747
s 3660
b 3919
s 638
b 557
b 1145
b 4113
b 2073
b 3179
b 4199
s 2806
b 3002
b 3541
b 923
s 4843
s 1037
s 3840
b 15
b 2981
s 3243
s 719
s 3335
b 2300
s 1477
s 2571
s 1171
s 1976
b 1158
s 2476
b 2490
b 2881
b 358
s 2138
b 4149
b 585
s 1999
s 2360
b 3311
s 1124
s 792
b 3062
b 4498
s 2365
s 3254
b 2524
b 1119
s 1018
b 2047
b 135
b 2097
s 2386
b 1926
s 2629
s 3699
b 786
b 826
s 2145
s 2729
s 1099
s 1292
b 436
s 2418
s 4116
s 2145
s 3016
s 4119
s 3000
s 28
b 2346
s 1802
s 1654
s 427
s 3295
s 4344
s 1975
s 349
b 1769
s 3811
s 1702
s 422
s 484
b 1360
b 4252
b 246
b 511
s 1673
s 1708
s 2917
b 1397
b 690
s 2632
b 2229
b 3696
s 1559
s 2854
s 3020
b 3279
b 4003
s 3737
b 1166
b 3971
b 2256
s 3311
b 1622
b 507
s 4055
s 239
s 1165
b 4494
s 2256
b 3513
s 3897
s 134
s 1742
s 408
s 1813
s 3455
s 3481
s 659
b 2138
b 2014
b 1310
s 1426
b 578
b 3532
b 4117
s 4563
s 35
b 2136
b 30
b 3064
b 2750
b 3121
b 2628
s 869
b 2846
s 333
s 688
s 2339
b 1813
b 574
s 3093
s 4045
b 830
s 4871
b 2851
s 2574
s 4991
s 4131
s 2244
b 3163
b 2366
b 2365
b 691
b 3998
s 1586
s 3063
b 2403
b 4212
s 3111
b 4655
b 788
s 4976
s 2449
b 643
b 1454
b 3323
s 4002
b 262
s 2575
s 2182
s 2179
s 2702
s 1990
b 3713
s 4415
b 1212
s 757
s 1980
s 3797
b 1420
b 3483
s 4095
s 1353
s 91
b 4916
s 1970
b 2353
s 1190
b 466
s 2924
s 4599
s 2245
s 3496
b 4521
s 3242
b 658
b 3092
s 2395
b 823
b 2481
s 1935
s 3626
b 1069
b 4305
b 4424
s 121
b 401
b 3259
s 3388
s 3649
s 1855
s 320
s 2937
b 4981
s 44
s 3248
b 676
b 3569
b 2870
s 44
b 1388
b 4058
s 943
b 3738
s 2137
b 4171
b 1076
s 1918
s 1452
s 141
s 1490
s 2543
s 2573
b 2538
s 2869
b 14
b 2755
s 4866
b 4110
s 4226
b 1986
s 10
b 3116
s 4899
s 4986
b 3642
b 3200
b 2503
b 1195
s 4486
s 1820
s 4895
s 1087
b 256
b 3031
b 1216
s 4620
b 2978
s 507
s 604
b 3677
b 2098
s 2301
s 1213
b 3524
b 2120
s 4300
s 790
b 3880
s 1117
s 3249
b 3058
s 3741
b 3863
s 282
s 410
s 3818
s 4098
b 3070
s 1228
s 869
b 2457
s 175
s 4081
b 1064
b 808
b 3980
b 2048
b 1374
s 3534
s 2928
b 4422
b 4603
s 4878
b 4108
s 2814
s 3571
s 1316
b 134
s 2329
b 2937
s 2892
b 2504
b 2674
s 17
b 1755
s 3330
s 4198
b 1681
s 4922
s 4222
b 2136
s 1570
s 222
b 1576
s 2613
s 3630
b 68
b 640
s 172
b 984
b 1704
s 2130
b 4710
s 3044
s 1123
s 2848
s 4658
s 611
b 2387
s 1052
b 4691
b 4402
b 3318
b 569
s 2166
b 1847
b 422
s 1973
s 2472
s 147
b 3599
b 1588
b 4816
s 3746
s 3301
s 2885
s 3435
b 687
b 1709
s 2849
b 2976
b 4559
s 3609
b 3437
b 3868
b 4147
b 463
b 1087
b 3837
b 2560
s 855
b 510
s 1449
s 1461
b 4893
b 977
s 4338
b 498
s 4202
s 163
b 54
s 2449
s 4128
b 622
b 3513
b 2220
s 3110
b 1725
s 1778
s 4688
s 2886
s 4728
s 504
s 3807
s 45
b 341
b 510
s 4779
b 2432
b 1505
b 2094
s 4800
s 1594
b 4988
s 1745
s 3052
b 2300
s 486
s 825
b 4638
s 1804
s 4677
b 2462
b 2080
s 1292
s 2883
b 348
b 1732
s 1616
b 1481
s 1748
s 2954
b 989
s 4805
b 318
b 4550
b 2338
s 4000
b 3116
b 4731
s 2638
b 1032
b 1493
s 3558
b 1432
s 954
b 1070
b 1728
b 2609
b 3340
s 4322
b 904
s 1257
b 1238
s 1323
b 3433
s 3262
b 4793
s 1030
b 459
b 2259
s 2491
b 352
b 385
b 2373
s 2597
b 3473
s 3317
s 4554
b 4529
b 3614
b 1801
s 4252
s 2629
s 4590
b 3890
s 1669
s 1656
b 144
b 3167
s 4921
b 2017
s 3740
s 243
b 1819
s 2685
b 3708
s 3519
s 538
s 1661
b 1905
s 4820
b 2538
b 1189
b 3633
b 761
b 2252
b 4789
s 378
b 1712
s 2066
s 1894
s 1192
s 4415
b 2085
s 1626
s 3824
s 4320
s 17
b 1118
b 3918
b 1433
b 1417
s 1015
b 1387
s 3046
s 3283
s 4870
b 1606
s 129
b 3801
s 191
b 2280
b 1025
s 3073
b 2093
b 3727
b 1707
b 1603
b 4130
s 379
s 2277
s 1233
b 3579
s 1260
s 2173
s 1657
b 489
b 3332
s 4090
b 1586
s 4762
b 3135
s 1777
b 304
b 32
s 1031
s 1340
s 3621
s 2754
b 1091
b 2570
s 2346
s 1611
s 1994
b 3954
s 55
s 3180
s 4100
b 542
b 3986
s 2565
s 3075
s 4478
b 3500
s 1477
s 300
s 3104
b 3973
b 2997
s 3175
b 1038
b 3061
b 2688
b 4435
s 79
s 3952
s 4567
b 3168
b 3358
b 3040
s 1140
b 2798
b 2620
s 3907
b 3877
b 4044
b 3588
b 4318
b 2133
s 2896
b 2924
b 1681
b 3497
b 794
s 1950
b 1527
b 723
b 1641
s 3735
b 4366
s 699
b 4241
b 3694
b 4601
b 3193
s 3423
b 1668
b 3792
s 1006
s 3795
b 1782
s 3599
b 1825
b 2465
s 3323
s 430
b 3083
b 77
b 3986
s 647
s 4972
s 2200
b 3159
b 4649
s 2824
b 2238
s 2560
b 1945
b 3292
s 1073
s 15
s 1671
s 2992
s 3671
s 4877
b 939
s 4253
s 110
s 4270
b 3034
s 1084
s 1968
b 571
b 4008
b 3684
s 2030
b 4852
b 3254
s 1019
s 4427
b 4078
s 4766
b 1710
b 4750
b 3253
b 3975
s 580
s 566
s 636
b 996
s 4358
b 4919
s 3512
b 2474
s 650
s 4532
s 2672
s 2076
b 4197
b 1922
b 3727
b 454
b 4080
s 3933
b 1024
s 284
s 46
s 4252
s 2278
b 3636
b 4879
b 3490
s 2934
b 33
s 3027
b 2568
b 3101
b 2939
b 3191
s 2249
s 1195
s 4373
s 4203
s 3104
s 879
b 638
b 4568
s 4689
b 2471
b 809
b 2004
s 733
b 1238
b 4492
b 3446
b 2048
b 2699
s 4459
s 1201
s 4239
b 3336
s 3686
b 1669
s 880
s 2342
b 2812
b 1933
s 3045
b 3312
s 2971
b 4605
b 2962
s 4330
s 3737
b 4843
s 4855
s 2942
s 3704
s 683
s 958
b 3635
b 956
s 274
b 3545
b 3574
s 3056
b 3642
s 3661
s 4966
s 4754
b 3737
b 4204
s 4839
b 1196
s 4006
s 1159
s 1919
s 1827
b 4094
s 2657
s 4074
b 888
b 373
s 2289
b 4338
s 4175
s 4336
s 3453
s 936
s 2434
b 330
b 4257
s 3300
b 217
b 1538
b 1270
s 813
b 2802
b 1263
b 524
b 4156
b 1452
s 4834
b 2914
s 2521
s 3670
b 1244
b 809
b 4211
b 3043
b 4486
b 2780
s 2164
b 373
s 4800
b 2677
b 1996
s 4523
s 191
b 4300
b 3748
b 858
b 4509
s 2040
b 1082
s 116
s 2413
b 1844
s 2731
b 3688
b 1285
b 2298
b 3477
s 2045
s 4625
s 924
s 4622
b 2869
s 3348
s 3095
s 2204
s 434
s 1793
s 3720
b 3047
b 540
b 1432
s 3585
s 129
s 4933
s 1863
b 645
s 4192
s 1428
b 3948
b 3469
s 4901
s 4278
b 3310
s 2440
s 2925
b 3584
s 619
b 1011
b 1373
s 1110
s 2280
b 4289
b 4920
b 3142
s 358
b 1531
b 17
b 755
s 1085
b 3390
s 4701
s 770
s 1585
b 2871
b 2707
b 4678
b 3228
b 4128
s 1008
s 4073
b 4790
s 3538
b 4025
b 2319
b 1916
b 4238
s 3838
s 3403
s 1474
s 1320
b 1195
s 2350
b 3868
s 1257
b 1685
s 4021
s 219
b 1016
b 1759
b 4263
s 2675
s 1498
b 756
s 3036
b 1881
s 4960
s 2825
s 4902
s 814
s 1550
s 4096
b 2899
b 4511
s 1618
s 2109
s 4846
b 4476
s 1650
b 3378
b 2125
s 2578
b 1798
b 3421
b 1134
s 2798
s 2507
s 1716
b 3436
s 2782
b 2639
b 832
s 1634
s 367
s 178
b 290
s 3099
s 2022
s 4382
b 601
b 4381
b 1075
b 133
b 2833
b 1437
s 23
b 4937
b 2094
b 2495
s 617
b 3915
s 164
b 728
s 1314
s 3812
s 4618
b 22
s 3758
s 3426
s 567
b 3240
b 746
b 3448
s 4124
s 4101
b 406
b 3564
b 2043
b 1365
s 2765
s 1382
s 2645
b 1411
b 2522
s 2352
s 302
s 3603
s 12
s 4722
b 4738
b 4995
s 1813
b 1482
s 2477
b 4475
s 3653
s 2083
s 3165
b 3657
s 2515
s 1099
b 869
s 2643
s 2679
s 1078
s 4951
s 2891
b 4226
s 3654
b 4104
b 2085
s 2813
s 1796
s 3729
b 3492
s 733
s 3895
s 2774
b 3045
s 731
s 692
s 225
s 4493
b 4981
b 471
s 1650
b 4203
b 1880
b 3711
b 2664
s 3908
b 4110
b 2246
b 2278
b 532
s 1516
b 2055
b 1057
b 3268
b 1339
s 247
s 3711
b 3396
s 913
s 4493
b 2192
s 976
b 2997
b 4659
b 1171
b 202
s 3475
b 3791
b 4575
s 4932
b 566
s 2344
s 2263
s 1240
s 3123
s 856
s 2099
b 4986
b 3032
s 2192
s 4096
s 4842
s 1108
b 1371
s 1394
s 4935
s 2276
b 3956
b 945
b 2973
b 2528
b 4980
b 862
b 1161
s 4039
s 2551
b 3453
b 2835
s 1188
b 3194
b 2156
s 122
s 1806
s 162
b 3047
b 4245
b 4095
s 4725
b 3209
s 991
b 2105
s 3704
b 2878
b 4854
b 3048
s 3696
s 2285
b 181
s 991
s 4734
s 505
s 2004
b 1985
b 4631
s 2390
b 4480
s 2440
b 3640
b 1480
b 759
s 4077
s 4719
s 1443
s 4727
s 2540
s 4680
b 1503
s 2515
b 607
s 27
b 1424
b 2342
b 644
s 2801
s 2633
s 1581
b 224
b 3946
b 3273
s 1196
b 3222
s 2852
s 3972
s 2519
s 3196
b 1035
b 696
b 2094
b 4254
b 4797
b 4453
s 3519
s 4801
s 523
s 1801
s 1565
s 131
s 2754
b 885
b 1251
s 4118
b 1539
s 4131
s 529
s 729
b 4922
s 1018
b 3365
s 2666
b 2272
b 175
b 4602
b 3065
s 3475
b 331
b 2339
b 705
b 2208
b 4050
b 1936
b 4890
s 1504
b 2342
b 3346
b 3378
s 210
b 4171
b 849
s 2205
s 1374
s 906
s 1664
s 851
s 1135
s 782
b 1210
b 2552
s 2263
b 3606
b 991
s 3395
b 4836
s 2656
s 2891
s 1458
s 2545
b 206
s 2386
s 1397
s 438
s 4087
b 979
b 1567
s 3601
s 2740
s 2041
b 3752
s 406
s 3461
s 3946
b 2584
b 1438
b 4352
s 600
b 1587
b 1596
b 2372
b 33
s 2625
s 3962
b 803
b 2091
s 4475
b 1615
s 2797
s 1135
b 613
b 4004
b 1167
s 3713
s 496
s 4470
b 4282
b 2211
s 4473
b 510
s 2312
b 490
s 3639
s 891
b 4183
b 4752
s 3305
b 4662
b 4998
b 1007
s 4871
b 2288
s 4002
b 1795
s 2409
s 1197
b 2044
b 2046
s 687
s 714
b 714
b 681
b 3289
s 424
s 1165
b 404
b 2961
s 4475
b 4577
s 3817
b 2099
b 1384
s 2865
s 3299
s 2148
b 3503
b 4772
s 4127
b 2159
s 3667
b 233
b 1640
s 4925
b 2743
b 3626
b 770
s 848
b 781
b 1465
s 2702
s 4240
s 2052
s 1314
b 1140
s 2682
b 3037
b 3623
b 2264
b 1399
s 2100
b 2820
b 493
s 2321
s 2503
b 592
b 706
b 40
b 3587
b 4441
s 762
s 2001
b 287
b 3562
b 3310
s 4872
s 4876
b 1452
b 1500
b 560
b 3036
s 2683
s 3678
s 219
b 285
b 2993
s 3171
b 1415
s 509
b 4702
b 384
b 4285
s 2664
b 2877
s 2865
b 1862
s 1008
b 4624
b 3487
b 173
b 1604
s 813
s 279
b 4673
s 3192
b 3294
s 771
s 4850
s 2212
b 1687
b 4056
b 3976
b 2363
s 2432
s 2522
b 2839
b 1931
s 4929
b 881
b 4128
b 2309
b 1141
b 3617
s 4362
s 2204
s 1571
b 3522
b 3753
b 4331
s 3011
s 3115
s 2673
b 3340
s 410
b 1597
s 4680
s 3692
b 4147
s 475
s 2288
s 2989
s 3220
s 1167
s 1304
s 2203
b 475
b 2129
s 4608
b 2410
b 3560
s 1353
s 2516
b 1808
s 4996
b 1448
s 1607
s 1932
b 2917
s 4557
b 653
b 1012
s 3494
b 621
b 1599
s 1670
b 1240
s 2471
b 3478
b 2863
b 3351
b 554
s 3439
s 4683
s 4548
b 1015
b 3559
b 4732
b 182
b 239
b 1402
b 676
b 788
b 2441
b 3105
b 4791
s 3192
b 1930
s 4753
s 1608
b 183
s 2781
s 43
b 987
b 3176
s 3511
s 1669
b 356
s 2800
b 3114
s 2216
b 3824
b 545
s 901
b 338
s 4188
s 4665
s 216
b 1514
s 4412
b 4607
s 1349
b 3429
b 1656
b 3465
b 121
s 2395
s 1068
b 3604
b 4196
b 4973
s 57
b 3208
b 3076
b 183
b 3143
s 1746
b 1214
s 4521
b 814
b 2854
s 2775
s 1079
s 3337
s 4234
b 4722
s 2059
s 3552
s 4318
b 987
b 1637
s 825
b 4627
s 4519
b 859
b 4323
s 2585
b 4097
b 2128
b 99
b 747
s 2788
s 4240
b 4109
s 2778
b 2029
s 748
b 152
s 2572
b 847
s 1873
s 4916
b 2799
s 1485
s 788
b 3197
b 3785
b 2372
s 2068
s 1482
s 842
b 32
b 3412
s 2660
b 2464
s 3975
b 2776
b 3495
b 2976
s 4710
b 1816
s 4470
s 1044
s 2067
b 3556
s 366
s 647
s 708
b 357
b 3896
s 190
s 4001
s 922
b 1125
b 2888
s 2296
s 3788
b 1564
b 3091
b 4674
b 8
s 3015
s 1616
b 3106
s 678
s 4391
b 823
s 2230
b 577
b 3546
b 268
s 767
s 4317
s 2538
b 241
b 3673
s 2199
s 4291
s 974
b 3493
s 4296
s 3873
s 2487
s 237
b 3897
b 4762
s 2753
b 1551
s 1283
s 719
s 3074
s 2160
b 2469
s 2419
b 62
b 923
s 1088
b 974
b 872
b 4392
s 2838
s 1260
s 3331
s 2644
b 4227
b 3195
s 1264
b 2831
s 4194
s 2971
b 11
b 373
b 707
b 777
s 12
s 261
b 2433
b 397
b 215
s 169
s 2170
s 964
b 4335
s 956
b 452
b 1425
b 4125
s 3279
s 4512
b 600
b 3899
s 973
s 421
s 3210
s 3982
b 4502
s 3940
b 4798
b 2553
b 1225
b 2539
s 3377
b 934
b 898
b 2675
s 3626
s 2856
b 4985
b 757
s 238
b 3799
b 2250
s 1664
s 926
s 778
b 904
s 3449
b 3919
s 3751
s 713
s 1824
b 2641
b 940
s 1703
b 1335
s 3380
b 1232
s 4073
b 1170
s 2219
b 1713
b 4301
b 3765
s 3748
s 1984
s 1789
s 4438
s 2009
b 1809
s 2401
b 2054
s 2266
b 4960
s 1069
s 4461
b 4867
s 3291
b 2847
s 3539
b 391
s 4732
b 2449
b 4507
b 3884
s 3608
s 201
b 1601
s 4673
s 2090
b 1661
b 2952
b 1355
s 1240
b 3641
b 4176
b 3628
s 1774
b 1661
b 23
s 2833
b 4467
b 2426
s 324
b 3613
s 2199
b 3158
s 1557
b 1993
s 3637
b 1861
s 607
s 9
s 1268
s 1865
b 1817
b 576
b 344
b 1269
s 1439
s 2587
s 1592
s 3022
b 2247
b 2784
s 2882
b 494
b 3672
s 1190
s 3544
s 787
s 3267
b 1722
s 3926
s 3571
s 1934
s 61
s 4818
s 1997
b 706
b 956
s 3791
s 3783
b 1230
s 1360
b 4438
s 3250
b 3732
b 4322
b 1443
b 802
s 3798
b 625
s 1803
b 4483
b 3217
b 4545
b 4237
s 1690
b 187
b 2673
b 1608
b 4020
s 749
b 1927
s 3490
b 789
b 241
b 4752
s 2353
s 3563
b 4982
s 4955
b 736
s 2014
s 2674
s 1191
s 2689
b 86
b 4688
s 1185
b 1199
b 1988
s 4369
s 4050
b 4278
s 3444
b 4889
s 2732
b 1748
b 3665
b 4408
b 1891
b 1233
s 2194
s 3769
s 3043
b 845
s 438
s 1945
s 413
s 4937
s 522
s 3960
s 4195
b 3595
s 1651
s 4970
b 4824
b 3162
b 2636
b 3337
b 1518
b 490
b 1905
b 4654
s 4304
s 3281
s 4353
s 2712
s 2126
s 3985
s 2299
b 75
s 1744
s 3815
b 3721
s 2425
s 3356
b 2488
b 4193
b 2423
s 1565
b 2924
b 2846
b 2361
b 1895
b 2056
s 3738
b 4054
b 4501
b 4285
b 3197
b 179
b 4201
s 207
b 1465
s 2408
s 1704
s 988
s 1474
s 1585
s 4474
s 2092
b 1837
s 3898
b 2971
b 3575
b 4107
b 4506
s 4638
b 3600
s 4019
b 1227
b 4278
s 1780
b 205
s 2763
b 4794
b 4025
b 751
s 1589
b 231
b 1943
s 2070
b 688
b 4113
b 4147
s 2277
s 4896
b 3795
s 1910
s 3893
b 1979
b 4370
s 4071
b 4212
b 4705
b 1010
b 4491
b 3272
b 2134
b 3304
b 1243
b 4192
s 21
s 1154
b 661
s 3432
s 1000
s 3653
s 90
s 4980
s 3431
b 4244
b 464
b 2734
s 1565
s 2880
b 3633
s 2016
b 3633
s 4766
s 2107
s 2390
b 272
s 1975
b 1879
s 3832
s 2384
s 2532
b 4625
b 4443
b 4910
s 4155
s 274
s 4987
s 3095
b 3448
s 1058
b 2297
b 139
s 2955
s 1267
b 2839
b 4556
b 1347
s 4101
s 1536
b 4327
s 904
s 339
b 1335
s 3070
b 4030
s 3306
b 4036
s 3308
s 2673
b 498
s 4456
s 1394
b 786
s 1251
s 2867
b 1942
s 983
s 3532
s 3287
b 3083
s 43
b 4545
b 835
b 3188
s 1946
s 2237
s 4761
b 3115
b 3094
s 930
b 4897
b 4567
b 969
b 1648
s 3225
s 616
s 3739
b 2643
s 3880
b 4182
s 3481
s 3304
s 1053
s 4139
s 3522
s 3510
s 968
b 2310
s 4675
b 4893
s 3588
b 1805
b 1494
s 4563
b 437
b 311
s 2015
b 4998
b 3109
b 4840
b 4815
s 2511
s 3522
s 1406
s 1412
s 2329
s 4630
s 4575
b 2582
s 2680
b 371
s 2724
s 938
s 3336
b 3136
s 3168
b 3747
s 2685
s 3715
s 3247
s 2950
b 2476
s 3923
s 453
b 1911
b 2521
s 608
b 4749
b 4093
s 4720
s 4665
s 1666
s 4031
s 3911
s 34
s 3115
b 1378
s 1018
s 3834
b 1004
b 2894
b 4131
s 4670
b 3863
s 4311
b 1787
b 4775
s 695
s 1519
s 1953
b 1391
s 622
b 3259
b 647
b 316
b 1491
b 1212
s 3894
s 3935
s 1572
b 4866
b 3511
b 1492
s 1684
s 1780
s 4554
b 1575
s 3974
b 2804
s 574
s 192
b 1456
s 1444
b 3063
s 4314
s 3241
b 4765
s 1850
b 602
b 1252
s 1879
b 618
b 3892
s 1809
s 2060
s 2507
b 1857
s 3143
s 1130
b 4001
b 4685
b 4485
s 3023
b 122
s 2859
s 976
b 745
b 4341
b 4631
s 2147
b 1158
b 4661
b 582
s 3146
s 1476
s 1961
s 1549
s 3130
b 2305
b 554
s 3666
b 3149
s 3594
s 3218
b 3327
s 2231
s 4724
b 2253
b 1487
b 3976
s 4488
b 1432
s 130
s 4630
s 4883
b 3867
b 3101
b 1976
b 3647
s 3472
s 1706
b 1846
s 1898
b 2111
s 240
b 2395
b 4546
b 4720
s 3672
s 4269
b 1895
s 3159
s 1682
b 225
b 4314
s 3324
b 4420
s 2311
b 4939
s 4336
s 1172
b 4498
b 1678
s 2391
b 203
b 3826
s 4413
b 1148
s 458
s 4247
s 2110
s 3647
s 2854
s 2574
b 3756
b 4495
s 1358
s 1067
s 483
b 367
s 3749
s 3525
b 3598
b 4390
b 271
b 3313
s 1084
b 2945
b 3286
s 2753
b 2348
s 1173
b 4332
s 2702
s 3880
b 671
b 2579
s 3633
b 3931
s 4964
b 1476
s 4099
s 866
b 2230
s 2308
b 501
b 4114
s 1007
b 3312
s 2215
b 902
b 4158
s 1104
b 1532
b 4870
b 1895
s 1302
s 1838
b 419
b 4109
s 4928
s 3132
s 3322
b 2944
b 1863
s 4904
b 1597
b 1122
s 691
b 2265
b 2183
s 1429
b 2526
s 2852
s 3050
s 2745
s 536
b 1174
b 2306
b 416
b 3591
s 4834
b 597
b 1289
b 1563
s 719
b 1869
s 2255
b 2666
s 924
s 4333
b 2208
s 4669
s 4754
s 4814
b 1218
b 2140
s 752
s 1811
s 1737
s 1616
b 2935
b 4171
b 142
b 1385
b 557
s 4534
b 4704
b 2006
b 203
b 754
s 3253
b 4026
s 469
s 2864
b 2303
b 4006
s 2237
b 4420
s 196
b 2530
b 2342
b 2943
b 3500
s 198
b 1377
s 2674
s 2842
b 2847
b 708
s 2155
s 2352
s 3253
b 274
s 2848
b 4949
b 786
b 1091
b 2043
s 3967
s 3327
b 1571
s 3057
s 392
b 1207
b 3388
s 2487
s 2848
b 1384
b 1580
b 177
b 907
b 3009
b 2108
s 2063
b 1704
b 1572
s 766
s 786
s 1333
b 1374
s 3901
b 1395
b 3876
s 1188
b 2520
s 1316
s 1775
s 2741
s 715
b 4871
s 4690
b 1450
s 4427
b 3770
b 1214
b 2482
s 2389
b 4239
b 1977
b 4802
b 1154
b 709
s 1590
b 4615
b 4150
s 3085
b 3042
b 4090
b 3078
b 1457
b 1253
b 1993
b 4847
s 1198
s 1508
b 3192
s 4888
s 2038
s 3914
s 4146
b 2617
s 151
b 3940
s 422
s 1233
s 1052
s 2513
b 3239
s 4237
b 3267
s 324
s 713
b 576
s 1022
b 1868
b 3212
b 305
s 3485
s 2223
s 623
b 1349
b 3872
s 4817
b 757
b 3595
s 1394
b 3649
s 3273
b 2966
b 1431
b 2881
b 3150
s 3905
s 4709
b 4148
b 4993
b 2481
s 1317
s 2743
b 4705
b 766
s 941
s 1231
s 3629
s 799
s 4793
s 3466
b 1592
s 1698
b 570
b 1118
s 3045
b 1227
b 3367
s 1554
b 2224
s 3997
s 1685
s 3132
b 2225
s 4992
b 855
s 1059
b 3467
b 4527
b 4392
s 1822
b 2543
s 1872
b 206
s 4720
b 1610
b 3733
b 1012
s 538
s 3750
s 458
s 251
b 1206
s 579
b 1973
s 4372
b 2298
s 2308
s 2943
b 3179
s 1359
b 4845
b 2605
s 739
s 755
s 4939
b 2274
b 2481
s 1244
b 2718
s 3315
s 1960
b 63
s 2928
s 2000
b 55
s 302
s 2323
s 658
s 832
s 4311
s 3035
b 4838
s 690
b 1002
b 2804
s 4457
s 145
s 2465
s 1303
s 254
s 2483
s 2104
b 2239
s 623
s 2967
s 4664
s 1361
s 3117
s 1330
b 2697
s 3037
b 2943
b 1015
s 1258
s 4634
b 936
b 4830
s 3256
b 3811
b 4606
s 4052
s 2238
s 2305
s 2648
s 3193
s 2668
s 3854
s 1205
b 3903
b 4487
s 1361
b 4705
s 526
s 1336
s 2930
s 2190
s 4470
s 776
b 3132
b 2255
s 53
b 1008
b 535
b 2473
b 1497
s 3478
b 1376
b 2131
s 602
b 2174
b 49
s 4682
s 3476
s 2149
b 2460
b 2018
s 3995
s 3229
s 3634
b 1883
b 2585
s 3408
s 3299
b 3186
s 2558
s 4083
b 4770
s 663
b 4813
s 4196
s 2351
b 591
b 4929
s 539
b 4496
s 2678
b 3653
b 1077
b 2534
s 271
s 4272
b 2488
b 3664
b 103
s 4362
b 656
b 1086
b 3358
s 4449
s 1829
s 2103
s 1897
b 4490
b 2857
b 2918
b 4339
s 2467
b 1496
b 1482
b 3494
s 3789
s 1677
s 1034
b 73
b 4193
b 875
s 233
s 3046
b 3670
s 4177
b 4504
b 4753
s 4086
b 332
s 2331
s 4793
b 3623
s 4289
b 1310
b 589
b 568
s 902
s 4242
b 490
s 4441
s 1126
b 4598
b 2718
b 268
s 2440
b 2993
s 3457
s 4608
s 1385
s 1967
b 1935
s 2100
b 1955
b 1914
s 4740
b 1073
s 3297
s 304
s 3937
s 272
b 4103
b 968
b 3770
b 1631
s 37
s 2675
s 1366
s 1478
s 2767
b 365
b 3738
s 2492
b 1862
b 1253
b 4812
s 3784
b 2005
b 4078
b 3547
b 175
b 668
s 807
s 4041
s 1235
b 3059
s 4970
s 4100
s 1379
s 2286
s 1497
s 581
b 3309
s 4920
b 2192
s 121
s 101
s 1269
b 3895
s 2725
b 293
b 2947
b 4
b 2925
b 1878
s 1477
b 2544
s 4716
s 841
s 2191
s 366
b 3018
s 3874
s 2109
b 796
b 4515
s 206
s 3463
b 2790
b 2366
s 614
s 2975
b 1638
b 2582
s 1329
b 3400
s 4902
b 3527
s 1360
b 465
s 1607
b 2990
b 3059
b 3522
b 4797
s 1349
s 272
b 1868
s 2487
s 4811
s 3680
b 952
s 1773
b 4883
b 2286
b 1151
b 4983
b 3592
b 788
b 347
s 1545
b 259
b 4881
b 1417
b 2390
b 1797
s 91
b 1716
s 4962
s 3640
b 4546
b 1820
b 2119
b 3220
s 3928
b 1290
b 4730
b 2580
b 836
b 4081
s 4904
b 3461
b 2207
s 1757
b 2858
b 4683
s 4881
b 2179
s 3673
b 1023
b 3681
s 2301
s 4174
s 3270
s 4080
b 4875
b 3753
b 1258
s 2102
b 2152
b 2962
s 4020
b 4407
b 3815
b 4400
s 2776
b 2820
b 3174
b 4126
s 1370
s 1937
b 3619
b 2303
b 3183
s 869
s 2473
b 3538
b 4412
b 4310
s 905
b 145
s 2951
b 3613
s 111
s 3190
b 3611
s 1376
s 3288
b 4546
b 352
b 2308
b 1883
b 3628
b 719
s 1247
s 1956
b 713
s 3128
s 4275
s 4914
b 448
s 3798
b 2633
b 3215
b 3599
b 2856
s 2360
s 3674
b 3749
b 2671
b 471
b 4100
s 806
s 1030
b 2276
s 1791
b 4448
s 1317
b 2236
b 929
s 2191
b 4693
b 3658
b 3686
s 2417
b 4923
s 1912
s 2495
s 2473
s 4365
s 350
b 4967
s 2109
s 480
b 3233
s 2636
b 210
s 230
b 3853
b 1649
b 2271
b 1476
b 1180
b 656
s 412
s 3655
b 1651
s 625
b 2963
b 4381
s 1046
b 3284
s 4681
s 1470
b 1376
s 4849
s 4121
s 2360
s 425
b 1773
s 3003
b 2173
b 3334
b 3293
b 2670
b 1038
b 4942
s 2367
b 4770
s 4188
s 2750
s 4083
s 2938
s 4568
b 4014
s 1379
s 1939
b 1056
s 1081
b 292
b 3257
b 2908
b 4227
s 4721
s 1352
s 2912
b 4001
s 2255
b 4371
b 2810
s 142
s 706
b 2899
b 4273
s 609
b 1974
b 2052
s 128
s 913
s 1069
b 3544
b 2579
s 3657
b 1608
b 4089
b 1044
b 33
s 3218
s 4051
b 4007
s 1123
s 726
b 1260
b 3051
s 2168
b 2258
b 1130
b 3782
s 385
b 3927
b 3215
s 4239
s 243
s 3284
b 4997
s 4114
s 1200
b 642
s 2957
s 539
s 3158
b 2583
s 854
b 3977
b 3339
b 4703
s 529
b 867
s 3659
b 788
s 1817
b 1334
b 3906
b 306
b 1916
s 4714
s 301
s 2656
b 2060
b 2959
s 605
b 4087
s 4546
b 2290
b 22
b 652
b 3775
s 3772
s 4207
s 3091
b 2539
s 877
b 1954
s 3168
b 4960
b 3333
s 3625
s 2822
b 235
b 2143
s 216
s 3090
s 3781
b 2139
b 721
b 4984
s 2503
b 808
b 1225
b 3517
s 4033
s 2210
b 55
b 2580
s 4283
s 873
s 1352
b 2900
s 3980
b 4924
s 3288
s 551
s 3842
b 1311
b 1950
b 1573
b 2074
b 3386
s 4765
s 961
s 1867
s 4709
s 1176
b 3876
b 124
b 1791
b 4084
b 2526
s 4637
b 3517
b 4700
b 4573
s 2924
s 4397
s 1711
s 1402
b 3601
s 505
s 2527
b 1240
s 944
s 965
s 3696
s 2634
b 3257
b 731
s 1242
s 4050
s 554
s 3154
s 1232
b 2138
b 3743
b 1049
s 2657
s 4617
b 385
s 2414
s 1581
s 3544
s 2818
b 401
s 1000
b 95
s 3914
b 3110
b 345
b 4760
s 1327
s 2034
b 3595
s 234
s 1199
s 130
b 433
s 879
s 2094
b 2139
b 1315
s 100
s 3434
s 1294
b 4359
b 1230
b 1466
b 1931
b 2887
b 4919
b 4139
b 3371
s 4949
s 3375
s 3707
b 151
b 4032
s 1927
s 4661
b 1501
b 4064
s 587
b 510
s 3686
b 972
s 3176
b 1679
b 2770
b 4777
b 4256
s 3227
s 4901
b 4730
s 1065
b 2804
b 2791
s 1103
s 4675
s 3139
s 3039
s 4894
b 2742
b 4349
b 792
s 1327
b 3091
s 4926
b 2522
s 1235
s 2389
s 428
s 3583
s 4527
b 4136
s 2020
b 4249
s 2355
s 4213
s 374
s 3186
s 298
s 3240
s 430
s 4718
s 173
b 2252
s 4579
b 3849
s 3476
b 4616
s 3068
s 3899
s 2403
b 329
s 4624
b 1965
s 1892
b 2855
s 2713
b 4095
b 1834
s 818
b 1214
s 2110
b 4089
b 1645
s 3999
b 3511
s 3291
b 3239
s 1791
s 1128
s 3320
s 2345
s 1728
b 608
s 1864
b 961
b 2530
b 275
s 3261
b 563
s 1163
b 4491
s 2024
s 758
s 3093
s 2921
b 311
b 2892
b 3886
s 820
b 1063
s 4953
b 3392
b 666
b 4674
b 910
s 1804
b 2238
s 3768
s 4549
s 373
s 4821
b 2046
b 1339
s 4967
s 4240
b 3823
b 2518
s 2953
s 201
b 769
b 737
b 4965
s 4931
b 843
b 3416
s 4444
b 2223
b 981
s 1713
b 3794
b 4912
b 388
s 3630
s 3226
b 3560
b 1311
b 4793
s 497
s 467
s 3788
s 3186
s 336
s 551
b 1292
b 4167
b 933
s 3591
s 214
s 1876
b 2226
s 990
b 3686
b 824
s 63
s 1182
s 4622
s 1170
s 1647
s 2008
b 1722
s 2173
s 4408
b 1389
b 2459
b 4326
b 537
b 3091
s 3833
b 4957
b 1911
b 1201
b 975
b 3815
s 1938
s 3900
b 4997
s 4228
b 3958
s 3304
s 4065
b 1445
s 1347
s 1742
b 5
b 2829
b 3062
b 1383
b 3071
s 3861
b 182
s 1224
s 2695
b 2587
b 3035
b 3101
b 3409
s 1529
s 2228
s 2816
b 708
b 3462
b 4712
s 2545
b 2547
s 1791
s 3285
b 3465
b 4443
s 780
s 2135
s 2872
b 1475
s 123
b 463
b 3304
b 4201
b 4917
s 4227
s 4063
b 2723
b 3311
s 879
b 1179
b 3036
b 79
s 4523
b 4265
b 2569
b 4011
s 2405
b 123
s 2513
s 3300
s 2183
s 1698
b 2395
s 411
s 2495
s 240
s 3137
s 3584
s 3082
s 2785
b 647
s 124
b 4719
s 565
s 2936
s 1736
s 4931
s 4343
b 4987
s 1513
s 471
s 425
b 3146
s 4505
b 2246
b 2271
s 230
b 4044
b 3849
b 2783
s 1716
s 4166
s 1208
s 1941
s 800
s 676
s 276
s 2788
s 2682
b 3704
s 4259
s 2872
b 1185
b 1141
b 4606
s 1417
b 3598
s 3250
b 4175
s 3816
s 1396
b 4355
s 3929
s 3798
s 3540
b 2687
b 1244
b 4130
b 1101
s 3551
s 1936
b 3849
b 2724
s 4907
b 1360
s 3162
s 4686
b 2754
s 3885
s 2498
b 81
s 2364
b 398
b 210
b 1454
s 2497
s 2314
b 4179
b 4416
b 4921
s 3548
s 37
s 2565
b 2276
s 4957
b 3600
b 3796
s 1141
b 2158
s 4986
b 1686
b 1628
s 1957
s 2642
b 3264
b 490
s 4858
s 1659
s 3885
b 2131
b 4620
s 348
b 1069
s 1062
b 1527
s 2395
s 4699
b 3850
b 1621
b 115
b 4242
b 2268
s 3735
b 2508
b 1768
s 835
s 1887
s 3274
b 2802
s 1402
b 779
s 3135
b 2595
b 1652
s 1657
b 4564
b 2984
b 258
b 1208
s 4778
s 4048
s 2408
s 4549
b 2147
s 3512
s 869
s 4683
b 3187
b 11
b 2231
b 2420
b 2700
b 2595
s 2181
s 4700
b 1579
s 1685
s 3289
b 1085
b 4862
s 4393
s 2509
b 3765
b 3240
b 4641
b 494
s 4273
b 93
s 2708
b 1192
s 2091
b 152
b 382
b 3942
b 4270
b 2242
s 1624
s 4384
b 2243
s 3061
b 4117
s 1548
s 2334
s 3578
b 2946
b 3888
s 579
b 1120
b 1329
b 4844
b 219
s 35
b 4973
s 4004
b 3700
s 483
b 1993
s 18
b 1183
s 266
b 4510
s 1998
s 2021
s 1369
b 4967
b 873
s 4455
b 1649
s 3000
b 3562
s 4438
b 2818
b 1894
s 1021
b 3911
s 4219
s 3212
b 2370
b 3058
b 1069
b 1214
b 4864
s 3911
s 2409
b 4097
b 3628
b 1574
b 1175
s 877
s 1398
b 3872
s 159
s 2154
b 2633
b 1810
b 3404
s 779
s 3558
b 1394
b 446
s 1791
s 3999
s 2497
s 2959
s 3268
b 3723
b 1209
s 326
b 2067
s 207
b 2224
b 1966
s 1111
b 3950
s 232
b 2582
s 4623
s 2184
s 2814
b 941
s 4096
s 3489
b 4179
b 2153
b 3080
b 1570
s 762
b 1296
s 3994
s 762
s 1896
b 1363
b 4545
s 4203
b 4819
b 4041
s 3319
s 2186
s 105
s 1152
b 2529
s 2734
b 2562
s 3778
s 2609
s 4560
b 3
s 4236
s 1641
b 4732
s 4585
s 837
s 760
b 2756
b 2866
s 1729
b 1687
b 4475
b 3868
b 1015
b 1749
s 3577
s 2669
s 822
s 3877
b 1888
s 4783
s 1481
b 3197
b 2482
s 640
s 187
b 3007
b 1283
b 856
s 1330
b 2670
s 3197
s 2130
s 4613
s 854
s 1292
b 1191
b 4411
b 1953
s 3795
b 2964
b 2819
s 3756
s 3012
b 2382
b 1495
b 4197
s 2734
b 1499
b 2738
b 4216
s 3120
b 147
b 3103
b 1215
b 3037
s 4906
s 3485
s 3833
b 1282
b 1161
b 2124
s 3448
b 1714
s 3937
s 3544
s 1062
s 3437
b 1614
b 1739
s 4946
s 1187
s 2419
s 4269
s 2985
b 1185
s 231
s 4468
b 1921
s 1183
b 2981
s 3940
b 350
s 2332
b 869
s 1677
b 4949
b 1848
b 2464
s 2356
b 1571
b 3805
s 2613
s 2927
b 3384
s 3271
s 3496
s 657
b 3759
s 1506
b 1327
b 917
b 849
b 4114
b 2220
s 93
b 41
b 3370
s 1747
b 1536
b 3027
b 2460
s 4242
b 4694
b 856
s 2587
s 4909
b 2369
s 4246
s 4539
b 2288
s 547
b 4520
b 504
s 4295
s 892
s 2489
b 4660
s 868
s 729
b 4869
s 2956
b 4546
b 2820
b 598
s 4443
b 2624
s 1638
b 1903
s 4468
s 4719
b 126
s 4065
b 3363
b 1768
b 3795
s 90
s 2005
b 2082
b 2947
s 3760
s 2137
b 818
b 4448
s 1846
b 694
b 183
b 3038
s 1172
s 3940
s 793
b 4912
b 2451
b 2134
s 4158
s 1288
b 4996
b 4466
b 2807
b 2945
s 2913
s 3709
s 4803
b 3383
s 3132
s 3347
b 4742
s 2427
b 4596
b 2002
s 1445
s 3364
b 755
b 4528
b 1907
s 108
b 3948
s 560
b 996
b 3132
b 3306
b 1566
s 2366
b 816
s 398
s 626
s 4710
b 1282
b 3030
s 1206
b 2163
s 1582
s 1737
b 569
s 620
s 3346
s 3400
b 1359
s 4711
b 4317
s 4662
b 1402
b 4622
s 707
s 4731
s 3886
s 2500
s 4649
s 3554
b 194
s 1536
s 997
s 257
s 207
s 1633
b 4586
b 53
s 412
b 4105
b 973
s 4302
s 1681
s 3982
b 1611
s 717
s 1145
b 769
s 1970
s 2917
s 3012
b 2379
b 2274
b 3647
s 2063
b 4258
b 4387
b 1303
b 311
s 3125
s 4876
s 1733
s 4572
b 3568
b 3743
s 1955
b 3320
s 4998
s 1259
s 1739
s 4814
b 1161
b 3760
s 2170
s 460
b 2958
b 3217
s 1821
b 4256
s 4548
s 4017
s 4868
b 4703
b 4650
b 2843
b 3225
s 3745
s 2716
s 2592
s 304
s 1296
b 2246
b 2569
s 536
s 1693
b 1593
b 1687
s 4234
s 394
b 2251
b 2754
b 1019
s 4728
b 2789
b 2837
s 54
b 3106
s 3851
b 1139
b 2925
s 3105
b 3470
s 1943
b 1348
s 3850
s 4544
s 1678
b 1758
s 2196
s 4835
s 4802
b 1956
s 891
b 2350
b 1648
s 4285
b 1285
