100
65 31
45 33
30 76
49 17
8 5
81 48
73 21
19 26
8 24
19 82
39 73
15 81
80 98
82 14
18 40
88 85
40 71
94 2
58 18
33 16
45 1
31 4
88 23
89 15
60 58
69 25
100 80
80 32
5 7
43 3
5 56
74 19
39 72
75 53
10 29
66 99
87 67
40 9
40 38
89 49
77 44
15 88
70 47
67 22
28 62
74 52
84 20
72 74
100 43
17 36
19 27
28 60
33 77
61 54
27 64
66 28
74 57
64 79
38 45
85 37
27 78
71 65
95 86
57 10
67 41
67 95
33 89
8 30
32 66
62 51
60 94
100 61
79 8
86 70
15 55
72 46
24 42
83 91
54 34
28 83
8 97
42 68
36 12
24 92
25 50
40 96
56 69
3 13
2 84
68 100
42 63
15 87
82 59
64 75
69 11
48 35
77 90
81 6
86 93
100
b 83
b 9
b 94
s 33
b 71
s 99
s 67
s 65
b 36
s 62
b 70
b 41
b 100
s 37
s 93
s 88
s 100
s 79
s 22
b 6
s 62
s 55
s 45
s 60
s 94
s 77
s 87
s 7
s 34
b 72
s 31
b 49
b 72
s 91
s 58
s 30
b 92
b 64
b 62
s 34
b 25
b 20
s 72
s 7
b 7
s 53
s 53
s 34
s 28
s 12
b 59
b 81
b 2
s 10
b 64
b 40
b 14
s 13
b 22
b 13
b 67
s 16
b 94
b 22
s 72
b 5
b 78
b 4
s 55
s 45
b 78
b 75
s 11
s 98
b 59
b 3
s 43
b 75
b 30
b 79
b 42
s 81
s 4
b 58
b 72
b 58
s 4
s 75
s 79
s 94
b 65
s 97
b 94
s 94
s 79
b 58
b 51
s 90
b 63
s 89
