7
250
-890301618 -369072254 369583729
-539471007 420069455 -122625193
-560769311 298732369 -546869616
362160409 -747055864 582639054
-786608428 -324174009 122734596
517980650 98820174 -672884558
-645524563 653052531 43961656
-934200796 -183010140 -648764232
-426010733 -264769412 252801537
314681339 879127715 -151781441
-893948636 -596930595 -793935616
-261158975 -524865485 -961022375
146147001 -968292923 -744574842
-712937397 297398338 363153540
-382265844 -71495821 -230172419
373366832 569550129 -690266688
998119525 -303109780 401869727
-312989151 -447711181 181412990
-341726784 58952212 714809113
-44629101 -809205420 528978083
-913560468 576400414 -734195256
845520879 674417698 -331038544
-955948652 174762246 -693983639
6932565 715495253 -716195361
-379427544 361468653 -822173370
-70796685 957825531 808173971
180678514 -678595072 -936796059
-241943787 -312045405 545427144
-784679958 706074446 440972659
-664527670 -284421003 -515836022
-42077042 871922521 241643013
607570834 10218639 41760939
201870145 713976611 263761939
-440838988 -95539525 -233011294
-586109561 -710742338 825822395
124498735 -646254686 -518705323
-98577256 -410380190 -973207516
-400048998 380345616 25858063
-155696317 -984229068 418463310
-920107348 -816238518 -200766741
329149353 194222546 -474706241
-194722389 726285842 -204359141
-223464431 451203727 -778091603
-782792061 918147293 288350040
765417315 -452524203 -17963664
-3384897 983811106 632981788
-898737700 951637065 792843901
331397780 -836010149 -538639681
-959302924 599234711 -109964695
741261958 -464941771 169253347
-718246249 803637319 -194733987
186303361 226503400 -269741580
425841646 -106618554 -868243531
-519712579 86898952 881843181
-44703131 175814115 -987385679
127107059 -242232965 -742288568
977323222 609442874 945758851
-882657372 787610502 -872737086
346148844 193930977 -431771989
-648839738 -85998788 -42023296
-990606578 278944417 -249556254
-695696816 779489960 -355463115
-282337926 170160365 -799514442
-391191582 626068955 -238557836
210219522 708240129 528167964
-365770010 252954298 436347361
-179419052 225349004 -950591147
-681286886 -69686085 -47964359
-565785198 -114514985 256829045
-340464367 666150918 -716217594
-880785456 922997916 498664623
644321751 131977993 -905040464
-480419193 594340678 932306962
-126174462 -549761444 759387577
96171822 187540881 217535798
-649435862 273494054 53895786
-511284904 -272138487 522440998
-340320436 803785278 -815746989
161746037 -590284365 17369893
13013120 783915696 708105969
53118751 -890231896 -766209986
-990438845 -478812915 -470647289
-326580834 -437809280 568962235
402961562 -704040971 183455116
522337320 -974712930 426073441
-562694601 -856103469 -431027396
975587231 -792487093 538432796
528953191 228614393 661408208
-710146647 -317890820 417870785
-730316928 -51937045 -359659175
449091818 -89677223 -694483023
-434558614 263002253 825777602
-101669595 407456144 -168028588
807367178 139464154 -636329853
220661290 -868551598 279076679
490194926 704861023 -903136639
406255644 414682818 762153938
-26054925 867435332 -877785641
185767574 68743253 -981448488
-947637454 -342242042 215624793
807927259 297980732 -117976487
783609013 636476515 485994496
926920500 -651319117 -134776751
96054492 46549957 183939038
-607313147 -982160081 -233083057
-701211891 721791334 -837346007
90603684 -932707512 702322090
452119823 -483759452 -998443932
417766320 69843234 -992749397
474108436 13033386 -682046581
41589352 -802981459 80440174
799379649 820980858 133043814
324709641 248940659 -174574986
-891976971 566106931 -41133756
-436805387 33736033 -409262893
-691243234 -37655061 -973045829
76800537 -488455819 -719379785
508088148 -989667987 -805933070
-786441834 66328249 215856738
200918447 -845721862 -362985437
53567749 -662877534 648794655
645037149 -869995946 372765370
-561886674 583203107 944738951
175672190 -174576886 -785014403
-248039835 996883870 -239327268
476505154 77384342 -448925901
317930276 -903084929 726308121
-916008337 576065696 -442836919
549555698 741559011 -708294306
418156150 -5857088 -155657836
61732701 -792440946 -741174588
-782728395 662625346 -899406969
784810080 -111005462 -88499854
52502911 -660519819 -650342736
-865039226 -881939523 -518876751
880176732 803423412 -322087451
481766439 -853146396 274615091
609215452 -757262155 -316086244
-112323054 790990633 202492469
392526552 -865653622 918360584
-599963797 -809259931 -81244553
588166353 752999686 -266759361
-335797713 -817251507 -218025105
98681170 -820486685 -173186198
534785405 -9475101 -847405531
602873589 256982086 -263585318
488939620 803507155 877064341
-920220200 762669342 -629378052
-903794317 -991199194 779331399
-75354157 -852570053 886518482
872243591 -842238895 -43071069
-12531967 -674401004 810039888
-550419662 873951388 -187428591
590092697 -496400773 -404889940
321436077 654378291 -893552680
756943287 214558231 -754036820
34221926 -804357654 -664757587
750187260 648345344 -92863454
926265400 -979822458 -528067141
526362762 589896274 -864543046
-676955548 -840709403 980319171
-423583929 -334316542 -877586853
991829313 537259213 185381419
958624594 -4187279 -642390924
549135695 698282555 151549402
-983979102 -907089629 794556571
674252918 -365227033 -81217849
-374255154 981137354 -250848057
530520155 997238555 -780098868
365209246 -281869416 105763248
913158250 885336926 542151483
-548197197 -280731469 -530878105
-492046452 -190206515 326347670
-470286189 741654842 959421353
830077324 -990224323 -669357356
318621695 303667099 -35722208
844147426 -857828900 304474534
209108552 83499132 -451395180
-815424584 -881124757 -293331215
-973843798 210719254 -325254707
-703392890 -424607633 -351168621
-519657268 -649629276 -785884610
-279815861 932606715 -168448372
-672479953 -274149289 -802701841
865926832 -817381762 262813550
360897725 -26424658 -20656336
-966806569 -388315001 749708028
-363985621 -761379652 45570074
75927000 31576495 -326483804
-556275307 -953195650 656123701
-970660012 -573981871 154970948
-931359051 409351732 927322683
24499400 238560444 -539413582
-725876330 -541305991 -513466556
984112799 283469714 -978250779
221435170 718994489 -262601349
-366976900 271712013 -757450863
247516295 -927790029 -863662516
-854291505 -879436596 -873016346
704876092 288541744 552192163
-930670887 -762250600 -954683814
-677653364 -638481864 689651975
314241353 -331218969 -365914387
17199931 -313827718 -755698893
470347074 780901197 -480868840
-293676410 712592318 335687127
-606678080 296191269 -104883424
93489167 290599040 -899417825
-843067888 -831501712 -480982055
-171801565 480829687 -795463041
-922929151 -224739466 495822542
631019205 -316753266 368820118
34690821 -91659709 -181179041
308505743 323179483 574254124
-756894971 -801176651 -818731782
-567642129 -512889303 195089235
887653310 -151017402 282918855
-553127983 -666141007 -147613167
-357175775 660793168 -404852207
762009842 842892845 172363335
-832208690 -999388788 -720444065
555121605 247403283 726602605
629328536 418961355 537907518
-358104706 -152495880 -115223368
-373030583 -814844379 -915877747
756841707 -343951648 -374187019
585257679 -379735607 -920383095
-682747686 347136112 551295170
-204979141 279516486 322941457
676450857 236540568 -365241209
-902027695 299025755 -248393607
656126310 64194301 -399725836
704547636 -844788447 223908149
-563636526 -465518084 -837799456
-393757482 912884971 -6135011
-794711836 -538401191 -215938003
-838665890 789198948 -247941496
453904022 750589819 -568242943
890724387 867580868 -448060308
-90824855 -993479325 -950534284
29385995 -806907794 -646847207
442470102 -973587043 241385712
-291511176 -274151327 672764705
-959252555 311746672 898772254
-763977299 -284755998 -872702230
-831709871 -460804383 62431070
-302956058 -943807545 -509354707
-127919285 -999826644 -715272350
-331876431 -141992385 -743572604
71328508 163311332 -955700411
125
-963910831 -164285361 490645386
-692536715 -518616758 -129348169
-587702339 -458668957 -643709194
-633703540 -180052914 937826724
21842659 -973478414 -511959625
-914819783 107009409 -44462326
342052259 38764989 -889906625
-420186698 784232656 615405003
-899625901 637204121 -749999955
79400429 691107532 -486952642
-934625753 -914224120 -502994165
-807042179 -598866407 -786182044
236856678 -771109590 677175635
-64129169 934993826 311754439
-992488087 695827799 543109481
197302389 -917295148 446413725
-42666409 117616568 -766929460
304901421 -653515222 568821085
-581587755 580213069 -598831083
306580392 -346718810 -566837841
342443551 840443407 -568105829
-373017698 -506035521 -249591004
154884179 506911554 -811875540
728298158 490109229 -755107595
199731642 934635971 24395736
943293181 -92446777 441666859
-364811445 -294465122 942971189
-892673014 741946983 -920049517
874505015 552357836 459939677
44617209 -877533669 -524075224
698104411 -443035067 -247580413
-571619909 640832310 -986874841
-685028846 -637766105 389475900
133154979 -643583160 -966145860
750855158 330895003 -391951549
141213728 561498150 358116870
977234020 21886294 -995642418
-278102662 899554998 229088700
-677311423 -754574078 593546028
852457164 -78355930 590287180
-759922769 969018078 431218243
156177144 639943777 798554599
304070430 497003742 -564091474
-879182684 741546773 584347857
292776840 978580649 788286438
-178343703 -147117498 884847745
-941138304 206715383 -959254794
547019811 -473057609 -365355118
231527204 958766221 -496543866
448498364 841152970 779382086
-650002085 -855267380 -997963733
326691249 -865835013 -861999754
95539999 268505380 -623713704
578674823 313668965 598216559
-934595465 -271850603 -853688816
993672242 -248717099 -396229652
731743032 300933900 129351173
89229697 164020089 243800226
974695157 330326617 -756203985
722084067 -984856088 -516251787
-229442618 129273281 -827358678
-211102705 -15500804 620941276
61205933 -867576357 -841972788
533864274 191071511 522443709
-73324765 -107366678 -697107328
236418243 -894933720 -509947692
730339605 -525155833 598623749
-863243912 -496644473 -171681493
589746074 320429105 -840155377
517977158 -829317052 -8485533
-72405462 -836575315 -263371696
-337971577 494444519 993852251
-786710266 -536796070 -19425899
-916045448 -830615298 -808700567
487513788 -4940060 766488573
141965268 -51293311 185981306
-69362450 -14595369 -333167652
-733696694 636937357 948751043
520792406 -813537204 -306854628
414478339 -700586890 -482712606
437489216 949381460 -399948657
-583666285 -784774887 -164599959
-192473616 20527611 -78023615
552871912 853969188 335043196
-983113869 -307514451 547030889
529913589 -148934828 -394672570
-878983174 308435135 -399221706
648180243 813897689 225922461
-715981990 -960408373 -656679302
175775430 -218558710 -821395151
-977167524 456301146 -4949633
-330173102 -991407577 128038608
-2341581 277250382 -984975965
699284253 -606173221 -40730595
-709190896 672167658 963462973
-926397391 556261779 308862557
-124604669 -908429321 -645153648
-291404744 894036763 -532054218
-822442438 -841464960 -250617343
-289356083 -509429464 -920202768
677824799 -976427959 -859706483
-225834802 -730248268 240097061
-461112887 -362368585 354001234
-650973833 562818866 748512185
-825753151 472086169 -535683948
-595443768 355528817 -851052277
370655908 -781221880 -452768361
-131536758 -85897571 502475257
46731753 -802282621 602110714
-544095311 808129351 873243580
543934198 66413077 -207134674
270449135 744366606 -466072164
149734564 324930674 -754828535
-137196599 -834159847 151876508
-819066763 -398958455 -893176812
-952351025 769896169 -155047443
545527169 763713776 -422730763
755124967 -996075006 648362275
-988838697 153976142 -218767484
-914319112 304791068 882777803
-753889776 35484681 -774503884
853586826 596122972 -711001486
-83171896 962118460 933114825
794447243 951421710 143133774
-529741842 675666384 -263217691
62
404263232 -268338691 872484532
-37780193 -323238359 337643279
555238353 87039315 -882802512
-286865201 -928799962 -366555332
807209051 56592947 581245928
-889137195 183256520 457682988
-580456812 148775185 454162176
-233190111 -981417606 608459060
-491879423 285902470 545937472
-549273466 -745286824 371216616
-616150416 150311694 -935956035
519208859 -882193633 -54511363
-834421444 -569959500 64130750
-811975264 734153283 -658870833
-824395675 -478647137 -187278113
-731846486 470512106 -41366400
708726039 -293334596 956214
734594201 798216196 893528157
-835443359 -246220952 -932124388
276765514 909308570 264608155
556352237 59011133 341784837
-135915915 630411723 485849955
-909899916 927419521 -143067931
651013141 594544150 206821509
-697070235 287748424 -369002768
-910831630 -785348457 -45781015
-440711941 -94924047 -218721045
978003968 352785397 938904129
226317082 -422142432 875049944
-824431759 297118043 -995166389
599180619 393269091 87330979
654211867 -727908307 864139403
721037086 440625097 54776769
-664458487 -771941462 -967045105
-962907490 -121586868 -722367331
-915341825 915169762 -911871919
-705017432 746213322 -6497083
598908621 -848198348 26004671
287274438 98921913 -476344936
-360845275 276896279 667373025
168883547 -961691592 -30672814
973620273 578756102 -310997054
-948834590 -694604033 -329585911
-726710749 704082335 878894295
-546356775 117800757 943498632
483865877 592549234 -892680872
646705180 -543343824 538030131
676934717 -81171279 636852018
-381531310 15848191 -631811736
-880631337 -206442499 -135180160
-846553874 484714406 -520942563
-706122383 929677795 -883332167
-568412631 -638612596 -571350595
39884359 -707135888 -142739264
908501606 -603743946 -684477455
903376589 371518995 303884290
187671037 -958025450 407779730
3417313 536582527 -818761525
565475368 116867952 -535470582
776428128 320980760 -987501957
409946885 -545239592 138685054
595494856 -905810729 997797932
31
784442598 -233694362 -562429685
-765574445 189754051 -721179773
-329704205 -486939978 540202964
-983621453 585314668 -904379399
-890532053 99276718 -35989501
91546898 421185354 -35668049
-247479929 598985930 -778262960
-276763367 -19997194 939098456
-497332643 -796085293 20520922
-545525078 900978826 -33708788
136210864 -477837821 -530151378
-841765329 180570972 -680700381
-844968983 -411299444 -225990902
-630619071 211754293 -771937488
122964486 700520775 845208770
358675368 -944981560 -989298828
839853066 94379747 -244610046
-392589830 -946365424 82619740
655072119 376237268 -217837559
895299302 -401474915 -941663070
-770111022 149732422 -298666224
-540301666 285486906 816782900
-485347913 49945803 -472559268
-72075717 -802340284 377123584
669210470 162900454 -84822914
-907490293 661632057 -891521883
-481102332 -977254629 -339688269
82223356 -590780685 977390828
269999924 -497866309 -959949246
-108833180 279324332 -759593788
850604765 272257753 612984880
15
-984579534 -779298762 420185596
138207752 172382125 -228184809
651691395 -545618043 -527964650
-330918682 875469030 989219970
380139898 648866013 -989235269
-184588164 -768755902 -127351813
393827417 -755835406 -789946946
-720033656 408361865 -469782201
106989043 446141630 80961087
-754877936 -912509247 277097500
-884374837 -296312413 938720044
177566116 -802687496 373086276
-104071673 362899335 -868505162
-713519778 -975846932 482185157
-721423052 963196314 -371258870
7
-867173376 -56402992 877154891
-800448209 139881439 411320011
-596240318 -787009074 -453587642
-948822800 494801303 -746720167
22672320 -524450168 951934290
-304459719 187247189 -803771469
-746204881 532969160 800578681
3
-869286673 -908593898 -863482165
876969521 -778174930 967812344
768201307 -831204885 446672073
