9
1500
-251645949 399950719 -800166589
959363373 -425781828 -869951421
568277725 -391145394 -69887542
52472836 -913636507 -962117117
271963733 -957685426 -898714866
627726613 -728376457 -272068057
144028599 -738493101 364877591
-983092294 -447337974 653747529
-425520610 -873157173 -874535143
-829986451 -831626653 506580067
413387864 115491308 -273969180
361313796 -374763591 -157635975
169408782 -239810922 252527122
614685909 71873040 -470936553
-381825766 406589124 256423593
32655024 318111834 -473129216
-93574147 -992519601 -394431932
-570368213 640615998 489718652
-690474998 955874026 -627590414
541484046 939952790 -453766909
-785348602 101169338 77049261
-563641313 -472667340 -863029354
34276113 -407505640 681589961
262548154 -218599135 855215020
135798408 -229931385 -17050298
171210987 -379983881 -45319069
-447164804 396691994 589253761
-712494098 469245003 810237538
619030444 -971061525 933586491
121822800 -12858178 489470443
-595930158 872225806 267796885
888025342 951120730 142735112
-930582756 -217664020 -709174535
-489052318 -382621129 523786684
252556317 -939075117 -749603338
-754754308 -925626625 543179118
36375313 -667902262 -552425282
-910659355 -779907077 -303190200
626970690 388852230 -924228701
449142204 229121867 60694020
650864410 -731649363 425056007
217717150 -201429299 -839970997
-361009202 269796786 -921820920
333389258 864277188 920552139
-734707046 -574304641 570077900
397499808 -499359933 531754148
-380109977 630003747 -878894215
34286903 -608839890 -725149735
-814883270 913467614 -702431664
855312705 609651730 -6945845
-176782458 -19754670 -316463838
-837113572 -774957808 930067451
-257035176 -427775656 662282577
-192045294 701430734 835737891
-642611720 -402814983 -838866210
398141013 393210160 956194015
956861264 941914054 -614161123
760241068 558353696 596477895
523856262 -615271988 705132990
-101597144 -396764880 -767471288
615005008 859469773 -244535899
-897976230 481117583 -126090837
793460857 -582091211 957146830
723217692 -269479538 -747774618
-384972527 -25030446 166372203
-739954282 -126967570 -141924938
328144889 102612959 587675209
865285650 -14945872 -913399985
-798853754 570221718 -807414343
-911191771 -637127643 -719060669
-961981582 78549864 -408239953
-494468378 196340231 359241434
299493635 610011519 332536923
-102968496 589211307 -669928579
103578574 148835416 586835951
-106566141 12913724 533057518
-864931108 -706743443 528237758
-974948024 898789998 -722543185
-932441112 98681751 281601776
375573382 -712052338 927068897
-734246434 9776214 -129078408
-402366448 297165947 480131567
-344312997 426613443 -835602760
248581697 925426386 311075683
-630354159 831587925 -502445869
-483561853 -44202172 -646631775
384084906 306416438 54119590
895273186 498592322 -775803291
-626233479 506791292 -680856629
683275095 89899867 937057071
-388452944 -583706870 692148442
724567985 249000582 327254454
-519852469 -943260718 363545502
916369990 554490204 -671994913
-39906056 822556251 -675845840
48066617 864916230 345467420
357495036 431452812 27165051
-808933337 -92681 -576032605
-761647905 -117540030 960243381
244176742 52218554 959296349
518225192 -115843182 576875212
-927035683 708311523 -102695602
-173169619 918100174 578583262
-245175618 797418528 -470054645
583735426 -423511715 422154404
693445039 -31108060 386472732
437799492 -504041148 823883843
-917318962 -152479951 175650343
447314581 462411925 -315261178
342179836 -784711524 -788882342
13549383 -552337875 908142800
253504025 232689900 -987126955
-823773808 114349422 -389036640
-879604262 821287137 -709909923
521201840 -455135609 -151839885
242604880 -838566308 421188755
752791452 -142635793 -894745535
-500719027 709299268 -449253763
-907655588 -943158149 262603791
-484777057 455345791 -225360258
114582836 -111074463 408197506
-403689403 -739361129 439744687
-332414699 820414248 372548581
963591827 42994368 817472781
-783796976 755667479 -592683917
-367907739 12878029 -713694726
-606345956 468752683 413808772
-675875063 -969902215 846547449
-19830659 549350579 -539017675
670440435 941475717 -451208403
-104446460 484108272 35847428
255577716 -550226728 -479946955
-798831144 -158029740 -967017659
59957809 243470636 669241333
-861825043 438917680 344540502
-497404550 573677452 501129310
-214053300 394880091 76446353
-786992104 416481550 742044887
-679853365 718180794 -503085261
-686128724 909829865 -875369758
-118115556 301327630 -538619146
-679812787 231322996 -2998923
956330744 -209391161 416013894
991989530 -827133332 987521879
132249002 -972230506 -713750104
191286729 304930133 -820253590
-830909154 338814636 7558794
-889576033 817193612 716564977
-881631379 564659525 -748440881
-452331704 -186289536 -432516412
-941013477 -536448029 720629765
-308448563 -504124981 893571845
398414896 -413574147 444353581
346211596 -1706392 -394114888
-787547435 32008676 394983924
-853994295 -963128261 -841929312
-508749642 -748208303 342342635
-563677492 613988840 617369424
542380587 -149200918 283641835
-342309926 223259858 670234003
-358415609 -295185719 -780194666
-689910331 -950100755 -547672991
-339526341 452089489 -310110914
-519026910 378724788 429332728
-882378237 533613010 -671837835
18751505 -695264588 -833484873
250853579 31367534 811655071
-218989620 862244093 -668061778
-405143117 863187569 394485838
979756324 -249234513 724405112
404956239 -741224177 630973661
-588787997 -684765892 -449954137
881742824 -791024260 -189891261
535344744 -231736816 878757736
-316846104 -569268199 -303732073
-807770993 467497461 582976862
-514202029 -475605040 -996419228
270688130 -4225968 -899753550
-982345785 -591364514 94314841
518165311 -83273708 156961188
-706505130 413455646 -904584040
-222316054 -909903978 713597458
850037329 -953360162 519684657
544377764 811379094 40774964
-887963617 -586133492 380427399
781825468 -905275368 -469297278
-522239754 -102938749 205713868
-218910644 -349300299 -735539038
202153960 -352183988 -529972781
-325545098 309916224 880091223
-815735494 -373591059 -759715373
-93575045 -803998019 -811436507
858636348 287904457 360118490
-753768873 -190691656 320084956
-727153556 -777126528 -945051769
-719722432 474006602 -669031699
-338760741 -969898320 831616143
102621410 759347097 -976374951
673117653 840461718 -893354366
-796961176 -307268224 732613702
531312438 -210178595 476161143
830504565 643602271 384573477
737736122 159717481 -623412486
-769602301 659741123 559302436
-932616982 -784717398 478971535
881566050 -880128188 102757257
-186852251 35202130 -629246212
685173666 -320377262 -53712930
135100024 -920859349 920209429
803383917 -386975773 -287806067
668696370 -839734301 53185660
-924023270 -602733668 -517748386
490900599 -52520419 990476280
-724719419 456392027 139078947
-642109345 -903928018 -406824248
418037433 -22523539 117218710
569826382 -757052211 62354689
-292509280 827717577 926106805
223198218 -957745645 -162960847
-667360070 833609954 176493456
-950598978 -819894613 696899609
937202485 -59389479 -768995805
-502763191 304678833 -329068211
-138779216 -733002534 -729637999
269820439 -827582085 403308336
-678983406 -439150900 -570445053
-258905954 228733060 -904111853
589674389 150847434 -727737833
-757876759 194121621 -440296046
549347936 -373131427 -759926960
-84417493 -718512189 -23378133
-897411516 874067830 229276192
370762628 -904696248 627132498
414954154 82984467 -438503937
-460653550 -50419981 -561520297
-336530176 -823741246 315888947
-388474684 213724369 -796734329
-228760273 -390298368 837390063
-294355250 -185094542 413351411
997833770 -500784566 697264201
407134881 216292494 -647743768
-614404250 -165026153 580362038
866602484 169716153 -825717848
-18676026 -269815323 -710258641
631062960 -46527228 152850141
-903433984 -6740600 287102688
625921374 734150014 -964427562
-321394612 374022555 -519694689
123581631 242528220 635356400
-529662562 562187781 -183586412
-453145236 -537200280 -933379907
-33682363 536444831 886284037
145860103 422761314 418860891
983991103 -933596164 -411964181
-73464481 -43644462 937007687
811429204 -532917722 337370829
695508230 934420652 705263306
372523973 -884495423 -245234205
-272646117 963597692 -563019706
131888835 302346887 -392295110
947490970 -274022011 875766134
-316358250 -611145574 584511148
-614955474 558041899 787553451
-19452020 -818355858 610023561
-620365200 330592832 -845959117
-818711851 363427306 590021228
842317797 998842811 576244810
71094174 -787637043 -932272185
-859991830 -798420191 561448992
-237042251 887722195 853909436
329287470 -957227352 -72572342
891719197 -115537740 -639316342
486465223 -682362972 -752047381
-131959551 -320281671 658765084
840168943 -726456744 -451857774
137992770 -272613656 551201056
-922707363 -463643016 -904218691
-432210504 -760740856 -382321502
35646079 -229506089 -747465083
-449000793 -113387113 -800026598
-23650076 588946172 -951994122
-962442557 534066953 -750498366
-895418483 -210501735 970490495
808824730 -139911437 -743096171
103148231 -111099346 753737569
-714907514 711343321 545924028
86544774 211780065 -548533686
9724445 458348826 -601959524
986334625 18526324 169472247
-289048997 98260260 604354565
409758390 -172782939 -824303646
-575395895 -752043658 -427282890
655025394 874178326 -201943031
-177738533 634544438 462036091
235752627 -958281240 -974827782
591144002 549256509 -856848221
253321799 -154180535 78189482
-129806897 -963377754 772092757
-811529462 -860731343 473698175
101138604 -705360707 -661428681
-624262036 36159599 882839122
-159249373 860794654 596701493
41461001 375526562 417175150
-207572572 573735002 688269612
-635799920 15160854 -671273952
-542130443 -885263121 -388103269
338287051 107123930 545230301
-576046889 343234021 -705282247
104718225 -342243390 -403528932
-978692976 -871118648 150244884
-924105164 77736486 -425849185
-997400234 84593119 -418647831
-714569532 346429722 436643587
579522559 355224876 -259887859
-232604460 -296665911 -848612340
52579421 -656034400 -805804926
-453058311 184308753 595045502
-134826684 533852707 -256825512
-829334369 323076337 -110354364
811816487 -147100899 -19820559
-943428443 639661030 -114303600
-206600127 -968336050 -575824537
605135955 143001195 -44935157
-531746695 -559097101 -672893652
-356883426 416621201 237051702
-712173203 -915230462 515163811
-623920753 323689141 77134591
-118063679 -218596450 -563194437
-199306203 -886992898 919596052
-664901325 -358299752 -689471029
-123854618 -72395485 925237485
290371621 -746755678 -599324609
397443634 182268781 -835881786
463976849 -689772826 -86443279
112159172 -143514952 -612089155
-138582264 -452993452 531195668
407162744 132653602 686282977
880395409 344444378 -123094739
-173450756 -969476211 -604119594
-793045804 395335208 25507319
-60285510 -754934092 579755828
-202076412 -336517377 55700772
-213988571 -437354123 345548703
296895891 -220755541 250451481
-138753060 997262657 -226024488
966593396 972112160 -748209293
329055647 -345318638 -650497539
-420701976 -861058524 238039235
-482253997 -838971125 731519967
-622180328 -239314795 673065256
247952595 860702139 27942677
-944951661 999310005 -347600214
160618745 -18152351 120093117
485046346 815684496 604286029
304284480 560428677 950184941
-68790414 513767295 -108929986
148928154 845511347 738708904
-288392022 552590095 -278875307
170643007 165667687 -262409693
200827568 610875144 -77623093
-862486667 -840021099 -520111394
237272301 460083787 673246457
-497320536 475580737 292135345
-251345452 -492003361 515116912
573440127 564998319 405883193
-887414093 -466427192 -919095955
-811447717 782003360 254277661
-658915141 -114448332 -88628196
-341209538 894621707 -938636252
250100612 -530759090 -457461847
-825192299 -80151328 -681642450
-503517938 -849462092 -108583438
769858760 -827482172 389967813
413949347 -85695155 918930885
-373887508 -654795170 -8833024
692196858 -148885562 -776540565
586781651 216386309 -202418629
521431814 -99384041 -420006485
953923843 279077344 -962573272
33276473 -29855784 -159970281
951589283 -908205203 988619929
-914315004 541255728 566757027
699334914 244133781 206675680
714700838 171679059 -25819060
458969035 -150780900 917325270
-635808807 42885896 -805727588
-876659284 -889517803 -327202535
-234233321 395477523 -749505011
-441334966 -179301985 961093821
-69934673 -857969901 -379958761
-677306854 -815205872 324833481
-253777850 -290148058 -472327450
-134510709 -843195425 -416518878
-822674191 516936194 527195429
-558580997 -653309075 661655422
336257350 786804893 -26486093
-167399968 -882413684 83162253
-794777695 69878944 171855212
389875988 -630609385 -197601228
-775642793 359491794 646947231
390141086 470841703 -886379460
-431312104 -319057621 -616992354
-671807863 -876649858 687150660
559239794 -632714016 -20196103
283475660 -696131472 -60423611
-958833173 -368724332 -743017476
-384437118 263310794 -183834401
-904477860 322176588 -706578690
-680720981 971891545 -303590056
21751649 462471233 647225241
-935971665 -858923750 -822778234
-605694979 -826434389 -686421359
-529213739 -76207054 954938664
836472607 -151796386 -658630267
-300603133 -974087784 -410073444
-515196367 178206518 501716411
-884061503 -610811431 200267206
165090784 758760235 493970094
107287429 673089330 801159218
616862848 -906945933 64579491
201670578 -751618717 -363026979
-86993940 -993182475 -991830292
-924452821 -556314922 -767291338
-875053354 -266917938 -971344766
-625076931 -705447963 352626959
-766958857 -169447316 85124401
196672364 992112079 868085921
-189343262 -462208507 161051256
-971490514 590393533 701792057
423956005 -691743206 320219495
-569801773 -29946209 323313937
921738245 175545226 -460271120
131367043 226360334 581232337
-577041989 -135122246 -269498874
-231529914 199664091 100274995
220747809 -795841810 423036692
778317382 -26402341 536637965
-605087332 711747751 947698984
35151554 -191684514 -777370500
611335579 -950897953 -993424989
151876989 -862231711 -682335646
819500519 -108874800 -872120242
487260855 153016104 -47200027
-344142484 -19518455 -525966421
196123648 243691983 265880069
115886190 282078632 -43421342
-239062020 176143381 212908125
850729988 -234049986 -544410710
-394549053 -940098022 -119405407
-578201987 214322790 98365428
-869498277 -851653548 -184910593
497992914 -726246194 844113466
360907423 -340623272 -582870463
950190239 -699612869 455044516
-975092778 -382262743 -560385341
110804907 -5272219 -3754089
-898053727 635895857 -118282906
-159908658 -469990563 91812743
-977224717 -396687538 536818462
250910813 450009365 213824357
-778573772 -162736296 97408445
884501197 -592479539 850600516
902222983 -369865409 100361805
-933395929 668430658 -877250393
441469997 -584662607 -753380069
-856326474 83277890 -184563404
-788334727 232380936 918352446
-737217070 -269033769 260033484
-331813114 -928432783 -539152661
850584504 661919449 -217446570
-992782565 904595936 -844784544
-912640017 -501272583 -841080964
-883150250 -210336225 -272664969
6724814 -982706854 824088829
-900491171 -662145725 460606051
88145766 -314076111 -497747484
347145681 -95764443 -654076486
647166874 -51494393 -472628263
-852974391 977901953 -306123739
-596022805 246719136 910920305
884910245 798260944 -282705488
-825077013 -321965970 -866268812
-734392259 -427586250 -972135284
-133012646 565619926 -852781091
-606333455 139206828 500301464
310471946 -86618248 -560921673
-360242148 358373021 114961398
806562662 -865420650 -627802519
936431739 978516956 -646243610
603347323 -559650751 21096695
-930175995 -930350766 -34425787
514039860 504706073 296523111
651538904 -39784039 -888272374
-964917287 -872688549 509560524
957331114 845466365 -152720040
-630463359 -876711848 761509127
-537251854 -978654222 189852766
451077531 -916026901 100921046
-271221552 -361826656 -989380256
590951384 644078598 -797654842
594458239 734872098 -140466811
-866735479 791457880 668807140
-322637340 -974116636 -570419350
-691180165 -452893048 291875278
471129010 -844084733 -907135584
-753191458 -36767885 869121869
-912082291 332582578 533883579
-901704694 4331085 221959009
589063176 382723537 -594164180
119447924 897540096 -714115092
331671944 767169070 -16012042
628863673 571749799 -994161198
-75260465 -258655644 775988439
699154048 -400173000 83237111
-455704965 480665647 842915116
550442101 -862897175 -734614364
-582714724 780968368 399055957
-79103643 -56308345 84115070
-994533018 732848265 -744775177
-967552506 -954922284 854215936
-129236494 988916258 533615078
385436377 -485347368 985852521
-935357048 -685582007 -694234700
200061775 28936404 -558688213
-724820931 463866506 -329886409
591305713 -220742681 -24213935
741327540 738896200 487535299
380874190 759895865 -203502610
-471407702 593889218 -665317186
-648042716 -45419051 987690643
-248382158 -720344385 589573595
34112516 -694320904 11604714
-907501622 -830068287 298790722
-857155802 -737666224 -482796965
344905846 -838567147 995112667
829231024 470531082 -743807602
951210085 -864165265 -427919952
291606092 -352964142 -335283908
901744214 490117608 -615148046
814218931 -98688755 648222257
-431323574 -557181573 -962675375
-570382212 622613609 -575732541
973861719 -138894852 -66427772
208304376 709830972 845439626
352943888 680555989 -12873897
-606997345 -133247353 -787834893
-697742711 366456065 -323790519
-743872703 750734978 -598077916
-533743525 709280596 -278551951
812978395 84368510 -634264612
-116446636 109645449 465567206
-772769173 -659639411 549306715
-375785039 39909853 985919496
-569544103 -781413731 247887351
-761674226 -728335371 -592452423
195102370 -474469421 351923807
-539918725 -930954378 -144110804
-894359416 433371570 -643415732
-208642700 -914001240 987946541
-452739053 -909959226 512238492
-140723241 -683882520 -488006548
318549931 825657800 -166597722
-749966551 279833311 -443624664
498890306 -268131079 -362513380
667984577 -652269177 -985193498
243043205 -706626098 986457825
-840308897 555159460 -300935968
254069785 -874076320 427170408
100641162 239822188 -191335687
-386381204 -9869340 748874814
172252559 -690656510 792325352
-370663618 400919635 -730164597
171871928 182901726 716895590
890116422 151643118 869000263
820483668 -550033019 813018714
388434634 -286004830 -874464593
-798980053 91681441 -937464471
320656213 -903487080 370742772
729860651 -447327112 724653550
-188721779 -222413842 28015235
765305396 762826280 -514072500
-401631190 626009528 -982013168
185100743 -920298835 861371209
576496451 -720403083 -590654823
-71560846 385334709 -866263641
-181062612 917756084 903502972
-124791766 -393672405 961653518
819723740 356297893 125570727
-741680863 -426841545 -762431563
438558670 581033202 20842391
-367183965 542924195 578032364
-194871209 -583208190 -639234965
-557290308 -766852590 -738161110
204612339 -875029719 279472004
-570598612 175566456 403954095
-247003371 -193497209 941094284
-933524779 -180137826 826328074
515847563 -262080143 -732342812
262229894 -544548713 -2478889
-784018795 532101708 470881761
610941715 654871888 276601077
108901932 634541101 947731470
723909605 307741602 -796404540
-147931239 -767375901 -224867659
-927341111 991552783 -763828148
-445401451 961499036 -728365041
676604413 -512360884 -20546808
401344765 -742484438 365711784
-458651298 -553985678 461077930
-427482983 61066989 359949282
-858745834 935047811 -982289136
-822949414 -884759950 40477536
-400389475 941055938 -743487104
-144256100 246315458 838087726
248280898 -45174667 527952659
-899047603 657309111 442103052
8002993 978058684 549842828
681421242 -608429200 -849193424
-63577323 510471160 -866161079
-997398621 -699586652 -632921757
-377398375 -609070065 -621441016
233017207 -923217545 -821165593
789543025 56689112 -592386116
-669080421 11692138 -706915592
-564071915 436587371 827820485
297047455 425960175 574039306
540886297 -614396429 -390246788
-35715746 -538941986 -191217387
695081637 -868956915 181558774
-840030319 -137544169 674447488
-409872025 412526485 353184929
-921818746 827419479 886661870
758820616 -205210816 251836679
118706756 118062689 -955201446
-917988703 965849888 -727615780
-395551304 508097876 -576078059
899239721 567888232 411848192
-423883562 617925437 -792354735
-996196631 794873374 -541716942
777344911 -150578689 296227943
-276340761 447274044 -147801631
-308304640 -400033529 -815017018
-267843314 -515096179 -755307678
-118925738 138220672 150516289
792806843 245875985 198617084
66770339 286177460 -111636964
383776446 296378249 -387349515
548989029 -460099987 658340241
837310050 787051134 857886691
-644650066 -177199630 541882128
-958521719 614614646 -261301299
856871327 949769041 -832903066
95915986 -722489076 284817264
369763454 -897659487 786168485
-886427137 -874959650 999275768
-909133668 -414214209 36209345
22821015 -272073401 -681513168
-389785063 55656350 -171225177
-159669510 37420651 111251459
-968630453 -699351193 -382695031
-768026071 677236751 990655986
213529276 -632462114 -317650050
793546930 -130668524 -660376651
509675547 480768860 16745556
-813065593 -956257441 -738924599
943274487 -167047512 260996818
160129104 -531256251 -824099026
734014481 900355163 913429666
-109850875 -841782682 175830141
649435721 -82539939 358050960
-213957765 -451654858 -374755910
-51315244 21562100 762334773
664337564 256594034 -960790810
259388361 -238753677 -401523138
943282218 -82011539 -743131753
-538882489 -856590468 966138535
-384900183 -809453635 -945256082
-890229614 -417822614 676165478
-266658566 433439260 -574505847
240655101 -290575920 -182711385
943372339 310779225 -983046518
-997862353 657134965 -866547255
-266297860 166423799 164967330
295290440 -307202372 -553091937
-771397372 26300469 62472426
501606980 215475260 -58020802
540765062 -258906220 -973387876
862943288 -566587786 304052431
931723574 -193276163 -224509974
-975504875 718147905 904275958
774940987 -500889563 -452164652
162010348 -341565112 -965095645
488299 735532309 275103242
757255205 -900340636 -918103587
760636852 802273680 -672119427
-876411252 -938550547 -316454614
714384296 -244852138 342429767
-820483840 212318910 451524707
486574308 143469551 261793413
-852035406 503643390 -877166577
153076691 71908527 -32948397
-380663627 457430391 -729519832
619206736 -267673167 -731553582
392352897 494484190 551804703
109265335 153917573 14350164
-71643549 -516348239 -735155452
569076496 -884434467 -550763574
6444692 919155229 -672040496
-96654562 -410565352 752840409
-245959438 -870706022 -300858181
-580211886 -887934216 904518689
750168550 -478939549 -201869326
196272270 724965029 291610408
-556530654 -578169188 121941390
917238961 -513468434 349854374
774860768 393511262 -528882210
-888306494 -517264232 -347138839
164534543 313978667 435221812
144762 444761302 -226812241
787007411 471287342 -587156653
288635471 -977210979 -596804898
741436992 -939524310 -737775349
217591334 -784477831 -920490641
-414798167 247622285 333996606
-406295948 980755589 -718930693
171067988 304076276 -712968243
771063588 -998353315 -465523566
-860962515 -922025673 91293394
-111983045 -522789119 -87742447
278043886 -641195225 488827060
272510374 115525426 417708354
-676739302 -212939689 -778679420
-645537869 512451852 589685770
270135420 -975954127 293209737
-297030754 -200398385 -887400246
-887207236 154891933 599144714
860975303 -110791637 -849590605
-290905892 127458449 -704706291
-17153009 -926392041 -898390794
-184320359 -767586960 -882687708
-169607962 -458763162 -451248830
-381579891 -845065435 580518946
-48274240 -989110430 628410093
-726453892 340783516 472534665
-61589231 -999300811 573532113
-865654674 -757088893 374500022
555285644 89802331 -159487817
292193348 -890347342 71314686
171606201 -133602648 543571072
-575852254 -115143860 105359672
779249559 -870949648 967306740
171649725 560149287 82340769
903012843 -920667454 -893202730
-410916263 469445310 837779259
13423600 880889141 337353745
-555081770 -227082844 93603792
-75394926 627448 466563472
-382853761 -94417739 -8639069
423081107 -849353793 -425563534
-821372125 -748070183 531488412
-281560061 593073650 740371105
881197338 920159781 -340315248
-455742919 428314262 675094613
820383785 -206904460 -928273846
157096842 -329035171 -222348182
99650709 -736241544 -452521794
-339975618 52678515 -139312469
-453417281 400097385 983755538
312083569 -109246350 -798181657
-712106651 -423848737 -280591284
561390994 949568754 206190816
-787970268 -474037447 -443650312
-399455826 -650661374 837473188
-255647049 38672315 -988730850
-999348675 -303597592 -866544606
-814128994 912682089 73971863
494725008 194821570 980468815
813655744 -612068214 661238683
810675075 288342471 -527380579
297949851 -820081976 -785381834
-848213257 -863887718 584653221
586441465 353129360 990082392
638919382 785214424 920726976
-881062090 -71994263 -771229341
396935463 -664042969 658885660
949241652 824401887 -171199030
174357928 -332444272 -775282601
-695103977 -838036381 -273328576
576580697 -640268146 285939163
409478274 986089939 77257352
475855324 -883203406 223590198
907251579 -192653104 -699153702
-53033792 400116950 -329735775
-123598854 -588477537 812771957
-301117158 -177092945 109583291
-680691877 -357722159 -594445609
627398620 -95894018 -997231405
-937528332 -214631276 916731211
-186719757 978228411 -191744951
954815819 -980329112 366203923
-210290747 974052386 243162913
745997611 -893972321 477182432
-457294235 -743764468 -857129001
-760095831 -582289688 456320185
89192519 -889323454 -472810021
-996733049 -819308343 -315009963
-386919840 -664167148 414553737
-660689515 -471357748 73462341
352417164 -67244173 188346267
990786461 918356833 -218355577
-8483003 -688677280 643842029
166193796 839677470 503088354
30413456 700155391 645447459
680684935 894993342 859035602
1266654 477156434 -900349817
843925672 -22242406 955094197
769966285 13701265 -699370881
-428008506 184556499 -902331156
523502833 -629858944 -509703118
156051583 488762572 -769660379
-76537215 -890593724 -49702423
568815942 -435177223 -978706333
710305581 -93316286 256608426
55401744 -712800039 -895322071
-741616513 134164685 186575344
-745534227 300116203 -747838659
848577432 747138664 -253600022
-602290227 790073257 -492015653
31620225 -161048615 -472106361
583305951 537706229 176353880
-365517688 -363764320 -993747686
254867082 -713937191 -67462065
-346843524 -688367703 666430134
471452039 -413733862 -658573247
539775953 -942381926 -294152510
411580373 848159380 688890513
-779657343 -632083478 569484339
-713903114 265238782 22205986
-395528919 -960263480 233468741
-768218725 133008330 614975566
-712304370 116956865 55588834
530418217 -315561326 -314781652
854824810 876993885 -489294427
159811691 330983354 504677925
-451810879 -129256177 953920154
-203798155 590766404 360216138
171909593 -861059134 902291193
781054674 -222380130 -37274445
530227065 -994468090 -44924388
587629966 493813864 375364724
-846090814 255520861 278518109
-11327569 -143228906 957097001
-973224214 128842949 -48955553
788149097 816450652 56839582
375156875 -118031295 -531761079
112541920 652525594 -988669182
632092158 763082288 -938053500
-399359109 535586030 798570464
734339174 780567363 -671136890
-983464894 -814510158 -761774376
619780327 147076916 -752752858
692135809 578716534 514572653
441545517 -713800210 -332267588
-831712012 58141599 -798560343
957349456 563805158 -348543745
87944217 -141038906 -831614789
-513449995 -282772460 -760956691
-901009721 828425760 -547823750
683842314 -798129714 -659592415
-468457364 -930528428 155985423
-492515050 519803803 -336451758
-751855277 -972382037 240904458
281103264 -234511048 276731677
-701632365 -703613300 -760532959
-764105730 -920302909 -178299273
927755577 -178693382 965161148
931565773 190809529 45459015
392639542 -172926906 -818771557
-98508493 411287701 -663950543
459682401 321995067 771269879
218303414 -442638772 134482465
-139367633 -278261672 -340620307
-938316376 -686983913 827742102
561780559 685119021 -994759369
600017941 -41961411 -753864984
-293283557 485317470 -962673057
464876429 300401685 -479682767
777967724 -281141696 -746563728
-907986445 959266558 -897157564
-499113714 890995451 303615467
477233777 -760617220 119828985
-938814829 585403223 555475950
313116186 121904094 779143277
-847592799 -783523679 -615343080
326163950 334498958 -509299630
-939778212 -248688044 683253801
-962051206 -400608484 841090615
357516320 153552495 51278012
-493264896 -869476309 -692639319
741630537 -960693018 -711881454
191949695 364322631 289243564
-878568112 912611122 907563169
184862660 145308035 350522347
-722492353 709975507 807545481
939443301 -997196774 -197913584
980489838 -968876265 94021677
-15831861 51219805 -912246045
210166082 -307231904 -847160812
900046573 -910502936 899689507
-978648342 -520218293 752650486
52375681 -949386252 804090469
-659997127 -156441292 -864503405
210267203 379486088 -255792102
-753075507 -991280067 405643626
-832745787 -485662474 -581903176
925236641 -309929382 -84602413
797374315 -929368808 812904710
-568743291 -525835312 -217645637
847447598 373240016 -722309205
524926981 846587445 -887905565
486369700 -348789839 154052593
-691433337 616485917 763662731
913030653 -363106233 -964778595
361583985 535524088 229004400
143936992 -900001229 681985019
635253597 -520613640 988519439
-385025546 -293737961 750221897
-786426543 -775330141 555770881
-992790539 -100543637 -720460866
-785667422 457216623 -684146550
23999835 435556369 677139190
-743663122 -356697636 72171013
220913311 894322306 -119531067
-303462749 -926486992 -4039722
121441997 -427974695 -178077082
146031447 183777068 -401613710
359251606 8357362 -804802143
-529805129 359345044 -153922788
124911872 -753642362 701885565
328554059 -248525751 416902582
-817436573 366147171 108884234
261264035 -644875242 -763535144
-163942537 679203112 -133430769
-144734393 157147425 685999111
-426374512 -724597281 101915522
-930509391 -214718104 -543294490
-49740285 114935574 854710220
-836915195 -307075302 -786552457
182418413 660990636 -390463291
-443443799 -814056943 -750338594
-765672007 -259021643 304814987
-551824330 744567440 267661397
-485657828 -836533340 -541884962
127613320 595216608 174266555
-459876435 -612906791 919564055
-692850836 617469352 -734022043
-875918606 483959554 -880063179
-214540890 -568777541 328065322
96512677 803763557 251581723
169230065 58883458 840196639
-514176568 228185633 -898759835
-889657472 -370817880 -2533127
982310001 -300779907 -529581729
875596663 -295506335 -10137759
-541765706 609096920 -922988139
375506524 -115854811 -904263863
912506832 344598565 -946568541
386942815 -290881991 -552854360
-115308991 918802086 -198128234
389744862 -228822864 522922848
-316980966 901900826 35263095
-277551344 -401662528 -566291172
650693994 -994874305 258903417
736674191 680291998 440753545
315643355 26320697 861949129
-979313548 382863221 -155603077
992010871 884032307 133854099
-645307261 -756501366 914920925
225122466 -725536805 623251198
644952221 -907649304 988700489
408107113 74599874 -363011210
-891816127 -981672297 873699975
-949321974 455390302 344253742
131534592 -955738451 -136281465
-926230170 -185245495 188988342
241954680 631907118 -918969720
373354551 -538891398 -502544559
987626567 876244558 -17601485
-712973964 436075106 -127885521
-717890511 210111939 75943881
18978917 508940123 -12596497
-993369964 546450588 -306939445
961852627 610173028 766280487
874045988 118439317 871739687
330459362 362198360 545811654
-580758232 -182838336 565055575
842168172 96091396 -669996501
-152792887 -979738691 -597898809
-597728133 770073963 -169566577
-73392869 308548476 -100153459
156202379 24558924 -155060611
143445554 -441965375 -982883170
272897612 228443395 946844145
834751458 -902576225 -80810961
69368102 826076482 -614573914
753911346 -80245727 600137785
-88382060 541176523 61244503
-75222746 439157731 186479186
365482015 -508400480 859087667
-431351347 -987296919 27620776
-570209951 435186961 410109213
493702705 325417818 -238981479
567993818 -891554461 -164409762
56749343 406273552 560910994
568946099 371317209 247321244
-477628855 192208586 -470981464
-124540150 -831242595 158322251
366225637 216510348 -500839675
999715722 617225134 319142296
-338207391 -32987677 690923771
-637047840 -967611681 -244375108
-692020386 -844499698 -97429829
497404090 -8014214 -926219003
223832215 531710705 321994751
817613617 -120040653 -961548366
-789565710 783373302 -115835585
-715084655 -425326594 819164952
592638052 -991624370 -896248119
-827110961 812507425 791539125
-445497471 -779174121 788768365
603395736 125877765 -314224492
707148459 465427675 465725748
-522627959 171383384 -965149266
353810209 316266297 66917296
14504068 91929099 -938026150
-632495398 -985855298 -698348139
-605455661 387490040 270069923
-849497259 976122073 844522484
438222744 -861472466 -897670723
929395805 -889548001 -724675598
-904525366 430365366 -189527675
746743826 -929561915 836843892
-682739046 332233369 81825999
-354751451 -598162466 -7381902
710097975 95151591 40354680
968272511 865958020 -482768634
-785113767 965305015 -60205006
52305514 217106944 170886732
518073347 171085738 588291549
-833613688 -972231153 -768626773
-720981356 805880165 -546980101
419729645 496645458 389614990
-10207223 -771964125 -311010659
333722634 -697983857 15856409
-88499023 142467363 -930468690
-37123098 934030642 -446129317
4068869 -931125783 -772516682
-730033414 -277205725 -979036509
-826440102 -679406803 -766234535
-73927977 -862825859 160466192
-61692600 -743271004 326446307
135106835 -994930865 -944896223
188736209 96511435 -792396044
911438989 890610112 -642447166
-856935276 -786731903 -344752382
-77073023 419835455 214710475
-873092122 125637939 299579886
477001873 -694290207 116488590
-870361095 -294020729 -438122467
-307212186 -815870282 -710998935
176036663 168400704 -553212925
56286270 779964144 -812869596
-808349672 657887787 -603637686
-714514465 -576362125 -835510659
552843142 535175169 629317436
544159016 818903335 167722131
-980426975 -862259432 14547151
842478445 -971569016 776603018
-448544194 390022383 766053680
-704771580 -755793656 87100280
690914138 508952020 345208568
481237309 720653954 -914521639
-843767521 113993158 -917914627
-837465639 -269877024 970755456
497052055 -712830073 581936526
-564700458 268012167 -27509191
135549281 400649958 929033575
674089315 -227160938 132656112
-79346856 -423955010 -866678297
-761831485 -585126478 -841865207
853726478 -980491234 794481874
-262323360 -124393011 743501681
-766105070 99358645 -424453631
-78208671 -453931972 913753957
-163412472 44439487 -233393141
601454543 176238620 -759826666
-287580717 -744363722 -822922378
450494863 -720604741 -522279184
153202965 -474586238 168340072
933531540 220710548 -959441318
-711810743 -539685481 -682944755
904234489 970141433 -835289764
724049157 535470736 -648084224
-54690426 687132598 -499419752
-258566703 -723072756 -777628952
291229752 240674050 -409368708
-240705589 -898283574 -791354578
111606806 184853395 7352611
511537758 834877610 667340489
-162629228 -602209847 898081843
716232213 850769727 656817396
-863097483 156661765 -103373556
-437916111 -512139661 -65743169
-187845835 -488583642 453432698
818887893 323779179 -188186880
-679270787 248076934 863797191
-838382627 -522335490 186224625
37746289 109203330 342524628
108526266 -528806726 785057808
-360930414 -471349016 -958721983
738447899 565955164 447483306
815983741 -874395811 -315608890
-745578454 466131465 -590449825
337219314 -796389436 881574604
-318566285 731097988 -998954708
-190176002 930304119 629957661
776891440 352397527 -748297217
-761849774 520342005 694181226
935402417 -759718867 -866752034
-950613093 109743734 -211073339
-686459683 671226709 -66358005
-899952041 533821858 973647887
771785134 515615845 -382339627
386037371 -902096295 345940235
-255975096 -734237712 201922212
595970864 -972365468 354222604
-757463504 -232580233 464950531
-603725289 590037725 93137946
-981984565 823418627 -568098088
787021629 -542207947 -175842728
-178646045 -229482985 -37229622
-216553425 871318028 -805167699
620301221 303105424 973053209
657283645 100373485 -911243378
481926239 642687118 812722283
312324344 -739805007 715791419
909320213 773443167 -50198975
-642413561 -73877451 -185053031
-649365251 -556469203 608637989
-737545020 -364189330 165991237
-366180700 -772393819 -77984025
246860978 -120182312 -935996535
-783125670 982673116 -388104496
-44275727 505125428 -764526200
51513926 741708734 -882111658
-331893907 -598470233 12002442
-448104988 21819793 -278069768
-840480252 228429139 -34853903
-992425822 -867267285 -413906788
310792633 301120378 -274772245
-657338287 -883027327 249438656
-498570748 -348625113 592583130
520044966 110697895 -568989064
-813972624 623708307 387390703
714955912 -608056364 -436211993
46549301 546495900 356002861
874752505 489097586 842600067
677523189 -749212029 -870934897
-707810648 981119433 -641136580
-165090622 794513560 789738292
-413567613 -719074961 -370542528
-628806183 828929781 586818522
807754978 381512462 -114671556
-284323898 -324452045 746807903
697818291 -881587737 -746699311
-234340376 -504487239 -944401895
-873557913 834560892 417780430
-266999970 698968191 458168272
-722909187 -273619034 -290070640
-912480029 733890338 -827429249
-808190287 434851547 229813419
-224978174 -795916644 695761100
-586564096 223677839 915466409
-523577124 511255811 455535044
-873523339 375707773 615382595
-848100484 416232117 -719399831
-648258487 -263344449 -242297747
40951423 565915056 646976990
332697373 -798970372 -312392835
357953367 220430078 40528162
902299458 84311864 262463160
-665760193 -7602521 -620915022
460767762 -86007687 527427841
-83148424 944843134 -787846944
945364390 -149170929 879560307
366718185 -974513931 -392108725
451059529 -973723714 -74496726
-975746519 -663276085 926844581
-202280619 379303971 549299692
-884785719 -267008596 -713967049
-37329600 -504332404 -354642714
-633259803 686103310 -883557438
-893682097 478282098 89835898
-516263811 554924582 -979542791
-445612886 -754856027 -267950869
921629349 -756850449 1434697
116979738 -940749788 573315868
845125719 -565955305 -838271951
-219877874 -544727374 -761494568
881807996 -750967375 -907853430
-941801667 -32768990 805752842
-211967708 -908739995 322744148
-754419056 -319942148 753300920
21496031 -253411849 989650720
307048099 -884079215 962782843
654550133 -899282690 892265402
-36597876 663187318 23994700
341854896 -922260202 900749506
-47534139 217173735 -180250328
623430227 186466812 924516831
588157591 399663505 -137538021
-410127047 909871159 225887199
-261327987 634118163 767441643
764173182 -403716813 -939184093
528199538 433428268 -890795034
157519248 -571662946 -530094756
140710949 534146436 -406271895
-178564327 -873746632 -272259610
-212723677 -30936911 263354883
3581263 -844632073 444031054
-520410284 108026907 -147198992
-148422075 -619564237 -681712651
996949694 -931446531 -371081569
213903787 -900014755 -347887885
-940957881 279227609 -850899689
-519417460 -732755969 -405379727
92925817 -781132904 396875228
-106396190 -835637354 721995169
613884218 681496347 -490204419
533361357 -425757681 -406250941
4298841 -225509309 482800582
-818262203 -800357279 539065573
-297514645 46181501 -131193985
217674300 -997477247 306516399
-481653856 -733847433 434694170
-934132606 614288127 -924815587
-299751262 276894742 230575947
-242415583 500197900 -30990894
198803906 213706273 -538875767
-132883792 -274574313 213590292
196433014 546878197 -281456463
-707465940 875894213 -927328272
-501740460 -65348102 762502197
-730153913 542718101 -366125887
-509564156 28975140 190507960
926538374 -874459712 365105271
-916643580 246676574 -545113946
-930656819 -885367310 126578887
-501458127 -266594768 233166303
469518592 137081155 -513245684
-257226943 57225365 580071710
-726064756 -553843586 600834428
268884129 -557204044 587109520
-695074977 -920012545 -969255158
-748757743 872308769 -531148732
-761778692 -620545494 836045863
-293875403 -194360921 743334918
489726905 561242336 887980911
-369011050 28876625 702403024
-998933987 300210249 -807152013
-872665990 -567403272 -739192739
437095925 -254831006 573793456
-967668418 -209555705 -697885184
-341825591 -484957220 -159826766
647959010 666379256 552469509
96424104 -824821286 429181162
-832358219 514317938 -266580251
-886891939 791741537 844235196
-376905347 314962887 149529863
-103645877 111817937 988911605
627842645 642089529 98171157
-173467747 -834011662 769332453
975167182 -284783170 207869910
33358166 -485072622 582758563
-12098816 -162727751 -843041289
-729019087 659145165 476960688
-418015992 -809589635 -982273991
400534310 -422727165 296053013
552027132 -775469447 9268837
-799358351 -489064195 859358150
-942130759 97132482 -710870426
342702546 -237233019 -88093076
454307547 703237165 371306150
-219635252 -803048131 -740750840
946022130 -392003721 -419510925
964274307 922254727 -420301328
-432561952 -690746751 840584237
638724819 -968480666 804726500
-942353236 423096549 -990551271
-663466309 162487361 450265580
937506936 -818710799 -158240957
586429075 -448377482 420432970
-355298487 -956543917 -730814033
813955386 979611132 312095538
-411717783 163717314 628823049
75540190 392623495 -84766559
524932747 575307347 680487662
-129330473 -996257976 -863778079
-95949835 61589148 858655853
-831971207 -794108303 662704461
592958665 356283822 -664777241
747389703 -517025656 -256928100
-548473003 -200716822 -572056449
396144677 914449190 610904103
-254424914 -154050311 -113480237
816646668 -385284397 337518200
965133119 746639980 406383035
821404391 959942575 6247124
107449659 -421856316 243917257
-158991359 731082079 299796360
-747818727 -558920942 -896897016
-813601575 189658101 77212719
-181047720 -971381561 -976218266
728350368 -573277115 -100298978
751898584 -394483792 827116848
-252272822 844146651 -710313386
-6568450 325598475 -10396871
-976252151 808351612 -72437233
-681922326 187700761 -964972609
-858374482 625840255 606024467
-843091938 -911027459 197595118
-144543548 942727613 941906104
941007580 551400986 -427615886
-364202290 56634279 204549432
358949822 -240514614 947470159
228685 103386455 -788938929
752528840 -936224628 -176629675
-945528779 581942871 -789161397
206157965 701980678 -945572331
649627555 -849270534 855953472
-817153196 -707645183 -416541119
367859808 -53128286 -334281657
-717612558 266568889 -620999454
-959102114 106808750 566509008
321874249 900281422 27695537
381844806 -194044243 970430083
-875571244 296110496 -596727731
967158887 -304106254 -8371212
-136685086 24230633 481383181
-542867730 -406443508 447030775
-997734192 115612282 224817303
-810583232 258396000 -364675999
920811222 788817336 140556787
-180042191 709019550 -160245440
-45112517 663806014 393626011
104469162 -748498160 -837637211
-769930033 306101049 751996914
40115574 -65984813 266105073
978448772 463407829 249163695
-574547143 528175940 -367240571
-458981264 -251931771 120642978
638216538 35593352 649842839
-761230529 -25712860 -797639602
-418509767 777737924 -154899846
602877079 609080140 -84357003
865281313 462016124 56787102
795561331 -884718415 -443007992
997785625 -785156847 790785064
-887545507 452388030 -524022315
362800917 -84327304 -833987609
172766462 564102211 -729702990
-254053998 820494501 -502122273
279635276 292165948 207511044
593381486 360984408 -141308438
640512612 773438764 427549489
215923447 -397581597 -574513975
-720075786 -216494177 -74712727
322087323 -950959096 -717612683
-405980276 540047698 891737670
730270404 -159459130 63438828
-484464797 -907807480 642519545
-601639007 -757040593 -77346400
415430683 51617176 152143827
233060660 110886080 955573450
-257750882 288918906 -593758205
318212383 -852450796 587241019
-824782611 -550149599 99737119
374908985 -308276633 389217179
-192095885 997555065 -130792961
-342654534 -903763735 -824176873
-21476388 -952133324 -698852806
237851813 -731637381 -873980847
-255638971 711971874 534716738
-269651166 -295320411 -728030831
-712116263 -779710386 -486180449
677855727 -987112107 287957059
498069714 -136948606 -537647338
945709040 251341975 -533033495
-704223240 -819722551 848337499
-520732120 -537793213 447640068
151429067 -911949632 759130699
-493813347 -761188387 376201666
-413125254 -474293393 -932308777
618003239 292806580 -618859593
-352275974 237924756 243054184
694727177 -59058006 -934349383
-132909894 -711772759 -368463145
-467086241 -45878937 935980370
-410660507 -7554068 638069959
950266922 466465770 -999730006
-37029064 489652040 -111461072
353286461 262323676 885007543
-887724247 74993253 -607858732
-332152827 -767307886 -530793953
-790286230 -471141619 690554992
699726801 -251144674 670466310
265163828 294687566 733816943
241914176 262410992 -670850318
868888706 125936602 15542547
20271505 -178375834 -999709082
239896040 286233166 353700032
-864829776 -457937620 358654779
-248625528 348265978 270664521
104770741 430391052 -630962209
-739680703 -568412937 181143591
460317685 638562148 -442790083
-206306560 -739823493 756455611
-371329209 678239951 -549852542
-635099868 -815347328 385146238
911327537 481959314 436300467
295747427 -725672288 74764018
-661709078 135345751 43464970
-866187808 428603358 911491500
-534606615 -182821869 -842683481
612226708 833435815 417128627
-181632742 475484201 -113393460
-386517481 -114203839 -762283789
649926593 82091393 847448101
-840211839 874604938 62213022
-748607399 -131335376 -901575601
-395381401 -811934724 465673658
-56115983 803411213 -834678653
-648094521 70585073 -450018696
12121677 316866023 133862760
469934666 274870894 -364274398
150740299 -661379207 994057910
-638475667 -148397075 540077175
845632967 535870119 -816081581
10235802 -853917296 -947665746
-305798549 -666410225 -476065699
442865262 -693362461 -648530077
-483673589 119594803 952766571
-431330689 554736330 -354842700
-427699559 -9240659 -795349963
-950260520 816863199 -653214124
-957296227 -697836356 -838846984
28993594 -613604192 539313230
-835162023 -969127469 820771506
-776227764 -605437951 -811972280
643596531 227645016 512256858
-505681448 -546269077 274053606
282999727 -861700774 -543858365
468919854 115812338 -581579918
771791507 360307048 -483500254
-92354963 -461917999 -87634593
387176731 555369322 913488357
338408730 152793833 871858160
-384562806 -90013284 113181160
291537646 122487142 433424512
431726321 -705108657 135307709
-716183721 301236773 239784770
-567320434 -831686641 -15507939
527633500 -751731629 864292002
77802087 242195476 356202600
-142142200 589286864 -876696053
-197732657 130417988 558218173
51018085 -324871333 -822827525
-78461949 98114400 -886520655
-765522085 -307967417 990006676
-567244379 206398744 -903815838
-758003020 -234223518 -805734888
-442705724 -484850123 -927287804
562307029 -856900300 177873381
632648751 -947923966 -658607616
-899154308 928428311 512084782
179537987 362404876 766540551
958247234 -516581302 242162099
-292868422 741952438 871664748
135454392 48636733 488880556
408513359 -446278460 664289851
-914703381 871218035 573543468
146595849 615163624 -11695210
799793905 549847090 735458963
123605848 53587737 917224672
-533155268 754409182 567984564
571707583 246590122 -934732488
196780821 -319808616 -717275617
-26300866 793908444 -762221449
-837419124 41435334 -685626284
407020354 228762171 -218698389
750
167333473 -499967615 -793338554
947424741 -648440113 661787167
-717099443 615993396 327067538
-372440252 -818266245 -463392769
-860314319 938476079 210721681
-869731857 139872097 573327225
-853794959 -330694855 -202032424
584075412 -542826017 303502724
269132951 797848300 -892497951
586422714 -162242556 43453071
445704990 16450505 -779863890
-906423127 -395880660 -595217235
-404660260 447465336 -770185834
284292830 177603655 -795371664
827103350 -621172601 218879974
202037985 891084597 -814874374
-487978001 697768026 546205028
-544246409 -134657195 375593518
-834911715 -801729111 -71773957
-428536687 669807003 -41168564
-471708211 999700130 -698673994
-358928354 -361149601 665144450
-451749913 -708278009 -800437611
-503765419 -342704196 -156102474
174882911 700295867 -183286461
-770138872 -415232600 -768745139
-487261037 834796769 -896872800
-234834255 -672328907 675685010
-140684953 539001290 -341004440
889364455 -867061289 -620625064
83036903 459826787 -73546693
-812049401 729616519 -860250540
-713801402 269020439 -131352882
454053239 524260668 -966712863
-974701380 -732603611 -314341797
175299128 -269917717 -349642870
-187731526 -995671825 -911774507
765129765 94301412 -632876687
723207733 -540517837 -400157905
-722135961 941992457 -756486523
231227191 153054158 826976684
-625212363 15635576 -146356099
-770066536 -751995317 389747037
165587265 -761908998 324789703
-774926774 482149611 195361686
922336907 -439083933 561669690
886247737 -758491477 941428512
159982536 -754076143 -460760536
-771655719 -284388415 -17507554
-952026474 -698929782 -916737763
197896376 -395948912 -812478840
812923582 171218690 518877416
-917806952 -171621973 -557456447
992229792 -930045938 -798856975
403779732 309203917 -764772378
-634670966 412528556 869611323
-432623256 -468850354 97895890
-711103274 -284411371 -919917604
915893469 262795867 -71730004
662472048 505512739 -13910279
-517731505 396082170 377566093
-276780681 96978202 207645042
-944993636 664138680 435538680
565685299 -269970177 -483980216
684269062 -960667733 -300223316
262297283 -112682805 274780563
-473125166 -470529331 -537305557
288058061 369001428 -332170667
-667026087 153643265 -941330340
-641930586 -357489960 698518731
-271447003 -746846100 616746476
-871507873 852327341 509253242
-205043218 -265854597 -747406476
878398615 643491617 -706698709
-163310410 -174132258 103222635
585895944 -557143024 -961683163
-835101210 416205917 488335933
-92911068 431499999 -270037898
448890741 -681713529 -871876839
-738576435 -373848654 984948739
-809614806 259143136 43886536
-648724473 260821937 695872828
-454963878 -819612925 -648257485
406652329 303513459 -565277250
-507890241 -299356169 946318615
-736194982 332480272 -436250870
-125523146 905335966 -123206932
-840778648 757134631 -163607486
814289232 -842466937 -522490921
682209303 -350623858 -790054660
-140894784 -308867223 453194735
-20858798 -51906871 596270230
-629692675 -803089190 33837127
-337352024 -119416687 -85106620
235115824 639864098 -174393108
97508967 -527634997 440269664
-21274205 288660996 -505364339
510654641 -975923094 -902103390
-764221428 913971923 -727291736
670879117 -653295688 142203914
-844743555 -504921969 166529753
-610187219 269928865 -386103048
82785465 490681683 115393022
227901906 -62246998 -923528719
822079415 -975077451 253533987
462484812 -676709267 -947487434
352569726 -543971339 359940789
801337868 -118633209 -631832622
279995056 -930346015 -162755314
-190156825 -215907385 -720024494
679169249 31907869 -168988626
37394514 -112877275 -857494117
-806551641 7325469 -497372948
102179916 -882151970 -968435929
-317076576 -137924830 -964680184
194650769 748915522 -225608081
-327142330 -239706541 -330302386
626196809 -820993954 -193066974
112700509 -1976308 816769242
-935342875 -617000042 -271339247
83618684 -857295471 -699050759
33622197 530316867 -831347300
421660779 761030505 -385289601
-983749110 -899632420 -714477123
-803093442 -676501707 -175183676
143617993 714001671 -564330760
213410662 -544262403 -940069679
438056116 -162514466 420547075
-661201148 55350613 659583472
-261291328 90616482 -959332702
-217225702 742996086 -868492933
-906699136 -868685558 614841550
822444819 774214867 847034514
-859511028 383935790 121359876
-999018904 -93759358 -998459128
701167834 826220453 254202104
-310812010 -722882591 70512143
-559126745 -343137910 734453699
-439662767 -867511491 -934878974
300133753 -468732041 612537728
603081717 446555309 741129315
348799993 978346748 184492237
-777185900 -118590610 192012673
372004201 -224853657 155214019
108724113 -678752157 554075467
-762113503 -811890356 693602791
460619244 144838839 -110522956
303859537 236366602 -823152260
-739409308 -569501592 -118622144
933998300 649706017 916852166
-829860840 -157421566 499540264
141251075 -680654876 63498914
-274856168 293018662 -733733714
242139547 -886707985 331540983
299426270 -409945043 -559228506
-795055263 -557798515 779068500
-243297130 573345347 -496971758
811638926 -890178784 180218416
759749098 243485364 13512475
828670951 100576698 -598566766
217769444 -518852063 766320651
667108441 -929364913 181038337
-344472295 -812943476 -17093384
-112757743 755505292 -604466139
703142466 45406633 -740768590
592419291 -682515266 -206592993
-515431955 -336795318 -524797935
-506864722 -227707746 69019227
570365229 -604373119 733690575
-808657338 448258277 -744011912
271884741 18367203 -403693921
138679368 149278232 -77846055
501774079 -772642768 -720450124
-733985649 -354268255 901221308
-9507508 409634002 -896426433
-308881398 319938472 357383951
-832669814 -162013872 68210835
625076345 515858646 -263080428
-54525415 203432534 61577310
361492225 -786342804 95325516
-866013483 -242776632 -817893540
-479024207 84342372 -755839363
-94719403 185529981 695442690
604342346 -440744105 709366763
288697422 931661759 511546732
-174294519 518570475 -780643649
66969535 -109908888 -159129987
-990659303 -349604695 -283063392
-962156064 177084185 -941903569
-737177812 -334782082 291179897
998707146 157900119 -912941331
-67678967 -728015327 -775929378
478077743 -937017313 265268737
423275835 -636810514 536140986
939904527 977558651 -808172466
354643062 276053238 -836238909
803305609 683778303 -935623156
876624448 461051030 203454565
-743349718 -554728073 340327364
514434980 -852477199 496390850
144508593 280328717 -854855587
-343094639 811888022 -88150469
274357481 760887818 318379969
784629277 -679367039 -651146912
80318888 -327412578 -887702662
105233235 -820533957 -908632804
-581070940 -603158909 861587051
21508315 -917129320 -868603711
-348961856 -666410624 -192345059
-971003909 103764196 997315350
-20291138 -997391795 -864719958
-580317780 -93403709 -22777790
-987895088 37902582 439490242
645629534 -254971728 313204733
435638666 -720478845 -62063698
411183707 -928012096 538674981
-53037920 -373218010 -702686431
12791414 -635236461 -695683097
-718648531 950688192 132599710
425582014 349430385 766178033
-559969837 -894743455 -148424437
-824339501 -590118602 -824359245
-694701266 -823755836 374218409
-575916613 792525003 -990316762
-86901155 -539277905 -45538078
596535692 -628424734 -377918452
189654903 855408006 503722389
-965456232 -938607291 -713454741
-721653365 991074814 -861851899
-786317155 53209186 -104239900
-696526987 25633536 -771498417
114558103 -46875516 856706625
530261078 -431255406 -551908738
246983882 683755047 -694709780
-967511367 -370711971 177331937
-469039635 -350053912 -866788691
928317104 -402695749 -921420276
525845076 -881695475 701604452
-877152766 -546695130 -323270745
517695023 886854560 -97775240
852053649 -720845866 -112562872
-186598658 110210904 -482487117
694411710 -401747073 81486998
488436728 -107255152 -209590692
-75957564 710534971 -794814211
-603282771 877055026 -214712489
-710074581 537078072 988643002
-991527222 154877878 -361667349
-863714091 835325942 250402171
97648330 -879936042 -458034081
-31852807 -717793469 -858632307
227287141 -307422826 82947371
-457157701 -986242468 -520863169
-910656504 399460657 -537857867
122235708 -913547308 526854966
-85120318 -204300408 -851676564
234971407 -297640805 -671190535
134480662 631625183 110853427
165290547 -905673067 338463458
71679738 216972644 759313129
-313811169 -470880083 125137649
154189906 -175353914 -982238122
428955861 892992301 -917059778
979246812 -35730157 -448377255
523528918 -804754398 -982518426
-407898597 -718804758 570418177
851141455 730804173 -435017188
-3030760 150714468 805867016
-51214116 -562614595 565609701
-194779226 188987 858543803
-976145750 857599257 415965725
-3930667 -626632508 -757938329
-575376839 183727460 876723491
981700705 307698243 -440289491
-362499989 991592232 -819196499
450489792 56087834 -574559652
644112354 -843402860 960300829
-156872598 151842775 41665476
-53818657 -550768859 -884712236
-729350257 -69879987 290069803
-72344458 -826641688 832517410
-694718369 -353431487 469339364
-684662784 -435369790 -812770673
-852055134 69089195 -531917477
-541629965 149650913 491990637
747252691 -731493163 -704542055
-753768964 -134673463 -884044596
306791046 109982255 -219024978
-239648407 789331059 655696996
-496062485 -348371863 -322207887
-982186505 554887492 -579330081
-571773809 -907090662 322826562
-13907644 -94911849 -817298955
497846709 707382445 -545503274
-423988460 642468489 -652990418
-415017823 -755268172 -906376560
-110866185 -18635660 -364979229
-722943442 626847203 -913612294
871490005 -190957197 -826408537
264955044 264823380 258400108
-405868914 168388899 -804924224
654752527 761572149 645617425
-587515392 -893662520 347884334
501720121 192949802 -575358202
-978750435 -792683875 920244958
660393763 -578392296 -919310898
-472704176 -499181673 745664437
-776988514 695696883 -393986999
-931428282 -197403236 -849705877
53177602 664348768 873310685
-124307696 891642358 746739870
-795582300 -155453628 -984520437
569460048 -616064796 572500434
174151346 468693450 -818386118
-290206101 940558466 665761312
-164105812 -818048402 -684267176
-979960815 689910355 -992751142
298809277 427838670 -366151259
-451550295 -973298355 -946951050
-391095167 209094476 -182330811
-969060657 -165554491 174927779
-413670715 -820579226 -635390062
855661781 -367642844 -297395926
-857698337 540072137 -855106854
845836701 358640046 690886515
89415054 714150737 -220524521
-268648817 116609735 519145248
251805795 -399769219 -217329380
-578051747 -528693834 470728074
-39879326 -869503408 -981943100
-15883582 657756952 330591823
-867368300 326517020 -863183358
722017197 -607913457 63702679
288213068 -379039700 452485619
24127855 -342603388 16727221
-319217931 -769921490 -437874107
-376787666 181744020 -930621419
-537566770 -717720729 -783776109
-458566898 5048373 253739570
-622433376 -281462460 -531004389
-85991732 -977728037 -355928863
-884609739 -886108063 116063808
5842977 212944919 -860628702
835207438 -537445249 -379427056
-420243453 857646689 -782944214
940690745 -745166654 -492418135
-540533013 -817383349 -191550865
276736092 655132737 -131471344
348360433 -164467572 295747958
-280080810 -859555894 -915206848
272994749 -243658216 -617287020
-992220262 310102101 -151244344
616859186 204111656 -24204162
653397725 388832791 381549146
-767702992 -727483860 -683684112
-430005028 -958652616 990700403
-32223994 116789296 -834154646
-209148872 -822358593 177209514
474151945 -175195262 -741906693
292798022 -801212876 -437882068
531522157 -205624088 268069639
-710364868 -737711871 591831175
243434626 90776192 -924755536
96587507 -248847280 19011311
481863459 261085239 -961157985
839618708 876798974 -847629548
-21627331 -960415707 -104671019
247853672 629911881 497455592
888182204 -636942431 -228953565
-463784402 -784591146 -290565289
-10725766 347143767 278909523
-891769376 235953667 721815190
-763843756 -754994859 -814169569
640998039 -243791693 -710940509
-605282955 -310597307 659613684
-13011048 103960722 -144099774
-214976125 -987722153 837714969
23936394 -340756409 517892436
-525789438 693158202 874463016
219856322 -824895066 496555328
-419450131 -951789195 628681839
475733116 484342599 -873864607
-422014795 -751882802 141767443
-996987141 -719635930 837992459
-273096754 -704371227 391900263
684487786 557393233 -36473562
-402697845 -755181814 -130591989
-236981392 213504403 205421256
-967020533 169587336 -330273348
-612406724 -833118892 862138536
-880788624 -845910667 -493538436
-92190032 134721432 -940158079
-725307678 305699061 -907076497
-886887066 -563435924 235325844
-593980326 -170671213 805722400
723034358 -711468351 -244144323
691991685 -630380193 -11665586
-375383062 -778623603 622274152
-164753007 -623975760 -894277408
-416174889 647536266 -258419516
-705173069 806088680 833645415
483917873 -625309286 -318890146
-69762985 188770236 639682344
-977017812 -4628562 303522730
591476982 -453517865 924875264
742656832 -723942008 579695710
718882287 -22045278 314837778
-565670862 -575839919 668087353
497179655 -748350221 277089153
840214903 -831822352 860184449
662363523 -823355369 321426381
-675945700 -152189399 361699765
-686442962 -584105392 497704366
236081448 -666514729 -633348853
609161838 -893280648 483803892
-753806556 -784417284 -507136340
980264537 -175972825 -319949019
857605890 -740381838 363297771
-353489157 35786285 69999445
-124362818 219333058 94634931
57108163 -813394251 16639172
-592226748 552673231 -837311566
799552076 727207713 525472379
-445369818 -863145914 -339209044
-940961699 -995468628 -230030564
267647040 715796834 -847410748
603778792 852845986 662281195
-824148048 -171497610 399173185
-948853091 -723667967 48464215
-124876138 -671563324 -850912800
793260396 -908678043 -428542691
-757320416 416893677 517143837
434294100 -61510546 338065901
-481590698 706831514 984371558
533716400 -587552833 265115451
-818905131 646054926 -175119522
-710206814 -191676836 -764196766
168670659 859436205 -729175377
319833166 849915920 -535205094
-490981327 912679029 -609747515
-957420449 -811215554 -943252122
-194856082 394642282 153932367
279186014 -649557032 -988236934
319130677 214728548 -504155679
-106096510 349554643 632810526
-266022912 494662703 -474095539
-843629985 -992644783 -743408763
-979097774 239059343 -110330379
445237755 108151891 -381562157
-615866578 -196766810 390836324
-671746502 -738830764 -693117334
755907614 160825231 194934882
-937229187 606484509 -814726066
-743593179 599288495 449189543
370659696 -735182119 -17226051
940996868 -191428811 -21971408
-456207817 -779603805 401584868
-777706014 -441872620 346381642
-188639226 -991873687 -331248414
-375904695 164548724 952228693
354369870 -306793559 359634787
-993717860 130079807 -763283711
-844867153 -230216474 -884971031
337397971 -127008214 -844692570
-593602997 296261398 691668286
-786399968 -250049632 33481908
-520066776 382995906 -913969993
-739432526 -334002074 -593792952
-215705220 -661693634 -391518298
28259060 -479146872 -445011774
815786058 857335647 565838473
-222997271 -179087275 756911771
-562654605 -601830084 -227358461
-201574984 -347402609 256338570
-767873311 190945079 -996175709
409817162 -151363141 729218264
-152292219 -821019501 -170126432
776536429 -44795057 173173360
-808116334 379874735 616571668
-26521441 -248622975 250167961
-777463648 977617361 293790626
-918753104 -744792649 -752655106
-749107785 -528193903 -724586432
-415923272 -884382377 270591661
-173259809 196950751 -396614569
-961381139 399939601 524348864
457215076 655266414 304531492
-224130292 222769015 770906570
-485557873 -959520044 -996659235
-991024991 -946039 -60628237
-956167866 -412614494 -801482810
-202349905 -781194085 641778553
-275716912 152409859 -739834696
-33456010 -886179495 -898059383
-503973472 153299842 -215814723
513432383 772139973 544798433
-84266865 -747092222 -191784540
-145803448 300680770 -216633371
-934997841 -496698181 -724384974
551325442 -991813849 815906478
873235517 881945419 -986108497
-225754571 314066442 742013189
731291584 492041390 32661372
-472029321 179220382 -789899061
-177997782 552220211 -574027050
-865946940 -945419915 117744218
-513123089 -16803159 -920654739
-25941225 -832059130 -346116198
-640715411 -205606782 -26823468
41354612 -450487358 -397725445
-366518415 -490232738 45428905
515999034 -358442256 687998062
-916050754 -593450603 -549547676
36895372 192905903 -365468068
929597858 16841780 -390430872
-672555672 -699204739 -617392923
-760568399 978916065 -946634172
-172885509 614323374 485602270
428015444 -750149749 -475151185
805011773 664267976 607981311
-900899895 -874177041 979173092
602868848 -218532850 -716788401
335403222 -374897751 -343470053
624111554 -425299938 860116224
-807040997 -644264611 493248351
-860907839 -835893358 -204542290
-898021866 579817589 -607125273
-223982481 573746551 -949943215
-673706070 41247825 -522173567
30076316 -277813399 90696717
723537830 859690032 -617129926
-605817363 -847716865 566971514
209151582 -871043126 706398108
682963720 -362004142 -19920806
542614469 -230199956 811035280
-902258042 685481379 668811726
-770922645 -180058046 12568037
916395983 -34509683 211673751
-722228476 -820835866 -445696160
760675373 -652636089 818680369
9150002 222479203 596809721
638568916 -680770056 -705252518
-648937803 879090127 702365071
281208846 55196030 231397855
181298720 748898187 -744378808
-594485152 992823313 214583826
435471705 855367735 805669207
-923924090 -146254491 -65286056
-905458715 61824403 501064524
-138773859 125303 216697077
-296582597 -981281878 -465827437
-249733443 992270506 25242284
323838703 657725036 -386493083
-636137114 695963936 626217118
843920790 -404953598 -207949480
245041066 -443968559 192786572
-838334032 438236382 909571668
-266751525 562030037 -190151544
743698561 -707588198 627812374
773101941 637396430 -657883964
-994687621 273069867 387900319
-973145017 554125796 833931178
-795856093 -576647514 869408505
2409472 -762311386 868966582
-328741821 -504462308 881173881
726863854 29756176 132658425
-906908187 -115763889 -920773476
599542772 376930349 -242380242
410211297 524111971 72390290
-851361541 890295781 748879097
739993888 -172013654 650445060
775818514 830442261 -309614608
-294114926 152151002 -965473172
690913484 -691386989 88091827
-321032715 384823970 268329628
380062948 -762657347 364910837
-27788141 -97775759 610424257
644747114 633355018 -540282119
459644297 -920570314 32781084
597018232 -952684559 402911352
308206535 -949274946 -130717754
-154180107 -157567227 675409498
-226918845 -831980116 -628396403
-713062085 500609815 -987706643
46264011 -746871131 51720511
-805187637 -989889043 424074640
-899911597 878262637 -446338053
927306955 253224794 447639783
875407641 -173752275 -584184737
599286290 -91643833 -212812295
-380363500 -544424727 141444562
817307532 739917676 161628987
956153326 -634268605 813271202
-864650868 836623670 -646456511
417662951 -600292609 482539025
265136434 676797344 651847866
-158333753 -131691062 381104254
-296287708 51239834 143877440
440943263 -130549576 660662964
-66351526 -751012667 110170643
988054600 -181617965 -748044234
-110764306 -193179382 175929756
960276503 498055672 33480653
564133336 -926028293 603700550
-678441006 679166943 -206868472
428715890 -547109223 50208726
-641873679 14333406 -852271617
870773873 -677384687 -878110091
-387063102 -812297501 -442014440
949245132 494935354 676118861
939262458 61819200 894274368
-508629869 636984295 601558288
956259573 354146014 -645486332
-919921658 377553397 402560069
-657243683 -412806384 11777723
-543988210 -139041805 -852834594
-427925900 898064900 -749802430
-929797275 -805863397 848019330
-530859339 367361257 -571587224
-907520427 805329145 858673484
322556500 55685674 78324020
44332006 128484343 -747159897
556859799 -56236096 -408871835
60650308 37710670 812324655
-197751345 -732344636 -999343588
809023747 -307416623 919853148
193753956 758557977 414225169
-862223322 -965129708 683595943
-344077907 940484144 148685350
-48486643 -805305731 365769760
832711127 28170658 938573823
-268383970 347301797 200821852
-262575316 -891938993 303053005
-584381724 996574747 646224855
-344896268 864914430 -14584569
-648455007 -990229918 -118830331
-7345468 543048093 -230101747
648230269 -673361224 -37272014
-956488941 -62105171 -499626209
-778727407 305277730 946132745
-371790310 137274292 -217553928
-943512491 -269702739 -751874824
-613985422 861024208 -443292116
937202329 -52361731 149549021
904603670 -704671205 -194089283
-468178822 762998864 -4322839
-12519030 -627663217 -911254044
264731367 959711891 -221783617
-456373319 -859500403 -266469503
-420807910 -344004224 -468078034
171215475 659026555 -862424759
648105523 242859670 646284705
994492305 -915141773 445502745
-627722359 -51258354 -958494958
-778722890 416104428 -773020861
-206440203 -837330263 -259448341
157832729 -821280151 -190883010
443656685 -579487033 -946245022
171800678 -344997389 132692380
-339032865 -869273774 -222421662
-952856204 -163065636 -613230349
-359026682 -406091609 305286059
305271329 -833622071 -843886909
190268413 418396484 824886924
676076576 347028105 -196896727
-625557684 46741158 -3974984
147848200 -968737653 906345035
-513375324 -868913724 882322945
-916469438 -610023931 -472376609
453248500 -285319374 -670379120
142387734 437578703 529991941
-852292101 -539859759 -167848645
537710536 -276090952 -969010618
229329104 559488096 -755416636
-997367759 -614771352 -330429229
7288014 944677844 746107876
-258693401 -375717050 -5596149
-833036106 -430319283 126497593
970114171 -653745116 -749384878
501382018 841722559 131044035
960157863 701253774 973696808
521726920 -869829886 783051238
-732763314 -347401354 724836177
-894481955 -685128834 -413452820
-211067861 -986498112 660447550
-803185097 -801147474 917200756
-855278346 314860953 801785560
548742981 -567477066 -765500029
995330854 -961909254 483902113
-312168604 -823149250 -483881697
539346113 -179374918 -635061382
-515909650 -559471591 -359153258
-312228857 603761405 37059597
-522757149 63249377 299727422
343175964 20695222 826193611
-111193367 85663170 981820237
-381020141 -355009220 188326729
186021033 -313368808 970488553
-140574545 -416489710 -873642409
-39064602 910232876 -925285621
703240896 88823431 171010918
-86268689 -288299912 -781475240
-613380708 -908162760 624208392
-995214043 -202325326 -173366703
458124827 635232719 -664288165
-90941046 69062586 968478037
211510559 -266403489 -18213310
900962553 151932039 203829428
-326012685 -44644828 -752620994
646754426 -401670384 201094649
-740474168 -538961791 942113147
-67837633 965441949 -513836972
478521428 -732191979 114657402
-385582906 -872726194 -66653039
-967109495 -829503860 -613494317
-646641289 490573741 968870390
171322262 673434005 392541955
171737457 -213620683 -770237415
789487339 -497564119 835155082
436253154 175339707 -576740960
-128603926 -949997636 809339025
-46007068 -496283932 118785682
-880652412 737319753 723626792
-231033934 -728401791 55889117
-240288267 175861444 397949257
893922777 859262198 -968277115
690424224 -40127941 -822850713
-333380594 396991523 -675252044
770264481 872966879 -619810358
470558161 897339875 -186586152
789737978 997969251 601114492
321066263 833178809 -885938715
-455041011 771176226 -981849445
-178635765 -525999209 -179286947
362733659 -583660823 -875764727
-389188158 -464067375 548166363
292360765 -775858482 172043017
162530408 -691541137 51351056
-811165974 485715455 -704086096
286346774 -878646141 -934722800
-414792133 -109200014 824676769
-814735309 -706554601 -769175640
60505176 455188264 -569109517
999363013 728743049 603431714
-247788631 -757532277 373317408
844882215 461787382 372667719
-199432934 -829686902 649089073
-395508536 -200856444 -123356713
155300480 264135010 921554652
90974903 -956210544 -959811247
375
794467120 -353790566 392904564
271415267 143774148 -208465497
972003652 538723202 934170579
-220877273 74843619 -473879036
769350693 -759598087 -988729981
-336419382 865699662 767737854
936410297 946558935 -684009535
563419453 69508283 955781072
-249077556 653208203 -675995813
877491417 -273945515 435601711
648192143 -728469598 386671583
842384750 171928060 498231353
-346328022 720404454 -929983388
-301437349 656456255 -107567237
401920080 -396692288 -958579490
-35294002 -143545223 311656337
-49723099 -68041982 -993103839
237185494 -450863403 -112581121
172760192 970232012 980309860
649537173 637179316 434462752
-386567622 848066178 831950618
413609200 -782021739 -282869463
-466084787 96725069 -744906515
-979967459 -637732685 255384424
707968865 934288653 -413305877
124596154 936502865 850206351
-237196098 526720757 784105837
290356632 -787646129 -471933240
177303595 -372058798 570648034
578262799 922310378 35007831
294285723 -871080184 -422939084
-789572192 -106670588 670530284
887728830 -303860002 -27166846
-743678542 -673684936 40661771
744798363 -122445021 -889833339
639374793 -976248662 -773185952
955060023 988687287 487030422
-910736342 522033206 455562788
-839776794 -381988918 362984329
-479058520 -32983793 -184358498
-804345198 -650257960 820578846
717620761 -376585223 -137758314
436942243 108876690 156299703
368779689 749574550 -583867788
631991422 5671903 -304153259
763553357 309145888 -787138117
-624685379 721403931 7474856
-502342223 -651924034 868188582
-567753517 532362311 123138359
-960167747 -136179543 324231172
21192174 -308422744 -769237519
-613152026 175319206 947148784
-164808871 376559696 315774172
263425019 533446994 701088644
500382736 210311688 795430088
-58728825 -669267762 -724052654
994167788 36216603 -956048377
-215704771 818138728 991259640
-842099427 -821398858 935950529
-933227755 -973686611 363141189
-661008996 236643966 64431602
-652319229 -773196771 136718829
-192966553 -572766955 331110842
60468662 -760635533 809218344
8110877 969346995 391437037
-543578377 166633506 -595018376
-873947311 -129736531 672857559
515023593 -688495894 -468763186
946646297 570488974 -880166880
-689611046 355210681 180020863
569254221 1766572 -14027929
522342068 -396402407 -786896288
-60717598 310714984 272310501
-713195116 -419839864 321198407
-951907765 -464255148 888250854
-869090042 911947487 -217505939
232891232 -961396298 379326277
148234190 -862221038 789548460
465029057 449508506 -712956311
-949573946 -973129057 499296585
-765265486 -347039681 610521946
915342279 18412379 -973672990
356337075 -802142147 -385362206
-574326864 -792055279 699792187
153553693 -928713969 -982984713
-940012413 -518702241 154020512
-234690013 -579138303 89231911
-445307368 -751537684 -219992448
-790136549 32133148 554287496
401119698 32568107 -358128624
218162903 380766656 -624078249
-796352260 -603672709 -226135747
879947679 -288050493 925520136
-838305050 55427585 -385648542
-834050196 939177767 967251711
-996544073 368986761 701104897
-178788365 494444987 332162611
665725625 179341047 -668074213
-917292481 -400987471 740310337
792748192 258693128 35124647
294397244 -509210282 -964490885
300089365 -431333851 -650613652
-522817663 -786296716 623684999
-736815090 -483685367 266542149
-64910459 -486685396 -852620976
-936993107 -919116824 313660544
133809093 25119359 50320397
-695529252 166571005 988294498
950628694 -588322395 -467297333
-871789908 613877536 501320332
657392357 -969759370 697416794
-942642010 -35693919 543836349
953122687 -239680274 -306328502
469231367 702337770 108000801
107424721 414907889 830131659
-113182814 633317211 -639088189
671476259 806815032 43108160
-401854068 492206346 -788324133
17484900 252460544 -564653792
-970565697 -938397780 -930104486
288540420 -861063729 -271678983
-997896274 688742653 845051273
-42527783 -718236147 -298838119
-552408064 -861883499 -284349437
-554668554 -281653131 187921955
490652195 956010522 650723783
68466205 299129080 -773899676
-283985697 492678989 532667534
-374255436 -308186034 -871039488
-721717821 -938056639 -843777753
627346280 -167798524 -336875479
253238059 257782391 425914150
-141428029 -741545582 394693278
-804034503 545362268 -800318784
-828043476 -762364686 789464298
770901800 353443544 847795244
287014055 860388111 -840089765
106786900 -523671295 -652464833
438306345 985934135 -892644360
753525225 354058178 223422184
-329580108 -554275595 616372855
323017082 -720791934 856838555
871577241 -668703155 47490420
-108303714 958884787 261458513
-76711502 -934956880 -429536281
963040580 -751358636 719579497
-792109181 -7643013 960404084
-533027268 675365566 700935156
-496431311 -428209811 743800057
-924446408 331845323 328171017
-909617986 -165491882 132157870
769031695 247646865 -12818708
-650066798 361566560 -622840907
64646944 -387314561 917937405
-999946200 606497768 831616868
441360568 -658983024 951362
511295509 -456268145 -328528311
-590072286 374462070 -971615028
-374709695 -434943004 -904352836
-29472341 945580333 -816351117
-736349218 171896096 911202886
410542146 -891578839 -465531658
-954991076 546159990 98663844
-328342599 409170976 -787673137
-941660811 716421959 -311302756
-943098609 -453623546 830290465
-348008998 -114448674 895651074
-488001497 -906776027 660778272
-153907116 -524392324 -549696209
-636723995 878774131 -730725502
88838012 243150298 929930329
-739682977 -334453976 -425299415
45073833 -682238383 -983802939
942039882 -544213657 340745488
-22256915 -631228526 555624443
127857985 988346410 -389059869
3784771 838154758 -180156661
397504347 -593608545 -890794969
-522271147 439556542 869388557
510346341 131761 -443896686
707158486 -860089845 -752198010
966006693 -117435181 81813783
-841422206 -578753535 119383957
475702131 789061122 270160461
-240443390 531842333 939105432
772703595 196577394 -279140964
-474651917 -952088656 25296717
-675772369 346633290 302787865
-851874966 -190019677 -593210418
215098772 -530139481 605215493
591236443 -569285520 -957929187
-531065081 -102629836 674827413
-538514276 -436464113 -733889631
-316774148 -947248384 -463976683
54093814 948817822 -939575244
883201667 -690262977 -222033438
435357149 -847001720 194376297
25006320 -569723908 924355756
-986808690 141698122 906090744
504042425 -649984610 294513885
900977543 -154201030 -567476995
198527820 179022206 453180748
-399395443 -450033787 878293809
-731317621 22317230 -407369080
-669326299 789354542 493452788
-550858525 -367006014 3145326
-76081902 517388829 -806692510
-753346969 -791687762 -363650194
-969650976 810191904 -753276142
-936238311 86872222 414493087
599133136 999417283 -4482102
-955109979 -446465470 -5254818
100276402 987813561 -790502628
-713492844 -398251119 -398368408
-437567029 -582094025 -518122361
96972628 -988438835 -249895725
165134840 -246224172 -908262976
587546852 -370003314 751529244
-406539303 599374152 748351006
703602238 -844738255 270373442
-934198188 -910062178 350496856
728966148 -335124795 322393138
-699292347 -770556812 -178417559
385363707 -618250844 -171861750
839015659 -841413171 312978196
-957185738 -765611621 -509360759
147714401 943487039 -388519833
-488966461 275316311 -854691493
953208015 200213806 934409690
-969076351 -597473283 151281347
355365087 782311288 -705997271
-735577514 576165056 305223183
-515275679 -55091078 114206518
-422652955 -494085929 -182567235
374563425 49496110 -402743406
-12066584 -423324723 190836502
-897958829 -820814801 816348641
-930173925 -540394236 -745601653
-10899739 131801136 -147362519
-932165613 -421501354 -102998240
-117880068 766901733 787597571
410100762 531360115 959621373
-118593305 724992434 -138997597
-855852785 -451763999 -385336911
-862543472 -386516391 676331623
71028296 -775044931 -770348259
-181358167 -30820703 344600475
184451568 -808373751 787444645
-256887699 544399256 -941803712
-685935673 -263130887 440215788
273387183 138407364 -849520297
-928873856 -787484822 -993084872
-266847341 918779944 -799525940
550353208 984772013 -843831049
-846402000 -863419017 542917847
658797297 305714605 509565793
149468370 288182734 755519261
313814194 -89266792 -326819496
-495643515 258303324 763761807
669425122 -862308035 59401110
-168192988 -657222836 321740884
-178519574 -340283100 726661642
-978676201 -993009129 -633653618
-346256513 -695078470 -440529683
604274654 958750607 -211255535
164273905 985967673 383785642
715924902 360243257 -234087688
-949180321 471946763 534068362
244970833 -295972657 985693542
-775197400 722814314 697668443
839641139 34615324 -218103686
364146668 -377128077 -631611657
-871316098 -254390198 732062161
-139946813 827792968 -296219114
-635011263 174793183 -583851429
-260549484 -518462384 -60655743
-931551475 279206613 894435382
-283726303 -451477146 574685513
437929739 -435298833 945914434
34062127 -461626468 -599248756
284975227 548716558 -379137196
425768060 -526744117 -999601359
720182225 -140241975 -728178028
-668211310 -937474372 -677792981
-416064479 459093455 807847109
-75182672 -409174151 -159247437
-129343197 454209066 -67546161
821692494 241052032 669117505
-852423244 809008338 447770445
-752971858 -183892126 307586437
867476079 -649659589 -484975581
18389342 -333113473 655978494
-436259692 390836832 175052728
-908745667 58046684 -682844627
-78860116 535674024 873636360
668185372 -991753058 -982484609
-874597121 859886853 297502681
-894420334 -892432108 878002638
307509005 409619720 888563254
-686894096 852377550 516173256
-391324443 -814607506 174892338
-793151392 990049187 737277236
969673668 646661058 -490813248
-415409348 -802835334 108922668
-377531252 -272621099 -934650648
-443904539 458375436 199090839
836392367 -995897103 -547176485
875224756 -797047565 728079368
-102335347 109522686 -544526031
907365326 -804926640 -664015638
416140059 690502763 299655472
340099108 515599627 -219452765
584853753 -72349994 288581744
827458450 78661114 -595894041
255408942 516186911 760297988
-836287689 -480798623 -464227647
-507349019 894455924 696431809
-191139764 -339473719 -204483688
-813064900 -249465022 -272051531
-320874288 -790370108 109962189
748634360 -786431138 104580629
-124332568 743153751 -825956558
404164122 -986924631 545765968
-686458522 -116334660 -850826946
-294497981 -779234660 770161497
925860225 825495382 -86007282
-691491109 -916585194 -85583574
741430799 -241857859 -824049894
678538034 188594913 462712186
921804210 317203851 -279214879
-282203615 -196539008 -781751390
781072374 312178319 350165897
-932475578 407078627 -570602630
114033627 -830312408 -935911493
19754486 -407154282 -4323861
-959962267 712545925 -980716409
-68882303 247883358 -975233957
219934242 -915826794 516108467
827359359 -413507109 -984734662
970971979 579403933 806814621
969626498 -770090462 922836091
239528709 -403482732 -602812106
408912970 832646535 -724559125
-882931051 763279581 -931756844
-774019209 -684681121 81085852
41686019 481825255 -590088102
-150362807 108855449 950424945
-330232859 -892672196 854271573
-767334715 -995794093 518992153
-987008933 -523622659 -975006155
582657107 847938547 -66567731
617062450 511705123 889684087
-653469176 -172525628 807689999
-891235990 731284004 -516355974
-279019301 804487171 888263687
328518449 789381203 922778251
803888123 -587509262 -837486849
-200960142 -960260335 -93801043
322672751 578649254 486158364
-722519490 -838696561 -472682448
327419124 498123656 671098900
338902388 -166804637 -124775910
490959347 327271282 -739047644
268139629 741023788 391789752
-288558013 128280703 257971782
541893907 -679245825 -944368515
619476887 796943417 -191877421
-821408062 -374321796 -634345559
310074116 -358822222 708799007
-852125022 -734719333 -472438
677861843 -772907799 -820821877
290288918 993867477 622856257
-869373404 -235240250 695229258
-805604986 -789775161 -862561899
507990784 -706450470 -847574537
187
910476934 -22842917 743315932
185573645 871743258 -115775792
126380176 -455673980 593034229
231200867 -610160035 -747519053
20100554 -696367359 567176803
-836609111 -909381191 -818712290
-952572624 883247200 514949398
-598669397 -668780902 283842730
238308964 -780316925 912638074
-991862841 281329790 -267431454
389049935 -758442055 -599666470
-537015525 -512717594 -112219653
-497004408 107120537 466209674
61556536 -139955886 -555722959
-504839979 -23904028 -348511147
562418763 -841635025 -777870434
-101283425 -261302933 -99269308
-863429789 -801268978 642805845
456691395 970738218 -780539105
972717254 -831610101 -988413930
-660392226 105857570 478265349
803011684 341430644 -906273460
-259912360 377443911 -963975084
-727710570 -252553614 -592998730
789624938 13296203 692978628
-185901045 -774101572 817946223
-723488798 -409171669 -22802275
904435248 -830606240 318730537
-804427061 931042676 -658690036
-814763563 -108020960 -232485186
425589462 -872901365 916106472
-119319595 -582729952 828557227
-414756774 -821159370 -710828574
-12457232 -856795574 275771983
83701252 658589259 944885065
-786462953 700159608 -97591014
-444662335 62827999 -52515846
-914998778 469127725 -724896573
-842132186 -694491929 535027423
-91523804 618161316 -4004990
-665436562 174342943 -913301673
-78339397 892076198 68757612
-540377735 -878959791 -493971391
-406485695 -936929069 988338445
307786671 132119836 299290879
282507361 654891936 238781443
-984774851 -324401960 -691879974
4751384 27908741 -265365141
227947834 -50707062 -898407328
751206700 230886750 -9964475
813522300 933762097 221959681
26350076 58830128 695696576
-689797802 579145563 189547223
570446879 307034378 208708070
-220943102 -963272842 -973814741
-12775417 -509951014 -365515724
109862377 860595430 -5781401
165092508 -725449056 -738946119
693499849 -814775972 289119851
680224317 -166446118 633030070
425263460 -180917037 522099120
-841365580 -360521464 -496566770
426148225 137116918 955708630
-390529901 -608696558 -941235595
611922561 116614200 237034674
473016098 277506832 -999500339
725323863 -961264393 859455575
443811727 -705870670 -274761395
722743871 -824245444 349912222
476252821 -793587134 393678919
-562918087 314117006 -785677753
21427445 -124575375 43172911
-353376963 103497290 660746430
-145559630 -578692404 -486826742
744158658 369070804 456883982
-402060040 682246131 -554255657
-499128742 -592850720 219409928
-119434874 -854034263 -771067208
423567775 -253556788 -588591354
-863018397 -930920086 -74866237
-992761987 -167606226 999799077
-135113732 144418337 584961559
-135746422 -895086487 -566331169
-632198443 -925294588 -495179057
-988192419 -743277353 811794101
687134933 253539562 368770361
-72098318 -507411612 635758251
-856993372 490815076 -521152890
838319790 -354295027 -998267884
-827439659 -603409196 593799451
-770336773 -992138257 -525783975
494303891 -234195014 123106371
-780234316 -735261495 -366663546
-18405066 -402295092 273674991
109148493 -733825110 -398699084
593780942 -380630971 -409633611
623865266 635739186 -728288300
295574851 599748585 -960333689
-954810048 360611185 328421489
-598651540 -371337901 89290358
-485252760 -55453189 161597864
-605488721 -968238759 862999817
681414315 -307507058 -650442476
-141995871 93727750 -825464583
-334913944 -759120252 -880057998
163166072 -342047764 234521668
-173520818 472205809 -740640095
-128116921 814290795 817655905
-303873429 248351348 724292082
-198913040 350745654 986956952
-4024855 -925854061 -920324410
-918608518 -762335615 -770989756
588195801 461429216 739481640
27698292 -767457462 301378411
-579617385 437660338 -240040817
-922852674 -83748244 74377551
-706815740 -491023246 375103998
765539197 631099072 -901299105
-830980822 -92306473 -594631929
-767832862 -729849157 -307589895
920237443 911000984 581758894
-168204436 646053214 492282150
-363863228 62080208 404455299
845469115 -360103481 970717071
741473812 637273499 478495507
-824124833 -237543134 93837580
689593020 766348881 -809214327
-614223425 -956484754 -69961719
-890087876 -804614601 236877515
-121306794 443712800 -137969403
537793805 -713658094 -714295142
-2457088 -506596974 -471354396
-736037943 -924732556 297783589
285800388 -71263824 518147885
-700293052 -844013706 491738730
-982153162 787316003 -559809785
293039645 -986238185 850765766
-848884234 572126761 694503548
-869741636 649072702 -389744230
-461916773 421237906 474581228
573736743 340645047 -828513978
336383323 -967460900 92910568
-249015022 385314247 -25707310
384657854 -197281252 -443305777
-298468248 -773545457 672207465
863674039 173233529 89796058
193162546 641366532 468998351
459251579 -925424178 -409107458
-362097009 -180689621 -988702951
-438974316 118877147 255413246
-761666356 729416086 -949760924
488256006 452893603 -19739159
-587737438 -705607313 -30711384
540589426 305524662 -61773366
879690834 220331731 884918077
-426773739 -37684863 -906921538
-839928663 -261870378 -832727302
333366072 -648969414 -75652934
757782804 63385037 -662287707
-152007547 820918402 -877194245
-424787076 -727465925 -641784692
-786606383 307522552 312057874
874956634 -889966186 867362003
665398043 60038916 -683256137
-705206219 262379368 -384204119
71701387 635368043 317849056
-686079982 809510920 -972466487
205740101 13984317 851824547
-725528184 -999414400 -421515614
570187740 165454602 922603092
-809905445 -951511327 -2741472
226320190 -991445214 143085397
-795480040 -110088955 564427339
-524830504 -365293026 733647025
-101614892 -819897840 378789830
-116379241 -946339123 791396647
476824123 -158718100 244652944
-936008059 688695523 360216337
769858819 -591145071 291737253
-758312726 -288089725 -171835634
-583907735 737112734 -798408519
-641879338 107160228 -233188208
399283427 -955853631 -872868644
165254407 -592437362 -185276564
894659873 -957023853 358653892
762951413 -641638882 -807437099
645671463 962405222 295295167
93
-492763489 -174157694 523980954
-128136871 -787890132 449931959
-541133834 65826039 -249446434
622070006 759689620 -256979149
892036536 -949497016 345118467
-957639992 -689904658 -570721361
-915140851 -61963996 -566322747
-849668606 -396673878 -33398949
79917994 261544043 -41517835
416983844 957481421 -868198117
465996410 -983340951 -788911147
777982575 -955688490 -975882882
-753766229 635254851 955515106
709293032 -778015724 485381003
-899464233 82700424 320818166
965219249 -162440808 -738994429
179702677 -460484282 135977654
36992678 428423603 308920152
-970996133 763776273 -941009609
218976667 225842140 658686880
326937530 455703934 423339670
-323265606 -161032578 436197929
-910031738 -149367438 943637997
524181647 -916221385 -733010120
480237587 125120925 211157099
526237620 -866987762 526368567
964987963 -145293734 975591821
15312165 182797660 -629202016
530229279 -480852042 538110209
-844680399 -916471414 72650799
-527863134 970354297 -852323463
112647395 -515501366 716070960
487905786 745723490 960129728
562570502 60597065 883491854
-288824134 846292375 -849295530
918049389 -541555924 -822252348
-511864083 -209569136 727582904
-924674785 99336690 439190002
475905425 -922099548 -921953038
-120582967 -25807163 -101544851
-798485499 595059346 797909220
-860573504 799202014 -107874586
-396138995 -403877320 183001916
-903953399 632000340 -629002223
-350260599 565699735 488653413
-724341944 545945548 -514076661
988084955 28938657 402002216
919107745 -971302249 455824198
202240995 633312808 856770029
-905324330 -595624353 -67889687
-718237205 -60329247 -914014482
-355119636 -244009548 -880871859
-436902800 -737139579 -562542228
-34796324 -5511657 -711332926
-459646196 -914749502 846392903
734204676 575371157 -973530902
-643064748 530104458 642514065
363596455 -984015555 858532938
-948021887 -800090801 742713927
258184743 -677566362 -866331961
469762053 619951255 -68924769
186225433 498103432 734304961
458457366 540445540 272329672
16616889 842561272 -832548307
324225980 -912933843 -797391525
-58626225 776699958 -723654070
132708207 -719231195 817540501
-266854515 367603498 -652482831
-446908119 434505975 -893819041
889284608 492271374 58091552
682212727 -330333869 748356045
755991251 615132798 -954505228
687652369 -78354971 -560711675
941739091 -206436300 611779100
159086753 681192315 921284534
390627467 905793489 608421586
-691421848 -742373555 77337550
-169243733 132678703 -962251717
-72326610 -440663775 -59460948
-822942201 210116695 -749656249
-289706335 -907387510 534329686
-967671263 -657386938 542296698
-942265617 63598673 -176941149
-580430026 440798792 416187734
245809967 -798608230 -883155842
956250884 -331698788 -886085361
789567177 414819941 -300639634
-563814331 975644535 -770831869
-804692237 362585762 73357446
265570172 339832686 371091145
-898825334 470807982 148707162
-916086323 -437916907 -920907653
530344416 -403465972 -930135038
46
485763917 826877752 857694682
-863302364 -788154175 109548596
186144836 -344968679 -82550918
-928681384 -203785010 495456143
-44731186 -751697455 971287473
-992108926 848438504 651533211
-188723061 -543406490 73854161
279547169 -828470761 704949349
-722887146 418134821 -820833090
-107902783 -43750074 416124105
715707269 -562667547 994677844
642496863 717474648 -732943116
8420005 -607215970 586220413
-517943997 258620735 -774558058
-356075834 -913784342 804145854
-898375461 -709752877 856769993
665028602 104251960 769969292
350373030 980728784 -489247238
-291041878 816426819 -807409801
-993063937 287249217 -754703842
-5814081 578777083 464777627
103292903 329978693 201358361
233247305 580787053 796262375
897815140 723331327 -665358567
721169035 386337610 -4099089
830997987 340611540 716650599
125662929 -338834832 568753095
-466298308 -893465574 474017592
-877477125 -194998710 -983066017
451862479 -522800556 912065471
568826014 853314511 -730339375
771103484 -160798507 -832302664
-806484244 -82118180 419505959
391357352 -945241966 927879287
-575406832 28595703 60792014
-856865340 877778642 620827758
-849097510 874562947 816439606
782461262 -414772860 127902496
-607753667 -889221068 698873197
-712018849 293331599 -688746421
272927882 -622567082 408726616
941002517 -68379593 925219168
-748070529 -37086579 674492214
621717647 -750607016 -134158303
-70576050 589777525 53665596
-611863403 434508603 -889729395
23
477851807 948668604 -674951534
-776017320 -584771072 -55623125
-212917594 923666120 -775537598
537777377 -313044303 -732706880
45302126 530140942 -441384943
-859024667 -292347911 -806581007
-34754530 -71004290 -276318888
-415670564 398952626 -245137826
-221891836 -742450900 883046887
-933339110 686322487 580725962
929533942 -802425164 14166972
-137028347 660022158 879054448
465134791 -457345318 -102667406
-811573717 718349366 -990439270
-662693234 -966751878 -904691044
525359857 101769645 303826313
309295174 -675500994 210215083
-579402499 -934522701 -819875895
-357689386 -42443996 808230643
-602143859 917148498 -854776515
-892798076 811326350 -224362017
-546732292 -959640204 -790959365
92504803 402080335 332775550
11
661085420 -569704008 787572113
-68413133 740308686 487911788
-777364011 191845094 -552814487
526994127 722657509 -290295868
-968585340 377415244 275892428
-399157460 -875405384 -644887610
559155675 -551576483 698365499
-794490126 -909715224 -649169489
872785006 -478318561 635074791
-614416731 776637865 -713276141
870242994 122402103 -414047805
5
152586124 -254615455 750811740
393242119 -398499884 764643402
-6613937 992343677 643985169
-773010686 -146011539 -928216226
-55728886 -903933542 649781967
