1 923 1000
5 6 8 10 14 7 8 14 9 16 14 12 18 18 19 20 27 24 27 22 23 30 30 26 35 34 33 37 30 38 35 32 39 37 44 37 44 41 44 50 47 51 50 46 50 50 52 52 51 51 55 58 59 56 58 62 62 67 67 65 67 62 67 68 72 67 74 76 74 72 81 77 82 79 84 81 87 81 80 86 87 83 85 90 90 96 91 92 97 96 94 100 99 96 105 98 105 105 100 109 104 110 112 111 112 108 111 113 119 118 113 113 118 117 117 122 118 121 127 124 126 123 129 133 129 136 135 132 132 131 140 141 134 135 145 139 143 144 148 140 141 150 146 150 152 147 150 151 150 158 152 162 163 162 159 164 162 166 160 162 171 170 168 170 173 166 176 174 176 172 171 177 180 183 184 185 178 186 182 181 183 190 193 188 195 192 190 193 198 198 194 195 203 204 199 206 199 206 202 205 202 212 210 211 208 214 211 211 210 212 220 214 214 215 220 220 224 225 227 224 223 226 232 233 233 228 228 236 236 235 236 242 234 235 238 242 238 242 242 249 251 251 251 250 254 254 252 249 254 253 258 255 256 260 265 257 263 265 268 266 266 269 264 265 268 270 271 278 278 272 274 278 275 277 280 286 284 281 287 287 290 290 287 290 294 292 294 290 299 290 301 298 299 301 300 298 298 306 304 310 307 307 313 306 313 316 315 315 317 313 316 315 323 316 317 321 323 326 325 327 330 323 324 332 329 334 335 335 335 330 339 335 338 340 342 345 345 343 347 350 346 344 346 353 354 356 353 357 355 354 356 360 358 356 359 364 363 364 362 366 364 372 373 367 371 371 377 378 378 372 376 380 382 377 377 383 383 384 385 389 386 383 393 393 386 388 394 396 394 400 392 401 403 402 402 398 407 406 400 400 405 411 411 405 415 414 413 417 417 415 415 412 420 420 416 419 417 426 424 425 430 424 426 428 427 436 435 438 430 430 436 435 438 436 443 443 439 439 444 446 450 448 446 450 450 453 448 450 451 457 455 456 460 463 457 465 459 467 461 465 462 464 468 470 468 472 477 471 477 474 477 482 474 479 476 479 485 478 489 482 490 492 483 493 487 493 491 491 491 493 497 493 500 497 497 504 499 501 504 510 510 502 513 507 506 510 512 510 511 514 511 522 522 519 518 524 523 520 526 527 525 527 532 525 525 533 535 534 538 538 537 540 536 543 544 544 545 538 542 545 543 547 552 550 550 550 557 551 551 559 553 555 561 560 557 556 563 568 568 570 564 564 566 573 565 567 575 572 570 575 579 580 574 580 585 583 581 584 579 587 582 584 587 585 586 588 589 591 595 593 601 592 603 600 601 597 607 604 604 600 609 605 608 606 612 606 614 608 615 611 617 620 617 618 618 626 618 621 622 626 630 631 631 625 630 628 632 637 636 637 641 641 643 641 645 637 646 640 642 647 641 643 644 645 651 655 649 658 656 658 661 652 661 661 657 656 663 658 669 669 665 666 667 667 673 667 676 675 672 677 675 679 677 682 680 685 684 683 684 688 688 685 684 685 689 690 693 694 695 694 698 700 700 704 695 705 701 704 707 701 703 709 707 713 714 711 707 718 718 717 712 714 723 715 723 719 720 723 726 722 721 728 730 730 728 735 727 734 731 733 735 740 733 737 737 737 747 748 742 748 746 744 744 754 747 756 750 751 758 756 758 755 755 759 755 757 760 761 759 765 763 768 767 774 772 767 776 771 779 772 779 775 773 775 782 781 781 782 785 789 784 789 788 791 790 793 794 788 789 800 795 795 797 804 797 801 802 801 805 802 810 806 806 808 811 813 809 813 817 815 821 822 819 819 819 824 826 819 822 830 828 832 827 831 826 829 831 834 829 830 835 835 839 844 842 843 840 845 842 849 845 842 850 849 847 853 850 856 854 858 855 856 854 861 856 857 859 861 867 863 866 863 868 872 874 870 873 875 877 870 879 881 883 882 876 879 886 886 882 882 881 887 892 889 890 894 889 890 891 894 892 902 896 903 903 897 902 903 904 907 905 909 906 908 910 908 915 917 916 910 920 915 922 916 921 919 923 922 920 923 923 922 923
2 2
1 279 270
2 938
2 937
2 931
2 943
1 621 612
1 981 971
2 898
2 930
2 926
2 979
2 1018
2 930
2 912
2 901
2 955
2 34
2 914
2 78
2 904
2 957
2 924
2 922
2 907
1 316 316
2 926
2 902
2 945
2 907
2 920
2 927
2 925
2 905
2 946
2 915
2 1015
2 909
2 922
1 964 1023
2 917
2 959
2 901
2 907
2 925
2 896
2 959
2 922
1 726 717
2 952
2 1018
2 897
2 942
2 912
2 921
2 916
2 914
2 6
2 963
1 157 145
2 921
2 945
2 936
2 944
2 946
2 955
2 19
2 927
2 910
2 1021
2 925
2 927
2 943
2 925
2 908
1 808 806
1 939 937
2 921
2 970
2 922
1 294 350
2 926
2 959
2 958
2 957
2 1008
2 919
1 356 356
2 42
2 927
2 920
2 939
2 900
2 919
2 35
1 307 304
2 920
2 900
2 917
2 947
2 906
2 911
2 904
1 579 635
2 918
2 913
2 956
2 913
2 953
2 921
2 990
2 949
2 911
1 493 486
2 899
2 920
2 917
2 916
2 914
2 8
2 901
2 931
2 917
2 924
2 991
2 901
2 937
2 952
2 934
2 937
2 900
2 1007
2 915
2 922
2 982
2 922
2 903
2 909
2 905
2 922
2 925
2 984
2 920
2 947
2 925
1 881 873
2 924
2 1001
2 914
2 77
2 924
2 925
2 908
2 907
2 968
2 914
2 26
2 985
2 896
2 920
2 913
2 949
2 953
2 988
2 902
2 986
2 899
2 900
2 943
2 918
2 912
2 921
2 915
2 916
2 921
2 973
2 920
2 943
2 906
2 953
1 984 979
2 916
2 922
2 925
2 954
1 249 241
2 952
2 925
2 952
1 223 209
2 935
2 904
2 925
2 914
2 5
2 0
2 7
2 907
2 946
2 917
2 918
2 907
2 927
2 939
2 910
2 914
2 8
2 900
2 1004
2 922
2 978
2 929
2 910
2 938
1 840 833
2 944
2 982
2 943
2 951
1 727 725
2 916
2 920
2 974
2 925
1 540 522
1 717 716
2 918
2 906
2 917
2 954
2 948
2 904
2 921
2 920
2 909
2 919
2 15
2 925
2 955
2 9
2 903
2 909
2 945
2 914
2 1
2 908
2 913
2 914
2 189
2 920
1 372 355
2 907
1 383 380
2 913
2 905
2 905
2 905
1 791 776
2 926
2 922
2 947
1 716 711
2 926
2 954
2 952
2 907
2 925
2 913
2 916
2 918
2 926
2 910
2 915
2 975
2 900
1 605 598
2 927
2 912
2 979
1 199 251
2 921
2 926
2 918
2 925
2 953
2 899
2 921
2 921
2 975
2 944
2 927
2 915
2 924
2 972
2 939
2 942
2 924
1 681 687
2 956
2 915
2 898
2 909
2 958
2 902
2 898
2 918
1 1012 1006
2 907
2 922
2 924
1 977 970
1 597 589
2 946
2 925
2 959
2 935
2 924
2 907
2 896
2 987
2 955
2 57
2 913
2 963
2 938
2 909
2 952
2 902
2 953
2 949
2 931
2 968
2 925
2 907
2 896
2 915
2 926
2 958
2 899
2 941
2 914
2 45
2 924
2 922
2 927
2 924
1 921 915
2 905
2 906
2 912
2 916
2 902
1 773 825
2 938
2 924
2 990
2 980
2 958
2 956
2 919
2 53
1 170 175
2 926
2 934
1 408 415
2 903
2 927
2 911
2 902
1 382 374
2 898
2 952
2 918
2 958
2 900
2 912
2 959
2 913
2 921
2 926
2 927
2 951
2 917
1 416 420
2 953
2 959
2 869
2 924
2 952
2 916
2 915
2 898
2 952
2 908
1 253 245
2 915
2 946
2 909
2 952
2 896
2 899
2 952
2 986
2 920
2 912
2 950
2 904
2 954
2 958
2 938
2 989
2 952
2 909
2 915
2 905
2 932
2 904
2 920
2 953
2 938
2 990
2 919
1 701 694
2 39
2 918
2 1019
2 921
2 905
1 144 143
2 930
2 921
2 924
1 161 164
2 937
2 912
2 909
2 910
2 913
2 956
2 907
2 924
2 909
2 948
2 904
2 922
1 283 281
2 906
2 902
1 317 306
2 918
2 927
2 925
2 925
2 924
2 959
2 945
2 778
1 183 181
2 899
2 984
2 918
1 916 905
2 925
2 907
2 919
2 27
2 922
2 916
2 903
2 921
2 905
2 905
2 953
2 927
2 927
2 959
2 913
2 952
1 270 259
2 922
2 925
2 905
2 920
2 916
2 905
2 981
2 921
2 927
2 905
2 968
2 897
1 856 862
2 907
1 618 609
2 953
1 670 659
2 911
2 911
2 914
2 49
1 348 331
2 925
2 896
2 912
2 938
2 916
2 922
2 904
2 952
2 930
2 935
2 946
2 920
2 902
1 409 407
2 921
2 911
2 912
2 926
1 523 520
2 919
2 7
2 907
2 898
2 931
2 916
2 925
2 959
1 744 742
2 936
2 947
2 914
2 24
2 907
2 924
2 930
2 900
2 913
2 904
2 913
2 935
2 915
2 916
2 917
2 911
2 952
2 909
2 934
2 914
2 0
2 14
2 918
2 935
1 252 235
2 911
2 909
2 904
2 918
2 906
2 777
2 957
2 954
2 920
2 915
2 967
2 917
2 897
2 947
1 515 569
1 742 540
2 945
2 907
2 916
2 896
1 430 417
2 898
2 958
2 898
2 945
2 957
2 952
2 924
2 915
2 912
2 910
2 913
2 910
2 903
2 993
2 922
2 927
2 922
2 937
2 912
2 911
1 173 167
2 920
2 952
1 755 758
2 922
2 898
2 942
2 920
2 904
1 209 200
2 921
2 959
2 917
2 915
2 975
2 926
2 901
2 985
2 927
2 985
2 921
2 947
1 591 583
2 913
2 897
2 954
2 989
2 909
2 940
2 927
2 906
2 944
2 903
2 921
2 986
2 926
2 904
2 913
2 919
2 17
2 920
2 913
2 912
2 918
2 958
2 903
2 934
2 943
2 898
2 933
2 43
2 922
2 900
2 956
2 920
2 913
2 906
2 913
2 926
2 902
1 944 944
2 921
2 921
2 926
2 955
2 20
2 907
2 913
2 937
2 925
2 990
2 956
2 910
2 925
2 924
2 942
2 920
1 20 3
2 926
2 953
2 958
2 902
2 896
2 922
2 920
2 927
2 929
2 955
2 33
2 922
2 944
2 12
2 951
1 223 208
2 917
2 911
2 922
2 914
2 8
2 910
2 912
2 917
1 542 540
2 921
2 908
2 925
2 984
2 905
2 920
2 920
2 952
2 904
2 899
2 927
2 921
2 932
2 957
2 955
2 45
2 922
2 916
2 922
2 907
1 548 605
2 955
2 15
2 900
2 987
2 958
1 724 718
2 911
1 538 543
2 927
1 657 656
2 914
2 48
2 946
2 926
2 925
2 956
2 913
2 907
1 462 455
2 912
2 924
2 912
2 947
2 921
2 942
2 918
2 932
2 925
2 920
2 955
2 38
2 939
2 981
2 902
1 858 857
1 261 313
2 922
2 912
2 925
2 909
2 910
2 947
2 986
2 925
2 921
2 951
1 558 545
1 1002 1005
2 898
1 563 562
2 935
2 948
2 919
1 227 250
1 57 51
2 4
1 958 946
2 953
2 903
2 918
2 913
2 917
2 940
2 939
2 925
2 906
2 912
2 898
2 985
2 927
2 919
2 7
1 796 785
2 954
2 918
2 959
2 949
2 909
2 929
2 899
2 989
2 925
2 926
2 975
2 918
2 912
2 925
2 947
2 915
2 901
2 914
1 520 512
1 454 472
2 11
2 924
2 915
2 915
2 925
2 913
2 931
2 900
2 924
2 914
2 24
2 1019
2 933
2 55
2 1
2 915
2 943
2 928
2 898
2 896
2 984
2 921
2 901
2 907
2 912
2 922
2 913
2 1020
2 1007
2 924
2 946
1 391 447
2 920
2 915
2 899
2 926
2 925
2 926
2 940
2 962
2 944
2 45
2 910
2 943
2 927
2 1010
2 935
2 906
2 956
2 926
2 947
2 975
2 968
2 919
2 20
2 926
2 980
2 942
2 918
1 10 0
2 943
2 921
2 903
2 952
2 912
2 960
2 955
2 36
1 235 235
2 940
2 924
2 951
2 916
2 911
1 328 327
2 916
1 522 520
2 920
1 625 623
2 898
2 969
1 918 905
2 950
2 949
2 808
2 906
1 892 885
2 912
2 921
1 350 343
2 917
2 914
2 2
2 920
2 912
2 899
2 969
2 926
2 918
1 561 565
1 925 915
2 956
2 906
2 908
2 920
2 921
2 899
1 484 280
2 901
2 898
2 914
1 53 52
2 37
2 922
2 926
1 659 661
2 924
1 155 152
2 958
1 952 956
1 296 294
2 953
2 927
2 927
2 920
2 905
2 907
2 898
2 904
2 918
2 904
2 906
2 918
2 912
2 918
1 762 762
2 904
2 912
2 920
2 921
2 907
2 904
1 682 674
2 980
2 906
2 914
2 30
2 932
2 954
2 911
2 946
1 732 727
1 883 882
1 27 28
2 913
2 956
2 910
2 959
2 926
2 996
2 925
2 937
2 913
2 950
2 964
2 927
2 952
2 917
2 926
2 959
2 958
2 991
2 915
2 956
1 794 784
2 920
2 917
1 326 381
2 905
2 899
2 927
1 997 795
2 905
2 922
2 912
2 920
2 944
2 12
