1 695 18
418 639 670 410 118 656 136 461 511 495 133 426 425 112 662 468 689 581 614 519 141 421 179 283 48 249 152 528 396 457 153 416 272 381 105 398 175 466 226 430 540 385 638 174 213 493 350 204 278 452 681 133 470 627 616 438 319 673 242 26 686 117 515 178 344 185 231 601 445 554 46 596 138 228 495 216 424 3 26 669 524 279 72 534 272 223 165 121 600 215 49 77 478 9 543 301 623 271 472 222 417 295 393 504 118 678 415 506 586 147 247 5 218 505 107 583 209 236 578 286 286 672 212 359 11 454 181 367 299 524 458 370 186 129 109 108 410 52 13 327 584 487 321 281 627 480 508 643 116 421 684 415 39 130 670 57 541 239 568 361 547 27 400 244 666 404 607 597 578 431 23 379 524 535 473 628 427 350 190 194 345 160 242 212 143 598 154 539 97 457 500 146 379 322 235 381 93 659 551 197 574 652 597 671 337 469 288 455 455 108 689 163 571 367 305 44 307 69 660 554 339 505 131 26 344 468 397 273 111 653 39 546 496 267 603 84 375 604 288 101 585 569 472 76 205 218 322 534 392 4 393 526 84 364 393 136 325 402 658 91 82 59 40 92 123 343 617 367 363 422 523 389 491 73 635 314 540 195 406 164 5 440 603 588 343 568 121 683 273 312 226 167 298 440 347 216 22 586 593 301 599 71 239 106 604 251 211 186 316 360 516 244 385 145 428 284 691 503 493 239 522 81 388 321 108 194 177 356 602 128 672 405 602 72 415 71 142 588 584 464 90 407 71 396 48 31 350 507 362 399 341 628 123 660 363 151 493 126 559 267 619 463 223 584 313 90 551 230 294 245 615 360 694 507 658 500 305 392 99 515 273 345 480 497 293 101 406 405 91 540 499 80 351 331 142 490 385 138 452 323 646 337 419 535 342 538 192 647 250 132 76 590 224 423 386 377 527 690 616 115 255 643 619 123 405 267 324 265 155 517 183 3 53 323 388 344 590 586 233 300 439 236 337 220 356 353 423 249 457 154 550 77 65 372 272 551 534 414 296 90 2 534 477 272 29 223 466 412 60 60 585 106 228 591 484 246 633 220 267 544 654 375 509 528 167 136 399 290 142 391 28 95 10 69 507 548 445 351 128 595 361 427 493 484 631 634 681 655 483 510 491 82 507 231 315 118 539 427 245 245 235 268 388 212 318 686 33 294 463 485 570 576 681 669 284 633 197 449 496 127 292 442 304 493 139 257 316 12 647 346 355 94 345 496 78 364 304 385 427 110 613 672 130 545 446 78 532 670 364 595 308 400 540 363 530 337 273 662 692 203 456 548 431 417 249 41 246 79 357 537 453 426 237 309 554 584 1 564 457 235 290 255 535 310 448 538 532 271 408 431 100 25 622 239 122 33 237 473 534 538 331 424 142 219 417 230 114 675 417 189 502 48 617 683 687 625 382 56 636 479 133 611 438 452 529 460 553 250 140 25 288 421 73 459 554 47 229 245 358 350 522 106 140 201 169 52 51 119 334 426 529 33 558 573 612 555 190 216 635 532 288 63 429 617 639 187 31 308 207 614 583 609 400 125 59
1 453 491
1 249 516
1 250 29
1 408 245
2 621
1 897 1019
2 9
2 958
2 877
1 101 953
1 445 115
1 419 863
1 922 396
2 1014
2 628
2 272
2 692
2 821
2 856
2 30
2 533
2 874
1 276 279
1 4 266
2 378
2 733
1 770 252
1 246 851
2 818
2 195
1 777 1018
2 784
2 868
2 813
1 110 486
1 316 35
1 485 1003
1 388 462
1 999 189
1 486 113
1 264 155
2 820
2 689
2 556
1 330 281
1 147 430
1 500 290
2 682
1 914 942
2 112
2 670
2 1008
2 211
1 784 307
2 107
2 302
1 231 173
2 154
1 127 740
1 994 690
2 582
2 603
1 619 872
2 167
2 8
1 575 794
1 712 987
1 112 909
2 0
2 619
1 195 573
1 604 183
2 536
2 724
1 735 1003
1 636 558
1 189 737
2 53
1 983 880
1 54 835
2 241
1 707 254
1 984 798
1 112 208
2 957
1 139 738
1 538 988
1 192 919
2 212
2 169
1 858 513
2 623
2 243
1 209 518
1 52 111
1 926 987
2 9
1 120 952
1 923 788
2 649
1 376 179
2 356
1 166 942
1 5 7
1 791 827
2 860
2 298
2 573
2 456
1 927 926
1 529 883
2 26
1 666 25
1 1018 530
2 671
1 688 969
2 980
2 606
1 214 155
1 543 742
2 891
1 945 858
2 973
1 180 75
2 38
2 588
1 750 209
2 969
2 562
1 703 854
2 230
1 726 754
1 548 915
2 957
2 171
2 137
2 845
1 258 939
2 266
1 883 974
1 250 206
1 554 860
2 891
1 309 157
1 138 239
1 103 483
1 337 911
1 888 859
2 435
1 632 802
2 52
1 694 751
1 952 173
1 50 806
1 716 639
2 784
2 979
1 922 47
1 782 954
2 879
1 798 28
2 44
1 888 565
1 965 890
1 129 785
1 882 643
1 677 980
1 38 179
1 180 931
1 679 683
1 697 961
2 528
1 1005 701
1 973 702
1 197 530
2 535
2 828
1 112 989
1 312 920
1 324 934
1 1001 451
1 226 271
1 22 303
1 776 305
2 240
1 932 241
2 916
2 32
2 533
2 568
1 18 162
2 813
2 463
2 945
1 222 22
1 76 835
2 827
2 13
1 885 924
2 234
1 595 597
1 1020 906
2 854
2 182
1 835 992
2 582
1 229 828
2 137
2 187
2 896
1 928 489
1 186 790
1 496 483
1 108 923
2 115
2 706
2 53
2 647
2 0
1 560 892
2 637
1 41 746
1 803 239
1 658 835
2 721
1 917 954
1 816 239
1 893 128
1 611 917
1 914 794
2 1017
1 789 597
2 960
1 656 35
1 767 44
1 686 545
1 822 161
1 599 589
2 857
1 875 507
1 1004 284
1 170 899
2 119
2 793
2 862
2 981
1 624 612
2 177
2 1007
1 855 327
1 286 954
1 254 447
2 962
1 946 122
1 129 779
2 128
2 678
2 633
2 205
2 137
1 823 614
1 647 1021
2 616
2 44
2 610
2 657
1 613 70
1 857 895
2 909
1 975 722
1 562 854
1 205 36
1 594 804
2 871
2 522
1 584 991
2 916
1 219 762
1 630 663
2 579
1 346 603
2 387
2 171
2 584
1 889 853
1 594 687
1 580 707
1 42 606
2 26
1 950 131
2 845
2 188
2 880
1 927 362
2 1
2 895
2 799
1 206 539
1 585 224
2 548
2 429
1 133 557
2 834
2 803
2 519
1 720 953
2 673
1 970 908
1 692 50
1 33 681
2 898
1 301 884
2 77
1 1010 32
1 98 1003
1 1003 239
1 179 6
2 306
1 826 935
2 51
1 832 874
2 979
2 491
2 251
2 40
1 46 921
1 160 960
1 638 554
1 631 927
1 747 782
1 158 581
1 147 998
2 738
2 622
2 629
1 961 39
1 905 782
1 15 156
1 517 920
1 660 188
2 633
1 669 418
2 644
2 951
1 905 966
1 172 934
2 215
1 881 921
1 232 247
2 68
1 462 86
1 990 850
2 479
2 689
2 606
1 515 664
2 974
2 747
1 653 831
1 920 665
1 642 731
2 647
1 62 840
2 657
2 801
2 996
1 956 950
2 1014
1 800 784
1 130 261
2 189
1 292 36
1 916 162
2 130
2 484
1 460 562
1 260 582
1 213 331
2 465
1 33 759
2 599
2 443
2 130
2 589
2 237
2 512
1 7 291
2 710
1 721 590
2 772
2 1001
1 890 855
2 95
2 105
2 1011
2 597
2 569
2 527
1 718 530
2 84
1 710 533
1 34 619
1 1015 1005
2 630
1 105 343
2 47
2 236
1 250 255
1 708 16
1 9 790
1 982 774
2 690
1 795 512
2 855
2 185
1 983 1021
1 707 220
1 133 995
1 199 549
1 159 805
2 1016
1 1021 162
1 30 62
2 419
1 128 399
1 599 709
2 709
1 59 36
2 710
1 716 736
1 733 202
2 831
1 233 373
1 476 273
2 420
1 46 649
2 242
1 748 601
2 554
2 1005
2 840
1 817 1022
2 868
1 550 633
2 225
1 572 775
1 633 108
2 579
1 835 734
2 697
2 30
1 951 699
1 158 711
1 647 561
1 705 137
2 128
2 972
2 746
1 980 813
1 805 859
1 873 215
2 709
2 328
1 22 160
1 976 917
1 920 211
1 713 745
1 696 922
1 892 910
1 987 727
1 546 657
2 46
1 156 685
1 825 200
2 571
2 904
1 849 179
1 39 19
2 817
1 132 651
2 254
1 571 945
2 996
1 614 618
2 149
2 532
1 264 58
2 478
2 227
2 833
2 957
2 524
2 712
1 135 703
2 867
1 152 19
2 486
2 755
2 27
1 712 732
2 857
1 929 776
2 585
1 518 684
1 245 233
1 751 528
2 142
1 987 236
2 830
1 997 839
2 608
1 982 535
2 725
2 655
1 145 925
1 732 517
2 662
1 695 144
2 975
1 46 91
1 484 202
1 483 82
2 33
2 584
1 605 685
2 852
1 478 919
1 443 837
1 88 479
2 349
2 814
1 66 1012
1 478 316
2 465
1 807 523
2 517
2 749
1 152 437
2 423
1 8 906
1 716 869
2 602
1 183 361
2 358
1 805 145
1 146 173
2 946
2 645
1 912 869
1 234 680
2 184
1 741 531
1 596 657
1 156 988
1 923 723
1 960 969
2 611
2 946
1 510 382
1 324 882
1 336 94
1 846 136
1 307 332
2 244
1 729 939
2 936
2 111
1 797 731
2 751
1 606 188
2 810
1 915 923
1 259 774
2 427
1 166 803
2 598
1 404 226
2 31
1 967 213
1 562 925
1 713 192
2 780
1 338 977
1 923 90
1 500 966
1 1022 1016
2 263
1 238 660
2 431
2 881
1 523 757
1 214 786
1 76 115
2 95
1 781 926
1 157 139
2 540
1 864 243
1 59 737
2 173
2 568
2 777
1 240 187
1 771 845
2 165
2 965
1 779 993
1 56 132
1 559 1018
1 168 513
1 909 706
1 655 862
2 755
1 893 685
2 601
1 966 218
1 659 220
1 965 981
1 255 152
1 242 705
2 1003
2 3
1 856 945
2 947
2 52
1 787 409
2 192
2 158
1 390 771
2 831
2 562
1 160 230
2 824
1 563 563
2 821
2 769
2 232
1 952 586
2 35
1 668 672
1 849 4
2 115
1 183 826
2 90
1 21 598
1 198 1013
1 637 696
2 1006
1 628 712
2 661
1 521 920
1 549 848
2 937
1 554 563
2 866
2 193
2 146
1 526 801
1 550 31
2 880
1 433 43
2 431
1 61 850
1 927 760
2 752
1 530 589
1 594 137
1 586 100
1 407 105
1 741 45
1 609 46
2 561
2 573
1 831 977
1 723 129
2 933
1 802 866
1 84 361
1 918 147
2 175
2 150
2 1019
2 188
2 742
1 748 560
2 662
2 947
1 175 815
1 251 322
1 139 48
2 101
2 436
2 530
1 844 749
1 615 544
2 724
1 620 647
1 5 994
2 949
2 950
2 130
2 697
2 561
1 219 887
1 149 942
2 555
2 769
1 916 245
2 161
2 230
2 971
2 1014
1 1020 522
1 688 740
2 821
2 261
1 18 983
1 994 518
1 971 521
2 816
1 165 616
1 723 537
1 231 805
2 675
2 614
2 844
1 130 199
2 962
1 713 765
1 932 536
2 174
2 621
2 97
1 648 952
2 834
2 343
2 47
1 155 541
2 581
2 757
1 712 625
2 125
2 962
2 755
1 532 768
1 694 50
2 586
1 1014 247
2 241
2 923
1 214 933
2 61
1 565 929
1 921 530
1 13 169
2 1017
1 178 43
1 1013 58
1 219 52
1 748 5
2 658
1 602 207
2 187
2 621
2 981
2 958
2 105
2 809
1 934 971
1 50 250
2 540
2 546
2 564
2 814
2 780
2 779
1 1002 685
1 148 25
2 536
2 375
2 185
2 957
1 703 233
1 239 551
1 585 136
2 924
2 519
2 147
1 681 644
1 892 808
2 27
1 708 917
2 841
2 140
2 626
2 223
2 238
2 811
2 989
1 567 618
1 714 807
1 247 829
2 874
2 701
1 741 639
2 33
1 178 603
2 622
2 592
1 141 856
1 884 590
1 571 826
1 607 772
1 512 989
2 689
1 138 991
1 25 691
2 626
1 737 122
1 507 766
2 738
2 86
1 698 55
2 740
2 560
1 165 826
2 987
2 229
1 356 499
2 447
2 632
2 143
2 938
2 590
1 689 622
2 893
2 113
2 1023
2 797
2 844
1 556 633
2 678
2 670
1 561 607
1 787 730
1 703 691
2 1019
2 846
1 792 820
2 141
2 787
2 96
2 961
1 853 581
1 757 668
2 38
2 917
2 829
2 54
1 959 799
2 995
1 948 251
2 606
1 835 626
1 841 960
1 745 647
1 1023 815
2 540
2 555
1 886 824
2 574
1 986 238
2 743
2 769
2 533
2 153
1 682 868
1 193 605
1 39 961
2 650
1 679 989
2 759
2 849
1 454 482
2 934
1 523 742
2 119
2 955
1 502 463
2 367
2 761
2 1017
2 794
1 963 778
2 111
2 864
2 474
2 672
2 776
2 92
2 863
2 234
1 646 806
1 154 23
2 242
1 583 122
1 640 781
1 637 620
2 79
2 87
1 215 978
2 962
1 217 199
2 796
2 1012
2 846
1 528 178
1 891 648
1 156 954
2 553
1 1003 195
1 550 919
1 953 705
2 1016
1 140 204
2 727
1 59 219
1 209 663
1 933 704
2 54
2 783
1 768 186
2 458
2 886
2 6
1 530 888
1 933 164
1 209 735
2 769
1 393 509
2 141
2 959
2 256
1 97 636
1 701 196
2 529
1 124 1006
1 44 692
2 553
1 828 548
1 135 914
1 131 838
2 564
1 25 922
1 561 727
1 830 707
1 785 863
2 601
2 140
2 16
1 133 787
1 717 595
1 899 643
1 601 914
2 747
1 919 549
1 712 533
1 62 146
1 148 787
1 874 687
2 810
1 454 782
1 182 430
2 463
1 1000 553
2 56
2 696
1 943 525
2 987
2 976
1 743 132
1 942 193
2 253
1 577 103
1 908 965
2 763
1 706 44
1 847 23
2 593
2 671
1 872 802
2 765
1 900 875
1 137 992
2 612
2 987
2 957
1 714 135
2 685
1 538 617
