621
612
692
473
559
91
694
694
690
490
687
694
476
694
694
690
625
353
687
386
694
694
154
560
576
694
326
405
510
694
556
694
694
529
537
537
694
694
694
643
626
687
687
518
694
581
588
197
687
499
694
139
694
684
694
694
694
461
512
550
694
687
694
592
493
326
687
482
694
461
694
642
402
577
302
694
694
694
394
687
694
662
694
694
411
694
263
572
687
581
694
512
694
575
644
260
687
694
643
694
694
694
694
694
687
502
385
664
454
687
542
497
563
691
694
694
687
550
694
666
248
617
687
687
694
694
245
687
516
694
684
687
687
479
478
673
687
139
694
687
687
694
694
308
377
694
645
342
189
694
670
694
216
685
212
592
487
304
372
171
538
694
687
694
694
694
407
627
389
312
442
94
687
248
694
564
694
603
91
669
687
326
281
368
643
694
694
185
694
192
694
602
694
687
687
343
244
687
694
393
694
580
694
347
687
687
590
694
694
680
552
687
694
115
694
664
694
694
687
593
687
687
187
694
597
694
694
694
694
469
694
694
685
687
694
687
687
694
694
694
694
377
694
694
482
694
408
694
694
91
687
245
687
694
694
687
694
260
687
263
694
694
412
694
224
694
442
189
274
611
572
695
538
695
695
530
695
695
695
695
692
263
307
499
365
594
695
695
386
643
619
584
571
609
695
695
695
469
695
695
455
695
71
630
695
274
445
695
695
523
695
695
260
353
695
695
695
695
695
565
695
695
695
695
695
593
410
620
345
695
695
695
695
507
569
663
250
695
501
162
695
242
519
695
695
695
695
582
695
650
695
695
524
695
695
265
352
585
695
149
695
695
443
688
168
695
695
695
695
176
695
684
485
695
197
695
601
370
687
695
695
662
248
680
695
197
551
625
149
677
382
411
695
207
695
695
695
458
443
580
345
533
695
695
695
695
695
420
452
695
695
695
695
641
695
695
171
640
695
695
695
162
695
695
695
486
576
567
396
695
695
334
596
571
347
695
695
447
695
488
695
581
522
605
415
643
695
695
695
695
695
641
398
695
695
689
432
695
264
8
537
695
695
695
695
679
695
413
695
655
695
695
695
586
695
695
695
695
695
695
695
695
