198 11686
41735 40295
44600 18861
27069 43642
33991 6391
76498 7186
42820 35623
88393 49024
39458 40195
96138 10794
3699 89103
9061 5409
45554 20475
22474 74714
59134 40415
29331 94712
0 0
16504 75487
89046 38413
395 124406
3654 206954
15490 154072
37730 198167
0 199124
57132 137464
59916 144542
30034 163986
90623 168014
30783 155640
18306 211190
28728 194722
27929 190523
30684 132381
88897 185231
21985 123343
46806 116860
71046 153618
78880 275864
50267 242495
81480 259580
84875 297253
34644 316992
51627 269950
40017 263948
0 271601
9003 233720
58463 276805
75507 295277
63030 322791
74218 262272
35823 304459
41201 236276
81264 326859
60620 298029
3623 316147
68605 366581
77071 427958
11841 371816
8898 422885
45883 350580
33327 400505
31492 395178
61759 419020
32685 405814
31379 426585
81168 376784
80282 368108
0 372742
69340 408511
61617 372008
61829 431706
37932 361362
44406 358629
32337 467440
44689 524337
18685 493873
75946 504966
72434 528735
34593 557993
42023 515785
47833 480842
59494 549515
0 505757
88347 498655
16961 497765
4777 484137
51234 491618
32542 505363
1590 525961
60187 505089
27280 493022
8780 588792
64851 645322
12699 610247
7213 605695
41426 670810
44645 621173
76199 653598
67757 590419
24804 598988
51339 667659
64445 611757
57387 629873
33695 584300
3378 634386
22852 609021
20269 619194
38743 672317
0 602755
16292 775241
87620 748678
46549 751156
79648 701160
28869 746142
94610 702267
61478 773848
13536 751399
27699 749983
63161 742066
93454 756341
0 730859
44814 729903
62112 793417
80752 716526
80895 774121
1676 731916
9314 754696
19325 877125
0 828272
86418 879950
80613 872138
81942 850501
42132 839873
30021 836420
42095 851619
38540 830754
25244 818020
74992 885998
39121 898513
64492 879029
63865 853048
2533 902032
67719 851757
52788 916525
22162 913694
82693 934880
6214 948780
45404 1020120
0 998664
47640 1015203
84301 1000502
35865 940470
53801 962375
74128 993771
30074 978748
87702 976895
39005 1015946
87820 979925
57496 985750
91611 958070
709 990312
23847 970863
81946 939382
48217 1139824
42935 1078781
20304 1139364
37000 1109458
34171 1064077
3857 1111280
16941 1077511
83737 1139107
81155 1126312
54394 1127318
0 1074071
86304 1051740
62281 1085714
62503 1062868
39228 1104384
5672 1116932
85921 1134872
523 1092162
63228 1220311
35929 1206123
33719 1265655
30637 1171556
60335 1241122
10035 1199138
43834 1193665
42045 1172104
28265 1182376
62404 1215652
3848 1250781
80174 1243917
26920 1226834
22434 1185776
66530 1185163
92078 1181990
0 1168600
66547 1206447
