1000 2000000
8873997 3980956
23080362 298797
26750609 4932888
4030187 19166041
13831902 1374643
30716027 2350115
2293289 11550879
4367673 8233370
12089357 6352869
7086737 36690816
5188060 34916534
15294766 4855400
9332309 33530354
1936244 12537454
8063206 32185103
307400 24754262
4675211 15830518
4004280 22744506
572600 16226086
4268537 24548645
20271471 92963
12839396 36621646
2032782 22408047
2008092 29697174
4484075 33751111
6525805 36360177
9045064 3795762
1650745 29252974
4686518 15816990
4215298 30047680
1777463 29441695
21637553 3993771
3042776 10212777
108132 21057496
9609190 33955547
8822318 4047315
12697387 6135414
26444611 4743074
809826 25755186
31434828 4386006
23258327 242420
23975005 185409
10520151 7509801
8925137 9056558
59401 20892763
5880216 13142430
3154263 31743029
17862857 4272477
12226014 35744821
199569 18721513
5806999 6551134
31437600 4374044
8532799 32961352
31072401 5148896
0 20433381
11979322 39004841
8038702 37677748
1595233 13278549
6065703 35807000
5820818 13351421
2240772 11629485
23965231 4165859
14432710 1306680
5313052 35009804
6211576 29925713
17795400 2273613
322819 19167967
5243692 31763025
4009392 23398189
6049649 9315479
11524735 35371156
26773706 4944291
4769037 15710232
7935202 4654770
27339930 5121505
29688051 1938627
7363251 7807351
31485462 3831091
6336732 6090883
24886368 513914
12288636 38777091
4714670 26520064
28537759 1354333
8173292 9635970
18394576 365475
4172844 18530447
12348683 2178729
14801261 5182804
24659208 4244362
7607623 31733574
3889681 19447453
257556 21390377
275356 24337333
8640035 4342046
20940831 3814104
15750327 4719302
9695190 3380931
10582254 2961331
2274572 24393378
9262069 38354952
8106802 37731842
4018434 22168889
8931672 3913165
4365188 8237243
6210652 29911432
25470393 4541039
8049907 32167029
9056580 8871609
1961970 12342299
3686768 9363343
6986727 11082366
22737472 3886390
1470230 28853818
30721103 5503087
2215523 30017644
11366507 7007659
28386558 5598067
1420388 28672230
16603098 4572853
7887445 4679378
5001182 27074386
961325 27290218
3968607 21905467
1017666 27388186
31454860 4290287
17707443 275548
155085 23096711
22674481 3846665
11935251 6554754
8707927 33039267
16638913 641884
1810733 29484412
5471621 28491511
15067702 5032468
13582466 1405794
549309 17252694
33470 22355553
9244663 38326847
31470672 4190077
5251329 14201913
8388586 37910866
16919477 4409238
5828142 35263726
7023676 36665180
15255500 4889929
12178521 2214685
12089305 6352948
4656742 25833690
10495389 39234681
4162105 33445336
11213576 35304846
12374681 6200649
9694758 34161184
28187245 5447944
12889527 1678028
377536 17541388
6834267 5878575
6856196 30579878
11173409 39275770
17096652 4282502
12625407 1876422
27525090 5141560
3738101 9325409
12885117 37806861
5531600 35140332
274632 24409054
18796828 290578
24628793 367645
5486445 7116264
682980 15761794
223260 17984394
30909123 2521472
7219834 5254802
5284118 27648400
7766487 4749301
10188260 34339136
5747899 28762715
3800902 21277909
2176113 18416100
7281419 36754868
6211137 29918701
20389693 126785
30366402 5725282
3669533 32996731
9660250 3395023
25592089 563847
6798906 30505522
17292723 337813
9502168 33762099
5475321 7147256
19686166 34059
24564659 338638
30738669 2367996
7799041 31888852
27808662 1151809
5552058 13870335
953865 27276216
3300264 32235349
7202320 31358327
1495119 28925554
3800029 33147163
4589220 15926082
8633277 9352357
5303621 35003283
25338028 598600
380130 25034545
1513209 28972807
11250631 35310057
27 20435464
7495830 36966984
21045735 3859039
5708627 28717278
6020723 29187189
12819614 6095722
2570114 11233997
12944851 37100723
26964319 980674
23358886 218423
735787 26572194
9967444 8087979
4535064 16140512
6058934 12583280
6906666 36610747
6672535 30363593
17030055 425844
787682 26848769
7959429 32054266
8535475 4466194
2253764 11609277
3495331 9529838
176135 18406358
8376660 37904568
30100847 5832322
17452504 303226
603105 16038621
5943458 35548228
7236205 5233001
27647595 3145314
31355212 3212396
4314530 8320811
9205466 38259450
11637339 2278817
22657058 201223
3886160 23208985
24926914 541823
23671667 177701
29756686 5910430
5980310 6362541
3790739 21298653
3841895 33189550
14014739 1371785
8003103 4622510
31452981 3556805
12372058 2147872
14415759 5316973
27928265 5180674
29851472 5895247
3940644 19357605
9532594 8316303
8404743 32916522
6825521 30539168
4522549 16836723
10751464 2775958
12946717 37453981
21713628 0
3167350 31751151
10380188 34445469
4258556 25061651
10869470 39286112
17501089 4251841
14558160 1191597
20951 20698129
3371841 28234235
33429 22357145
1692841 29320955
1798923 29469520
185974 18217737
17399284 4233995
2217079 29867186
6852261 5873730
12781701 36476620
1330686 13702369
11122292 35279511
3071235 10144961
1159071 14767004
4031294 22485229
4184322 33459416
20224018 81567
1183791 14155657
7882954 31970627
7673058 31782319
4164574 18201560
9268571 38365190
36960 22278836
5652077 28656396
10837916 2697190
11420450 39232637
12726845 38212918
8142432 37758286
14265317 1395172
29236264 1930352
29740360 1944586
5796863 28823483
6109523 35881032
11577059 2295516
9962491 8091405
12293201 38772988
18901028 3940225
26422371 4726082
5875616 6470584
29251630 1942578
2219287 30173940
11469776 35355631
22620052 183645
580113 16167930
29935899 1979417
5784758 13448080
29665352 5920690
4398533 8186843
6904252 11123698
3853798 19658084
2849870 31509052
6227559 6161081
279242 24529989
14033895 5369307
26178383 608334
28637301 1407358
25367537 4524545
24714110 4278185
580351 16740159
17451550 4243835
21951084 3991593
446950 25205658
367428 24995711
6712088 30405153
7107894 31038622
24537125 4159869
3825006 21226108
3986157 20174725
18800965 288246
1554059 13330885
23075799 300487
20267474 3971692
3988418 20621817
31451162 3547316
4475636 33705911
9139173 3711477
26604094 757126
853414 27054100
25807230 4557412
30487426 5660874
6388147 12289841
5477366 7141439
28963892 5858734
2901355 10909414
15523641 747784
12597313 38427307
15768097 723126
10003887 34260976
4707602 26098402
9918158 3308211
18078907 4253418
6445755 33361476
31057773 5167661
4550507 16262079
37303 22542451
19566914 43284
24061709 196142
6270516 30046739
662814 25577539
5517814 13916439
3689510 33021803
4721123 26418436
5247040 14205678
15305514 4845625
13069904 5985585
6870861 36592208
2722561 26342559
1233875 27678155
7497948 36971628
13193244 1521440
7848753 37497752
5785509 13446213
4395147 17247574
4519135 16853806
20942078 3814679
8886224 38092301
4708003 26583439
76413 22823524
19220986 111748
6925879 30681244
14543982 1203646
17283270 4206934
27843740 1154955
3923420 19860726
5042260 15177796
4900898 15501044
2220506 29869605
4685206 15818571
7914884 32004396
5188 20262188
31303031 3088888
3561829 9467085
7670226 10487543
22685480 215363
29487839 3928582
22819463 289942
4519488 33899528
11158952 7103485
3958340 20813651
11904635 2228362
18770426 4019846
571241 16238305
5895941 13066068
18579792 4113378
12708304 1806625
8360693 32784395
20242651 3977750
11098546 7126168
4523178 16072948
1727096 29372135
9800577 38922043
4073664 9006470
1875052 29560744
26719225 817314
22040529 15863
11858897 2234344
7521911 31675685
7878619 4684105
19702651 4030299
6981089 5675687
14573016 5272852
3983774 19271885
10785038 34781461
26910475 5004524
46033 22178196
1188962 14952158
4042618 19134544
14963732 5097593
20972416 169384
28562417 1366803
23461946 199435
2228099 30273610
4396904 17243503
9542514 33829247
5777671 6588361
25102428 661553
7289045 31547954
10155819 39121868
3929552 12700943
3370034 32462602
3245259 31842202
12445759 2058029
7438884 10754238
7958309 32052972
24213664 4125927
3768114 21413751
554444 25413752
12374871 38695027
9130601 33325000
7497388 36970400
15495387 4690591
10981806 2584595
652319 25563121
3915939 19835101
108492 22953125
21954996 6512
569084 25438037
1508111 13393841
28590516 5715987
4273494 33511944
447057 25205899
6840425 11440716
14508166 1235121
8733435 9264266
4175182 23770737
5872447 6474120
8380497 9529330
27896267 5139740
12554900 1942241
8635731 33004700
7211586 5266028
22167362 3961105
16580585 684831
12379797 38690037
5089441 27209613
8861521 38086696
3348333 9691873
11396313 6991446
12468624 35982207
6935030 5797235
17069169 410124
8038240 37677363
11129691 39280118
1038682 27421704
24300387 246023
9785616 38911382
15062161 5036168
25735559 2558695
12652189 36232002
7514721 4935768
2203332 29857377
9975442 34250807
8959978 9011703
26215407 617111
4560138 34028148
7907850 10055135
12147226 35683101
7053024 36677423
23313131 4121637
24135253 4142012
26194051 4519075
11440271 6966315
14133505 1378903
6365118 30107004
4455547 17090104
8895783 3954625
30820367 2437149
20982407 3832761
12639452 1864048
4717520 26200636
797072 26883385
18202562 4231730
4542874 16194622
4900888 10952656
22919652 355031
31162929 2835845
19780733 2031823
5159179 34892727
19862771 4030140
5501096 13937979
17401491 312787
15450277 4698575
4140375 8719934
6594546 30288171
6951670 5750510
4438545 17138642
14275960 5344885
194393 18146303
5367769 28106655
4032761 22417456
7564831 31703864
8259898 4526963
6044064 35767549
873843 15377107
7177507 10967129
8422057 32922018
7380943 5063463
1903219 29591865
4885022 15529510
10953625 37287881
1921843 12959809
22756950 3898024
9014833 3825224
5805794 6552627
10709924 34704469
6876977 11261003
17974732 4265559
276721 24486068
3974443 22887586
415209 23656647
818535 15469107
6222914 36044745
28477299 1325536
6968801 36640795
10783945 34780279
24597662 4203442
30178223 5805647
30084118 2019536
19054214 3895200
4690675 15811953
4374563 17293543
30134052 5821309
6171951 6200862
10209694 39144377
1850911 13017368
4262291 24172065
7855764 31943069
4190587 33463312
18932459 220626
14847605 988749
25442572 580270
7841522 10203845
31487759 3946649
723575 26278840
26222394 4548458
21922802 3993814
31271975 4832388
5265233 7475725
5980589 6362273
9046263 8887850
25064972 4442923
5942597 35546005
28273524 5517747
5066654 15099909
8746020 4157134
9589427 38750401
29609168 5924900
4504433 16919986
8461062 9479121
5857382 6491159
15721946 4717737
8613878 38011660
20287879 97190
17625474 280844
21780462 1998883
8452309 32932038
10425749 5242728
20002706 4019467
1050076 15141293
21139547 3893410
9497334 38658728
4192127 17608669
419520 23645858
4515504 33885056
5788490 13438748
8771270 4119028
571432 16236546
10911423 34932448
11413717 6981672
11013295 35080486
21053145 135818
24778952 446734
20183555 72808
30728845 2360173
3917426 33260031
21427258 3967448
8336819 4505864
273100 19399178
5368673 28121705
3710247 33046984
1408853 27850595
7455050 36870697
8718110 33044431
27982310 5245165
21441615 3969970
1376829 28375407
8827297 6444790
15421038 767316
9637428 34016600
15846218 2721600
4125161 8771098
13993237 5370506
665740 15810521
308917 24024323
29024945 1695173
5653209 28657567
15168066 840081
1555182 29070749
5856518 6492149
7808316 34825521
4653616 7883315
8949466 33183030
19286760 3969861
5692068 13646216
6367593 12312356
4093404 17846893
27492176 5139267
12220371 2215906
8848230 9147067
13630546 5549078
4274274 24358771
24228115 4122604
4076314 8989972
18580117 432285
12779153 1752713
28069708 5338869
7095363 5444587
23723700 175748
4242784 8458018
4920229 34654833
22428696 3890919
4722561 26340595
4691934 26691233
10040483 8034816
15178370 4952728
2077227 29758694
24614882 361121
14427299 1312107
7511879 37001406
7264370 5196886
1372057 28263699
4695135 26672647
4559148 16407822
7772121 4745787
4125742 23636298
8111230 32254137
7704675 31807407
6660627 11903088
25694641 4558277
357153 17584604
2232563 30309915
53881 22118299
5114915 34854417
10181157 3257739
16565417 696545
82777 21963654
3915546 19833782
4676467 25915642
18616273 4097393
20448940 146749
4426567 8146887
29942026 1980835
31468254 3649366
6523376 30226011
5471752 28491618
7708685 37328703
11491453 6935148
16532824 722516
181919 18568403
12585458 36131538
11478626 39217745
4407566 17218243
2427986 11379843
6819836 11516253
5858 20563332
14645502 5247732
14401578 5320281
1747277 29400765
20111976 59443
6189745 6187819
78833 19851790
4252465 24689936
14810285 1010797
7534688 37047601
18946769 213993
182905 23168282
9279019 38381360
31147105 2811962
9246398 8480967
7016614 11066188
274181 23360587
16096838 737364
4100080 8869178
22347422 80925
5194493 27410864
4115646 17709769
19806494 4031659
560947 16381487
31121800 2775251
9466173 38624854
12651071 38345558
383690 23741789
643803 17027233
310684 24771724
13369385 5792724
5056682 34800392
13571353 5612321
5912201 12963834
3572279 32861378
1152766 14380257
4265672 24581862
31444717 4341660
16193 20153097
227662 18867260
4011834 22696766
25526736 569626
4062088 33376659
26747626 4931387
4034358 19155649
1393768 28529585
9327970 33525269
12956415 1637748
4924656 26973771
10481150 39231273
389601 23548206
41969 19999990
3644165 9396813
8675927 38033781
5449400 7226681
28287684 5528468
8142077 37758027
14652764 1116710
3817007 21243735
6085717 12563926
6526834 30228897
22390314 94130
18614048 407370
15780078 722693
1799988 29470875
18595525 420834
7879774 37530513
25573759 565250
176062 21229190
13405136 5764240
18145028 304410
4523437 25472588
8188598 32380403
30429304 2164030
4672429 15833810
28210329 5467404
10578404 7411036
6877186 11259655
27955982 5214437
9222883 3644881
5161728 7523386
5602576 28607032
31181322 4992594
1619819 29198819
5356056 27983449
23772680 2175149
6743796 36518683
11390262 2360621
1882699 29569322
15244056 4899656
5356832 27989657
28794398 5804519
29002896 1674544
8688662 33029693
20647607 229454
6882710 30616889
6796192 30502171
27548304 1147779
4054886 19101827
27421097 5132449
22529350 3853385
9166373 8672659
5827275 28863817
7555191 10632049
9316447 36139121
22114693 3970760
14219707 1388536
20567132 3870730
21743632 3998545
5919665 12899579
4519864 8027163
6041269 29231693
12538045 1958952
13954541 3370880
8679529 9313146
11405292 39236214
18795080 291567
16473420 772821
26176854 607987
9277227 33468206
9081274 3762055
6429303 36274081
136397 19681976
1999843 20408318
22879933 328205
3279050 32137438
911333 15320517
10887285 2656142
229466 18874979
722687 26320093
6014856 29174983
1940471 12492239
28666755 5752267
9396163 8362182
12557458 1939740
24714315 4278306
3008651 31642675
8243761 37827123
1158629 27589203
4824446 7734695
12147637 2214345
26758899 4937025
7597712 4867412
31069909 5152126
6461662 12203253
13636036 1396404
7522455 31676032
2693591 11128556
7366845 5078376
1458048 28815098
1091775 15094797
5855542 13239983
9960500 39023885
61084 20899456
19606319 4024206
7245629 5220725
2559661 16453221
5341716 27888406
500050 25315918
4105961 8844227
8077643 9675410
31093976 2736808
27606996 1145726
4539111 16167245
17855069 274503
17087234 403184
17387299 315692
2805302 31466100
7985926 9816318
14989852 914214
3146282 14541185
5059614 15123563
10886262 34899895
9103112 3742516
1128834 27550880
10551554 3000514
4262518 24174111
21065264 3866636
31056049 5169840
11744404 35450853
6379602 30116905
6163243 35962947
294691 17737681
410815 25118920
1382868 27827559
3858793 21146089
2023491 12095193
16298499 773410
2653299 11161079
8702730 38042633
4622254 7914569
6004189 12620809
12169944 6221397
555430 17244181
11111837 7121367
7483088 36938369
24698527 4268834
6606532 30299237
21302032 3940817
4483964 33750548
30937260 2550475
31410674 3378394
25860589 562606
3822904 21230784
4811677 26846115
5929554 12699626
7120762 11004481
27827915 1153459
8136359 37753864
20428885 3923887
25678517 559508
25462331 4539945
7498577 10694106
239214 17917677
12141095 4214335
30539675 2227509
13625816 5554340
16085207 735929
177989 18329464
4874697 7696995
6554965 12076948
7694515 31799232
6463562 30178122
30749956 2377111
30156176 5813611
6495826 30203484
6114040 35888269
8812002 4061277
75436 22818902
5917289 12922087
26769277 846552
8015468 9698017
22241913 52845
12368065 2153056
7912592 10043109
6126666 29458885
24443375 290959
210956 21582846
961077 15251333
4165432 18622523
1813045 29487294
3982321 9176075
6350569 12330490
4378300 33566105
7962628 37611257
8782594 9216420
177391 18487630
5573400 28579497
23721626 4174498
8107037 37732021
9669419 34093198
8755054 9243627
9216381 38278833
402185 17492422
4767528 34449390
4709114 26574100
27865254 1157193
10033178 34271957
38726 22253955
9578986 38740592
10179505 7918403
12324708 38743950
1721835 29364493
22219123 3950187
8207205 37803330
9433007 3506505
31023961 5209340
13820839 5366407
13353842 5804695
20966468 172024
28499936 1336027
12877371 6073878
7259555 10908005
6460934 36303549
13549091 1412408
108971 19756702
4541351 16723230
6911842 30659722
9230997 8522561
25283099 610547
9066805 3775325
18191254 313179
7417869 5025807
725528 26451468
31413939 3389935
