60 300
34 53
2 19
29 58
26 51
1 34
11 35
19 41
12 27
19 48
30 38
50 51
21 43
3 57
43 50
40 45
17 50
21 29
27 31
9 35
37 57
6 57
15 43
53 58
7 58
6 9
34 60
23 39
52 53
4 28
7 12
6 43
34 48
42 45
4 45
38 41
39 46
48 60
13 52
11 36
37 39
24 30
46 54
16 36
33 50
6 20
56 60
22 30
45 48
39 51
30 45
4 15
18 22
6 58
12 38
46 56
16 20
21 23
34 55
17 39
17 49
2 49
36 38
3 15
40 52
18 42
53 60
13 60
22 37
37 46
36 48
49 52
32 38
9 26
18 49
18 59
59 60
38 56
10 18
2 5
15 49
37 51
40 55
29 57
20 26
16 29
49 58
12 59
17 23
5 57
34 59
19 55
28 46
4 47
19 32
8 27
20 31
21 38
5 38
4 26
45 47
9 15
20 30
10 17
4 48
25 30
25 57
12 49
27 52
4 34
53 54
4 13
1 15
20 35
14 41
17 38
49 59
3 9
19 49
54 57
26 27
39 41
24 44
33 57
48 58
12 34
20 50
42 53
23 51
4 38
52 56
3 19
15 32
18 35
39 56
13 17
9 48
23 24
16 23
19 51
10 52
38 60
14 43
26 43
10 41
6 24
16 38
39 44
3 31
24 45
6 29
9 49
7 9
30 35
23 29
3 28
43 47
46 53
33 56
1 55
12 20
28 51
26 45
42 60
5 7
27 60
14 58
37 49
41 43
39 55
19 33
47 50
29 55
13 42
26 32
5 11
40 42
42 44
39 43
4 52
13 32
15 29
2 47
14 38
2 45
14 20
36 53
21 22
17 36
13 35
28 57
33 37
5 40
10 36
1 26
15 35
5 29
17 30
16 18
28 53
18 24
50 53
21 54
36 47
6 37
24 27
18 45
29 39
8 55
3 58
39 49
9 39
35 48
22 57
13 22
38 55
29 42
15 39
6 42
13 33
17 51
44 51
33 53
20 28
27 48
15 56
32 48
8 50
7 50
27 56
21 59
41 54
17 60
37 42
44 48
21 35
30 54
40 54
13 53
1 10
10 21
9 38
27 33
40 50
13 18
9 14
42 43
23 49
6 23
40 56
11 37
19 54
25 27
12 15
6 26
20 56
5 21
51 55
8 26
26 60
3 45
7 47
24 53
2 53
18 32
5 56
14 56
20 22
4 25
8 56
3 55
10 59
52 58
6 33
13 19
17 47
26 35
12 25
21 32
48 54
42 59
10 39
8 20
47 60
1 6
24 32
7 22
12 43
6 12
17 59
23 44
5 30
17 33
42 46
33 47
5 51
1 47
53 57
29 53
1 54
7 24
