841395274
31413481
619379177
431666393
868375647
660928649
373793937
315245100
929077442
169654744
923370906
585699766
773187672
505751328
263665057
417695848
20397552
483315271
722595814
878518524
369811409
836013365
136494838
260754594
215223961
251387642
387456480
99247862
807782601
989120296
568253016
478832692
256017229
621536940
830714506
190035772
754632268
739165998
514686205
325802953
374137060
327834069
49216930
433513426
43826439
638965430
674601325
533278840
788146139
505354050
989494283
791573362
209660482
553551261
332371523
200186006
72716782
120244618
392110660
602539107
230681173
789434075
301650007
716989367
789825788
472943448
549430563
757079309
143513801
445308681
655379775
746412122
624974149
375481108
540378376
845045809
298553657
860767565
123338451
682291196
953889510
619502343
817477378
122251433
14782197
261450488
483063081
149742741
945936157
587972851
33342218
679296603
188597592
36507779
549293985
396323964
799242767
857262894
563211226
353648711
482574066
106796838
301967952
438092970
119566898
14898829
829311720
123756009
134818687
755426383
985228543
423403604
886921784
853948181
271071075
379997466
985684327
832707960
420373873
152894022
782384200
918851844
595433121
25648508
569482371
375798170
136598434
770711601
64142336
567699461
571418472
506600527
791238561
22387902
733122161
236235447
89215048
892577173
556174933
912555712
31517295
448122654
712559340
188558271
205374072
548405758
481948988
434767724
448609790
232856840
164700018
403526080
729357302
519230252
821474132
603407132
59262161
55376904
779100629
353407676
325970307
958772945
603427602
859476069
442004507
145055702
31428826
32434347
158876364
477715633
42425463
453115184
76011301
408973834
956493880
895385266
68689916
261698263
826797655
771366785
428919571
907883917
243932985
208476042
440787954
173009110
405461605
528729576
956128068
86081484
310118118
294971280
945903668
862790893
98501958
43570663
606089617
227776515
815307775
685669439
443864948
604978178
782093771
627597692
144734826
723943631
538425561
943006780
767047661
775534770
895713153
204730644
152913156
207144238
766399151
337594154
380783518
207176613
870293375
468614847
402921692
159816166
878921285
736946702
201987856
559910768
705855435
239224469
948374334
335747867
338093493
146158679
93540365
818330660
916781642
84554081
145773555
974500030
890894934
117922108
827650964
912905720
833160447
162306739
509972629
261063874
138096962
754654126
337676275
819878276
786792111
953892472
847719145
525812936
883320168
609254645
836124997
298159271
932232844
88612525
239454754
321195443
841710688
722015153
336769024
215393585
948564415
873686483
722333696
183927766
555105724
552038358
508563681
90441255
790874968
129385365
478216706
49855460
241659576
211009290
296884505
837042368
391691865
941356249
609083944
516920674
171231505
872060531
778794409
675864595
641533311
138282161
431141966
345588964
636831885
875908579
381335161
350276988
