628489138
802676659
981691582
841787839
763508010
729420161
238028621
196842611
270239819
201348168
241714707
473036621
338717823
554483198
775399423
195298924
505484745
895007208
844474296
842900022
113884412
193941949
545023140
304474125
247141600
665540668
498200180
860144539
205995394
928593737
750011225
636274321
311368509
4826841
902215057
418724296
670171305
999504126
374510698
937203694
693308213
330670329
175429475
15949869
2802081
742878516
392166304
180973996
549813716
119702179
381214323
207060022
166205558
815265933
36698794
337424888
333900464
977212827
880856711
587006045
690920416
865484096
267077187
322562908
574675933
890923068
566520941
185354162
998763925
368508518
543430732
702790230
16068050
739916221
272978541
647859134
873417289
286806075
91092637
676933321
43681546
268691927
704838393
828217028
298342054
835785639
465145310
202316242
581290471
528098823
178360424
582189260
910095697
410265545
689072490
839968957
954156736
204586390
75176299
985772688
415426711
208576173
590765386
830066945
340878869
207830302
470515248
419088084
339767035
676036312
296497335
915064551
458520519
394526902
301269152
534900155
562322108
569760874
513200995
69239422
537318755
746265357
803066203
897559652
705066817
664764732
636637952
525712685
572897616
21106806
728122410
241292657
611505024
390132125
993036528
758998291
208787060
15611968
415730096
309695513
136139045
203000197
263292533
701108037
24205286
503506224
648716001
708420559
479028261
114374099
808274699
682839970
349313395
989653053
821289763
650245249
678852382
431193661
240892245
342322528
629709551
101558631
589005391
111961878
264513057
148250546
951606042
674006285
364934557
834805367
177438890
351002354
308992129
110939066
486755091
66200208
590756562
118019009
611001072
543211814
290733097
15505746
25808280
806670591
878343775
346682768
622010954
112455349
349004049
324916878
411845659
334622261
157406317
412685707
297011008
733756557
241659657
631881922
59754697
559565654
191056428
508661519
584739864
25445005
404457818
538711730
709870497
61528567
912881589
387262450
481365857
125556625
573268515
307182226
14635247
600160860
843315112
617833826
914325191
3552803
50610396
307828005
519144521
176449879
65403333
916801408
630461281
219042554
885916161
91999875
294231726
514561120
53793978
238442854
278482227
655688496
624629554
668842840
415845587
695080930
101395210
570194084
121336567
738871341
283476894
844531570
85130446
511910476
585575342
303804132
173584943
469535756
265348397
479661675
904430507
763993701
474169551
262607873
665735375
354783066
4607796
605345772
821229132
227263524
545168865
147106651
819172343
809658890
783368154
965687429
457817178
160590897
412394601
317111764
682360571
342051194
107326243
117696864
526997392
525053357
722504860
109073084
954961670
592795572
463039735
810792416
63146717
401735040
654338605
266820806
210643779
958234010
3757852
243192652
869506722
434759929
66150033
580096428
587386037
240851285
593849281
324038272
691767993
985468251
320224041
328569412
159166755
118472178
957515779
165128697
353960521
23673647
266161727
514933111
109763061
707661687
582708015
864015332
149039013
262078078
966168574
932325387
690106249
58977735
127071568
987391025
945354036
644940167
595148350
952205680
941773536
796653022
455981176
776210427
16582584
460728035
336340214
486844707
462766658
767276022
484475674
581314431
916457941
77603575
499563216
984653186
964522067
276573402
728484809
157305318
508142751
897632680
608984945
129469306
170804174
271192634
390328148
347619353
186492415
428264492
398952858
763617947
186601091
855546920
202971076
1429930
102499923
432694419
945251609
771873473
133890945
938834345
525584035
730418717
849894143
486839026
239824460
121531683
225601029
760985384
392830298
330607936
437554714
762291849
471463192
515543041
204489067
241365724
955736273
694237734
807765875
507804737
158835715
476092978
191609053
927470303
889998551
344286168
236768745
808072458
314526575
226941656
826967917
110223110
567755540
45312627
849100013
511067133
249163554
861955068
265567712
971906951
517589968
538921805
815841715
161088807
14038628
222146891
208570882
927197000
428855545
454112006
561460160
390212003
714402140
828384766
764548248
329594870
693048886
480103653
151145991
311876043
554637271
956494998
381088360
657253860
384176200
616083576
266311489
106584843
618569153
813999752
592195206
681833359
556491371
335990112
385040449
416526333
563771176
806088280
233589834
996286935
484860647
495323338
876167493
796930107
768903875
147455921
126498093
185860202
286541760
692075289
715189605
599473835
553709378
727814301
766388115
854123633
1919081
250022810
671834342
113766614
492101242
951596520
149458567
498222055
218277475
548759887
144761733
470909247
916185254
56123671
638112789
894010057
652743202
81984975
700273728
280492763
260549529
604013391
637487729
395460704
141140241
129416391
354964258
446170532
122218647
959216725
922632895
441541837
61256908
605609647
120524250
234392
975168467
630952008
643506512
906464441
988205709
334054497
545094056
745346491
560318944
257297957
398180687
244851986
174897396
651568924
503258308
664513332
622219049
890325557
167829045
123785338
902395624
742512475
983462383
592300860
985207664
508327157
669570213
88068491
544000893
914921745
187708741
52319334
695372015
262167529
855271501
971543178
131488035
41054036
553910693
543937373
695879407
181414449
603953215
956579641
771209582
629522788
149305846
571293688
667469982
842336082
537063567
932829900
151959833
49771292
879222915
836110178
265104844
897931307
685116027
736583099
939253908
734234174
783199018
642985881
30388481
694654703
233550000
600904528
272561379
625757764
233484010
251273732
878180693
868273417
453630275
643588973
303426833
126498898
872121238
321993539
328604596
382127413
591130832
148713888
697890454
314488288
956747065
178575761
194095869
913072402
752773265
791088855
696991331
876924837
10545693
281795706
688463389
917169538
299192611
742514891
236952118
897956213
527210149
511178293
516822155
475952567
714439724
269537572
43468665
930316754
255993278
594547736
511420947
902691358
271309142
703687453
588389172
137712850
930493956
423444609
831974623
859555272
198926372
246499516
31894646
763933209
661226274
555479495
820479400
120033898
86186563
775288244
949615909
269850287
903934529
402684004
263000655
551613682
791650080
179785069
136295174
64960137
75456453
822017603
839078582
550462036
631122051
737611605
674986854
456203370
775308768
869698089
966017554
925169595
490474840
381680507
309277255
259484540
127365157
534927464
893283597
794694222
349263369
927750834
699616288
116733370
426547522
459156382
522491097
727161840
739302251
787812029
140912812
343824530
71703989
387090900
300163733
499725103
928246552
789978783
957557389
188998853
959478510
163974426
665105716
186243328
321268566
367779603
197350100
284910710
81798325
101759780
246953761
939264851
180874990
800849597
135436531
197160014
181895073
522613426
873421336
679576446
181201729
719715251
259284870
769186053
850608659
405769310
49610247
859589159
894470101
984894473
27498009
203826872
366107479
767600443
106022715
505515890
3343756
306612274
768989136
146028328
786969566
714968610
737953635
924670949
681782495
510533489
184657833
537040067
843437464
139550647
114535366
651489890
918093886
192445833
338120642
221523224
232215046
855643717
33735481
264660666
102015780
804297486
251272999
554253727
430058437
280604560
59896403
451058371
660412655
2834042
914201295
179715327
963313267
434292876
990349395
725669538
411018422
584446137
551852927
360806860
764158739
552227466
523057691
708807566
725011181
611737832
25885433
824352081
136710170
938469753
303254229
395929321
657800283
870434066
562320294
951416988
284543095
83742879
939526472
59862474
139340245
598015745
925509465
36042705
347900757
574622059
173175445
98047388
104206356
679508546
936000255
503733319
492223309
923081114
332460265
841376124
137812689
875766637
789525371
974288557
403812011
856367873
511895366
399686162
799097437
711278355
833614564
229655143
366909840
340761124
947433045
161707865
707098562
349176014
62944607
947738327
463011923
505600133
480596028
316938880
179949206
663337409
669766402
315973976
494855141
408585323
779720390
676227939
641362950
689124111
892120095
373063613
83405333
380684988
138704384
683876982
47859182
402501151
714833452
866310016
390513941
105759773
320678608
463785775
379759916
876045376
436239190
320961062
4493365
997714249
85219308
693006467
514232547
927936090
731362001
215153484
450442998
278037254
408797601
554151452
461313909
14221498
469765031
617179749
130314985
168122770
735385529
957689885
402131733
592243017
434614187
432608688
329606599
493178073
13247297
633977851
77750627
576932663
681100179
484141211
751725190
826252251
184175534
9395579
697231799
662139473
626095122
634678802
814759973
598842699
119473911
410505068
510736394
398494313
641884259
780169720
531490555
413647614
848028070
928336514
909276525
82286658
862597458
818817087
180093615
59149465
240644534
760102942
718138762
276274396
51293696
184393548
499921799
457356198
832383142
93879481
878943844
371480864
27303286
334164946
367312771
713687674
771274599
56955018
987855212
49454518
308617061
459745980
592637194
411413880
320524724
954515140
669422226
14225181
607650153
784681398
768872663
630776839
929621127
943336138
204594675
484029307
914188573
575174768
107981445
858223359
641459507
806411077
615633116
738393458
512457503
130266817
361939729
537421655
682073012
986976859
252898137
195760428
821035259
988548635
671349949
293616007
409213265
631963172
52545389
560788671
161346858
824798875
414361539
433095785
987091694
844688840
530801756
165761654
341325847
428787011
649680788
711364523
604864283
304792532
303160305
514755551
99510007
314271465
150604948
829601825
697779117
976765932
7665086
738552138
222036181
101899887
522032781
23217098
307147998
499672388
495885597
381579855
906686180
857044232
651309782
741677237
628006358
534308993
420148290
139779506
446076962
273334866
43936781
512830222
39581990
409709240
897765529
15845299
140907216
718667606
443401749
636741810
6759740
600822231
348595633
155560190
86785131
37867304
72964459
910729675
283002522
318420113
845083211
912883924
341057352
902124319
359030842
939265589
704856639
61101015
239743710
560905713
89651032
480459898
106350969
223394972
738541138
61156800
221244182
535562619
253612864
996341114
368336608
862428387
242713874
707531622
224639529
661070795
238391547
364067426
548889608
849704347
533023215
252545204
282155812
901765503
722545962
507626239
574758014
342997606
131922615
451055590
815893517
379558862
311410392
916527325
688525956
965073288
93839248
211260660
156719057
914234378
49981040
129451254
367685995
273676994
101059698
719243238
534843583
152890119
419436100
315125021
681029506
974733284
639516395
687602909
689646562
63700624
358699910
32682633
892585240
33735351
902722139
37918930
378188443
317744221
956850305
547776988
96895173
461062213
764646968
293465880
680178775
221076930
665904478
213260173
424145423
647876143
516724868
374862463
801517130
838031332
36571200
288241733
160638908
975763624
432311770
852822858
941673495
869538706
495151592
75408989
909858707
258416147
606566487
469784883
692051406
779841513
432517421
712143075
531019760
172921927
335494081
87193445
113391356
272747329
79496095
452776534
865533798
252888704
953779973
60481397
42516846
316538502
791684398
474769851
551886202
863036067
161554204
63454930
480165193
647977846
413163534
415011687
369758341
996059193
542153005
949218165
443571056
608166246
253847735
18110224
137252957
465529688
48755318
743207938
468875911
28894815
955996908
923121275
381324564
228508954
457032561
97780817
689613251
546083454
748239453
630629930
610296979
77890697
28156233
366633443
691924881
711076189
883280235
747248897
168382555
279044169
490320633
850257805
626070892
539628722
669494164
718308166
37873390
894744305
514369836
674974000
247929971
903937382
798346342
962759391
812295328
13137568
846791986
62839918
698241675
104611106
921935695
860435326
376826757
982453185
797250850
47561305
951552583
557802355
61047166
426151811
100361803
939613538
839610224
39588806
429599923
443802754
568706377
228272108
363696204
809722354
998011499
732977415
873194789
489791399
77611018
333309953
441195284
969700173
913707940
977522406
635738855
884146258
484733138
309608661
688292494
632220227
187758821
433216270
18741276
780174881
524644312
401864404
488755407
650488815
872328569
602566672
474064830
445540939
850726887
842883464
537147385
190267228
71904354
609775146
607694350
380194875
15685139
131466631
269102469
152177205
168789224
503354504
680231306
286359814
432949070
4708234
760964015
491903473
673379010
188585272
747706176
322191746
154900223
843900886
76941759
727031724
923722806
240609266
65685676
837565984
176235169
541325132
714687879
430247466
18677114
345900573
268678473
583812145
230739590
293679768
549452767
578740842
261172269
824635404
290650596
301893354
982679220
602930079
411132294
848583057
629077806
30412431
265925766
282736559
332871961
178641889
705434629
921217159
496909681
550325810
361875644
396173105
374164450
342559213
474756372
352433920
790963038
467234327
93672922
397100317
795463912
915972305
108681732
50215862
684828126
337611381
759979368
632997640
385975750
908824156
125966156
820034086
443918798
815775545
908507901
379890197
284747046
362871325
168430918
615577539
607006926
821443956
528468186
248580223
585970281
593259268
697612874
721336030
128218567
219358398
623737328
657061699
657488736
69261341
44469941
71684662
589223870
430132082
193574209
415827576
923071562
378053499
863737798
402844352
512482888
68114988
519148284
496116341
371720170
238913550
208329814
368456594
556695814
562106188
192466746
4563772
521594673
814306724
985177081
449361214
747678046
370805442
536107551
305861280
787270551
29322201
872121934
225737724
304217632
974624272
951665725
278906463
986528704
420288090
917082533
887159966
334156547
771174907
352874456
780194614
342759223
931196037
16868896
935222391
353786001
823914299
451729137
978162350
456275817
450613306
442986594
470424561
811190699
476292412
158164275
304093027
395279768
8572481
452532173
584850473
69879348
334270892
832990236
575844541
866517838
211096270
133396619
500612883
314049741
87299739
427087270
422002727
722545043
949300298
835961962
982403179
76960394
978722112
684157938
922680151
724730144
419418394
806381758
166931326
664954073
713937832
518978822
459276119
981631702
343760363
792774358
986721984
683755021
412277160
97372846
273172941
688309309
445519136
710606659
555647654
205654027
350525785
600429966
120835162
738592587
57571599
639932457
95598712
570596341
485170592
730868511
241000278
554992558
308018881
166954318
679675101
65815787
615640901
998678703
677093617
640118648
147992488
303795295
16780761
736578473
6197591
953388863
753512728
623455292
866244214
782469379
342708321
308336072
229342568
823075720
454842596
285335874
549940958
130826606
969608868
141866141
474066475
711575262
419844575
336627539
759039281
900731685
893243571
51637200
466071983
639792542
588139393
271618416
399196300
2737478
301611383
158192537
852700495
897017160
341556128
674711990
160290337
294376032
869959310
131341831
910692601
781284484
756094325
715542996
921148370
548780612
763375970
948906211
181042055
178868088
318060651
660824418
891711606
330071691
644275318
254044023
224917288
409769783
518813078
814765063
974051144
414214155
409509960
581406968
857227208
256093161
799864635
789434583
362908086
761934834
86980547
675811773
727015494
645389543
888940254
270878810
561125750
787169595
667667939
787104562
485778570
177880280
103856314
467129371
929638712
181008699
298388124
926376821
15711869
487929237
570699904
722152065
261924616
220923934
473936195
417877526
981027660
851567600
974651488
965912260
450658315
347852663
257487944
490962664
559764710
649604649
539665260
348767343
709165166
886413226
391260634
987001191
428453347
240952121
540795101
852725385
802689513
567597269
134769361
58151983
830247024
968812027
896497499
875643936
903793852
277884339
306073943
823600395
353327784
390257443
641005595
736451010
858406550
945107080
604972627
718783857
144785257
783471793
241993893
440659220
72846132
16272887
800741056
288563772
252705740
433817751
940878881
515012595
884061171
169761930
589029930
580293614
203175582
226843567
302404967
226897261
556415607
27412343
111370367
791575840
897263552
546883341
117354307
751507774
841090505
835498567
768749214
114195150
238282190
307205883
61829476
79626890
808342629
95544501
200571635
131512475
424374006
645410324
955855700
74768733
113683892
164740335
573612257
987557329
553068028
80667152
914308914
163943067
653701274
61774170
559300368
3514818
148687534
733307062
881543475
927175255
940549655
678731848
658148968
943741038
398988577
485759575
725286838
372241132
246535225
922746243
57156668
427881813
283216009
330222871
554992749
203570647
109012306
295157091
672707357
179078580
389641359
810969448
950585142
514492668
321696260
679125610
109524138
288741158
901026429
898588955
311787990
880306064
398317981
199440985
388096415
667349379
899741988
100896646
196921886
905961964
712909376
785460951
635009759
837028279
717153357
607003562
923373687
819679618
145813843
406164811
782978258
835643200
934822035
665346379
656004073
293119026
816331225
307177421
756471108
226973333
486552072
838660541
743204146
748742908
798830460
598340930
884220353
812705808
344305822
72834888
413667251
710754766
41315451
809791282
960023372
300028283
300059900
431095973
199796561
870657938
81327571
916097789
101392781
394683746
308548843
902590091
267227136
543456748
561675475
231006776
398166705
21312587
298936265
451172765
506138518
763993613
395233518
122350010
464696080
129633457
899336810
654158399
214880924
511690952
309668280
282514170
632515636
640870136
106007686
397855972
934727513
323661502
885524935
73388079
121631280
514903392
618781431
353404217
538273521
695048248
112277454
312883559
464025544
118799439
382647213
642587616
369254303
821164109
100858786
145083459
609940595
513125663
782584697
296871321
150053382
892502725
967814253
968610663
339148133
565859534
164805273
423373551
820844030
323923776
930073495
609569696
703864294
328921741
925145154
635507080
475038794
500045122
118815194
424551606
720256767
101672290
33908435
755098333
69289149
138156898
171739038
757236228
907084985
927770158
736810679
923567695
489966755
85144737
253969701
277571129
556367360
499239907
957441694
113611581
445910961
243721867
604214630
325791284
845694766
958571284
989939857
471494202
417731962
734818531
594287669
250695985
955326276
453544325
848461186
242701866
175242352
893781940
229081560
276911020
211783912
993393404
473100081
614130502
238361639
172206778
968792701
905824614
296049875
330783324
131182164
803066897
197314817
467000812
295414735
971819422
276965247
624030154
831533158
991384983
662180298
333294060
440619663
467260999
452250685
930338481
645819639
564504952
581586618
195596604
462502098
786688518
171561206
362175656
97251624
761784665
866672648
9867385
959579329
529697317
181504107
463774594
339640122
234218184
681598964
25925155
268440334
521718054
922669622
222242586
346642784
893343465
609504141
601214646
444135552
150733939
763580171
982906898
627523180
327589726
108163862
345636531
953839396
637372982
934046589
209263852
522657541
120236028
876625252
948983408
365177941
645520542
683765959
567633740
638282250
410596053
672935746
18223555
86092236
771115433
357552856
42463546
501667557
158863213
839350535
977179303
952699475
288416938
597533765
576163458
296338014
219974588
704107357
363834078
531748439
979007271
132549236
189164656
574855413
353524281
645929878
249096888
923641886
766996593
64035899
464556022
413398270
123372573
184532820
676251473
46485770
57063668
540826117
2555282
838146625
247682357
539411551
464674876
397538068
67634169
69989916
242729622
572981097
478881299
825763722
919745895
221670514
227327660
196095000
937089733
386907078
910062821
118942187
971786462
398084707
564291684
433611215
523628295
964777516
711907080
330095451
545070198
220282091
606245110
831099899
366159717
962271066
101629181
405082435
31121215
454683648
81329928
607507804
514730810
754861463
731583447
136961143
60518435
512117512
693916816
725659789
829932439
675449081
641153798
770079563
342481568
519515145
118485835
253979972
689983792
898146114
166354832
259301431
687639636
226658330
728167741
229419842
353181688
78156513
468643046
694633901
791910707
462910615
787452651
682866113
564858900
349760923
792949660
391819107
600765496
757969669
101271191
368100485
200407191
684257705
963316980
551265598
659451394
496820758
220092111
430905393
861802411
178215986
459935754
430417609
866095519
775323998
393315751
22902767
182223618
973633372
599671762
121339278
772449723
166696112
775516353
487248144
217491044
26908451
939200961
97724032
519790066
376492617
398723662
85748339
665760720
678769018
422099916
641054394
81219376
551319549
312127177
710184398
382600160
967019039
680974947
750406752
666547600
733729782
659176795
45045109
45171176
203651804
737274732
558447604
213161450
309577948
436096138
677808109
736511084
914048046
126668419
350990968
337443331
121415622
502877986
959090425
715538265
709295838
550182821
950500869
67015969
592164733
168642378
524703550
238089568
98679566
993796783
152249459
142725438
208902333
463230103
570146159
885987593
391099996
873176363
936034296
687725474
969230724
237362716
104567066
522292149
133197195
159292965
977824694
390259253
548875942
679257354
38403168
132203540
658670092
267543128
634702660
639162694
365916479
672476223
580679591
858767392
589459155
509792602
444300244
403189281
666820591
41855879
879464767
480367523
273454454
233379398
124503697
204183385
648929169
731090269
880550526
63339278
242758634
885681097
418307800
940768276
596080330
347708625
695379843
412657032
46980187
32943165
239737399
513634184
634288952
762273995
482749684
913950377
765059849
377430095
225555974
155600542
173288080
861274873
589427051
818720263
708760523
995212579
958566624
288308326
332323919
442857833
742070860
821187106
217580664
705748789
965225357
542307700
689234127
122462619
467355285
627510334
801561973
877178434
253440436
146506873
711959258
608434957
18995062
363004526
915522504
164482584
420078493
412691382
118725106
216479564
24141073
82951475
147069068
2424077
399438993
388502627
739687296
686136701
435663832
543741676
251984707
387377086
773709733
23353156
744348730
689340659
158721032
530682267
150211614
30657797
991239643
23046241
175915798
320083184
212979755
387583449
859932429
54715662
878104507
145311648
732526007
791924984
147428037
150868668
409781963
132139651
799979691
485353287
788809759
130443581
420163554
135726979
228729004
57448241
481510053
657941788
701385270
498565880
792770981
838706110
555709111
656841933
865784407
551972353
478957679
962657638
591046879
759897151
129042627
413801179
225079952
912009389
272839131
37531805
179024774
560229288
983133669
528282839
561838072
55179659
215791916
576110927
784313516
298328197
878404538
84024768
392224528
784546245
297034939
263823520
222703360
689540739
833929307
651904933
126724014
472882559
311583250
186606481
487204592
664673449
830749319
484037825
118959608
67529859
770024473
260698352
208019000
929003439
600873639
275002337
660924827
129502074
44954488
138261319
920020987
478880357
981380980
32925870
45574911
106246289
304804389
453650322
953109233
194866424
564946477
771125731
647356025
963118752
201521697
903484917
434037690
922234818
656153583
969455965
300754888
985852459
761347759
68475088
46303696
897860246
783750678
666195164
183728574
794946560
422961289
801047782
31567606
44814830
157500655
427543300
430831046
847707059
832964118
603485731
742043396
565363154
957138558
926368195
809626174
622684342
958052179
566735233
733594905
727450977
991528006
442242624
873352717
662875533
169430413
195917510
436340896
863909270
598571728
713148975
194265824
441224566
515785675
403498134
226390812
992979114
646406270
168984154
820946677
310548796
311560522
412003523
232725330
730254818
692924682
23048923
500971981
725531350
659714408
962074362
474177019
662722970
472708747
385310818
783804113
344834078
20355590
212239400
449945506
239706093
686324161
773402226
666534933
730227063
941250580
846564709
599942837
307081693
371438963
414523515
808274534
519318325
567109915
296044253
734704981
901933282
446686599
796504495
999860
983353381
571529768
111981731
211453009
707230374
915302941
602814520
302139127
294577790
504469591
510445053
557041500
977145002
409726402
778243089
563804657
659929676
186225221
417376318
160068563
271968375
729940631
275819552
246090624
101081777
202498965
680595961
638253890
739078453
744972240
469859625
576198093
549775211
427121928
570510838
347596673
888699660
937090165
673146160
675748685
903741438
604353949
228942528
421853859
29795556
555252906
511822785
744747208
775066768
921655509
734686185
340194828
737115082
828663804
169788485
522885128
981149615
874419601
220812332
657223987
681433227
435054552
306814045
488100476
604984917
691363146
536129394
532705447
590135072
245495449
622121184
479006250
32915702
459755469
196487091
659050555
164667562
957064036
936788265
566230049
725245990
592130503
272152763
19470581
708916774
340764340
768863826
195795765
858433676
185724800
726371300
906652574
29922250
427887665
518932608
901332051
598125668
933708341
287686858
3886519
582255531
81634360
733934829
266692333
476815412
489826995
226654799
594794754
535133107
585151477
901455777
743445001
320738110
929701684
239729288
764457831
737363500
946988716
925019623
58479091
947463100
198995384
730696015
878344998
236062279
255409058
321752336
241275146
367917201
556084307
804662868
129130966
471514993
646930031
364668896
57951080
968771110
418541273
702906217
483356752
512151469
996344549
543715382
925216993
262640541
703024053
832421189
855619032
258845423
430613333
212310714
497033936
918611942
628830817
95489908
543199992
142785642
706128918
533097045
597184003
703352802
205361709
681252490
792155983
90248282
527244037
428471858
539861310
43401569
879333120
200347922
374347040
912004768
93411330
616439710
742237222
417211614
356011016
967203337
709354038
453897049
992768648
140290351
73978655
299111613
721342527
466861183
222601263
321123400
859438230
980200572
589068251
397650969
472902242
240628555
243656913
35710240
649723684
818018879
909355933
567704847
749285366
536593161
310170973
285991972
317175327
975374992
946798372
537856550
824219418
214648939
759701656
376847680
336898325
94859499
510226778
801612089
643529464
385950729
317409038
705790653
175114489
530090211
523838705
182212897
70482425
817559174
539693650
272880909
812810078
289766871
512724739
670689792
403364707
871849288
215238065
58422399
386549831
488033060
33642335
282674719
214292130
823696075
324526459
742181644
753506664
893548194
434470728
395070740
554542806
871248461
690269660
341266461
739346736
278830379
223264788
971939996
181702332
246394385
649289977
609571614
561833896
611833711
148664122
146943493
238489778
464168162
727074612
70835111
333008335
720505044
956739877
351106915
780531575
210727256
984546402
246114935
514124071
990728475
267045202
449436486
629845609
331378099
597923265
184994626
799156232
355702377
693610210
56169506
52492235
103015180
990160529
630470890
943979987
227983508
465422705
431345348
990330094
710216315
678056395
227738896
862472487
235572619
260300848
752134486
621885454
827015943
736526893
4906851
814295768
414413545
326965803
597369485
183812426
67322724
469816049
252843675
402083812
37500162
837023870
296702064
663698329
937863579
517160104
819851850
355342915
87298900
561922437
904469633
931380890
798146157
681180712
67595447
58579630
428634600
272359947
60840819
781360281
706849524
819154736
735707061
545556491
923894188
405111464
222497907
170858314
387718108
529470487
941834917
912227098
685127287
284138925
49053871
699638596
991226920
514527725
455764087
260922643
906044305
961070929
791290357
347797873
166068926
383603969
817504280
988720191
425994121
589201022
875198201
471173053
22631225
353983559
243020303
438164714
71259986
533710218
846911548
386380753
241191129
755623626
111281756
660876811
324425694
84355459
201983317
997925365
801817427
960639679
70298610
449767449
676910031
539325758
594144745
559079767
785241715
415569291
566812010
977095455
388009370
330734631
722286019
195560261
19104456
745725673
601929168
944781548
795101535
594880642
42026899
742077184
780138034
947733915
782025247
251124551
411128143
693621199
753161243
246487377
328080680
844489169
491913910
833641441
480191369
218741825
572294422
897663395
431562965
13559468
967205102
753217940
195169010
245516430
629301135
618511983
163997100
930556966
31933730
14012787
954812430
41146278
110640427
687860986
990554068
301537408
346256711
404445424
554445873
827130221
976580300
378489989
547467111
731692471
845142528
443505066
797332481
507095114
457986321
350072216
87758094
107057676
864051255
851763867
62547081
884168995
598552740
636338152
379009431
638032601
601539309
115923494
454447160
198995518
963486332
457587877
422269849
846431271
403999054
26816747
614079689
984697473
308811631
883995138
251576304
879006532
738665182
378481863
947423551
624580684
63721529
878982466
17598531
391961317
62026215
292669985
20683273
440087502
162104625
986633236
7713483
139391864
259929225
770273894
522854438
693981430
385332323
990816884
467726588
578242799
546108379
11087397
964571779
844479141
153752199
196448009
983540156
685487607
772775102
940493781
447356719
398776571
69703363
521911121
98410389
