299 300 297
658315217 670856960
484094341 929598329
316577675 877551292
558226247 626495990
196548392 682425786
185359965 951797286
579343684 854995791
559066719 860250991
182790979 682970060
192201355 933754035
245791320 722246139
654552720 858981878
185382360 578940898
287281214 600750626
73971665 255465985
762282799 799302542
548914007 735819370
112647796 559761042
650957087 973589813
149491511 271237387
258501230 687788402
325049275 921611267
161075537 270645733
432017067 722564261
354391185 462772437
233783666 396686817
612489928 795833330
25600275 829947331
827322450 968295005
265128491 614868349
78983178 897644210
139946741 702634943
628252928 649135903
269146011 685152526
109488138 791535035
158016386 787743126
134937069 697183682
644615367 696317567
850211578 868818185
130890412 776510101
161826204 278319947
595729479 844508566
733515739 956604171
128691381 912712310
373595161 645009748
408867964 525062900
420099188 967247275
394124766 856994917
80758203 98895261
278329815 993625673
305941831 711039965
202379092 350411331
146941704 777266262
56055653 271528715
108719174 667506408
346459755 395806829
257300977 833620457
352226857 916347001
118024825 922041722
488454980 844121542
158362308 478891418
232690373 636549570
8819641 138029150
144529636 822202837
463865314 725800617
288569541 582343777
255528368 803460438
717232293 915733266
15972007 739693050
416511426 941309381
101756525 881922647
525402416 725211713
278433687 852986139
262946535 518509540
75804020 284502934
123424376 274632679
239319123 636300226
79172497 724291717
102512267 389282465
503510147 901254078
265402257 839484904
302522944 377691629
104196143 967022546
594178685 960998830
486561441 978322810
386691341 419824102
155983393 191494024
727563829 957870389
521644817 828529781
463737156 597697227
666978094 876446666
5445521 873803948
409722121 732143950
391145937 604661709
131883017 632449536
472468340 769508069
310080735 450926107
182983000 814907366
283563558 965906238
71289873 459781903
259865371 844049308
767425862 809397854
331188806 899990364
485712414 626372949
333513794 834851672
233350398 377810359
216955416 782997777
158536553 429380237
597504264 930869310
15045971 955244686
357786933 875308194
571111322 697116518
37469234 343578024
345720449 966208088
339992702 975268243
160687917 307624696
468512257 487532457
753134476 979828611
298525816 743337869
160371724 400274463
124589670 736419411
621652536 767435102
267463092 599503794
186174816 915810672
126552486 524060616
685229673 904659982
21934186 602998331
573764147 653480402
38498536 813706372
535623483 753901988
488241506 513235910
528251685 828926425
248233104 467609942
101464877 291186827
420965963 724152646
124479945 834495300
549917843 622394362
526561160 861793161
468761499 473972090
163719635 967664749
263293498 938015220
549916680 663006701
700255344 716678147
514196578 676690215
279951329 752636372
269954197 682716271
54803347 728829062
170771626 547104857
409784782 988597010
861024004 943638676
522182951 860193686
329502454 478617707
603090455 766020569
160886885 396080912
188866312 290948417
101097578 988358115
22724772 705875912
2341211 306666541
652807468 662996052
491687250 951365199
584764353 905000862
730985176 946943205
180158269 295480287
326644288 954110107
86815340 536293939
142409917 350864581
323813322 363304960
138478961 998664087
487881011 924113414
445355772 821521320
461474456 977947055
380197479 636234960
282784987 617775265
322579982 953590740
344372867 512429869
174660510 578426892
70573407 437954639
697395829 972852830
534509710 862629471
552564609 808918904
860231214 861705802
123201191 741126773
370315480 994690374
614007534 947176703
484433247 688084156
689617226 979822143
425518588 635987554
387429536 834853113
656094143 831604105
427027522 995131987
14433973 668463223
745399292 980210295
620932656 623236234
254276159 439895842
236721255 910760635
337516931 962067100
83102075 750931107
415710817 607034337
625952009 754704338
63917337 734372692
244507292 905999316
168966248 769972553
370862621 865115306
792061655 939392846
256095646 677889874
273101633 347513834
393638810 629246904
312668741 942297162
203997189 282764671
374356001 813797679
536228374 952357646
492982244 714182444
254692721 463010977
630391509 700156634
120514077 604847708
194950717 510066074
344818305 375435891
634792905 685416936
83512464 361216174
679572877 697566017
544471127 605170867
117170694 707584999
511634296 700655955
744584921 759834467
419979873 577662461
445640340 586069204
181041594 521575757
204656897 601764342
675165591 907735849
464074563 986864271
337521139 562529966
266532354 596593402
672438472 699141843
217898370 960029996
125102936 631310961
715006879 787613344
169043319 373799539
27544775 477047057
456448081 911644213
39422891 833476575
342403705 776033936
299238745 451584408
279436403 417054576
349414326 515701685
9784235 453393071
528213296 911340419
86880408 474972409
658875516 868723984
352826452 650271443
127909283 931893487
293166014 461596961
170431046 426212888
784222696 818770003
313263024 464372060
529423255 924120143
12106383 54380609
704902244 811862401
69890582 239447586
256735251 685199317
288869000 530986564
105001305 322649791
66655185 628625935
214119496 829629782
738082613 903087218
215569052 974382627
467287300 528944232
222377190 659214981
68051004 738118003
13315373 826924506
662872728 832158631
322743459 772029626
129537801 434491891
625592321 744664082
92166511 848394413
677552589 964867903
67736493 988491552
442540386 584506775
821841334 863428335
73900085 93125121
272532472 877216206
210354146 568874317
216026478 831152157
792371310 865782703
396163444 933588977
182960840 814739828
187992036 860770900
223124862 824494614
364006236 632392107
470059620 707221888
251400818 646599543
69741386 799336164
283497512 961716065
246819864 358942987
898860835 956593719
39295339 793451325
510107272 990753421
117003692 878513899
268328920 519820376
483933764 894787153
36 57
216 217
155 181
91 94
12 143
251 257
246 247
207 208
95 96
230 231
159 174
26 35
66 68
162 169
94 95
231 246
263 270
219 221
52 54
219 220
54 55
108 109
47 48
152 153
52 53
213 219
68 69
47 49
86 87
242 244
213 214
190 192
124 125
203 292
4 5
26 27
264 265
190 194
166 167
36 44
14 22
61 65
14 21
36 81
195 198
121 128
40 41
117 119
203 204
74 75
120 121
186 189
211 212
50 52
275 276
59 60
131 132
204 205
103 106
94 103
248 249
203 206
7 8
12 142
242 243
236 237
46 47
83 84
212 223
146 150
13 23
165 166
86 113
66 80
36 58
95 100
37 38
213 215
26 34
7 10
114 116
203 293
212 225
186 187
228 284
260 261
253 254
160 161
71 72
162 173
16 17
68 70
36 135
70 71
0 2
36 83
12 155
164 165
24 25
237 238
265 266
40 42
203 207
59 61
276 277
59 66
251 259
203 288
86 90
19 20
97 99
195 196
45 46
36 140
159 178
251 253
7 12
148 149
30 31
277 279
4 182
183 184
203 299
155 158
251 252
66 79
68 73
178 179
95 102
200 201
212 213
286 287
155 157
277 280
207 209
233 234
100 101
123 124
190 199
26 28
186 203
87 88
228 285
76 77
121 123
253 255
16 19
159 162
4 7
36 45
228 229
73 74
294 297
37 39
0 1
135 139
7 11
14 15
207 211
178 180
12 36
36 37
36 82
62 63
189 190
90 91
85 86
275 281
117 120
114 115
170 172
45 50
146 148
135 136
61 62
83 134
32 33
216 218
123 127
26 30
73 78
207 228
26 32
272 273
207 210
170 171
183 185
117 118
250 251
97 98
249 263
207 286
264 267
0 4
52 56
40 43
146 147
263 264
107 108
84 114
121 122
26 29
7 9
189 200
123 126
195 197
189 202
165 168
159 177
294 298
36 59
229 275
0 3
84 133
246 248
86 110
114 130
203 291
203 289
0 183
263 269
219 222
103 105
234 235
14 16
155 156
13 14
12 152
4 6
230 272
145 146
236 239
248 271
143 144
159 160
162 163
103 104
213 216
229 282
111 112
183 186
162 170
186 188
249 262
231 245
251 258
175 176
190 193
84 85
37 40
74 76
231 242
114 117
152 153
236 240
294 295
212 224
231 232
95 97
231 233
234 236
90 107
249 250
250 260
228 283
155 159
91 92
61 64
136 138
110 111
225 226
253 256
50 51
136 137
190 191
12 145
159 175
16 18
194 195
91 93
225 227
263 268
152 154
277 278
12 26
84 131
294 296
87 89
66 67
240 241
230 274
36 141
293 294
203 290
120 129
12 24
229 230
12 13
162 164
146 151
82 883086665 996952142
167 26338470 622051673
122 542089306 568837939
233 364973451 730309615
165 272218453 387453133
141 531209432 851384372
217 433953506 982485160
255 179545181 704848794
67 4267929 387935545
273 343451644 563013834
29 609172357 868509199
65 320637365 664980685
37 436256263 450739018
139 39174179 355583100
29 531139413 881628620
148 515960115 748294500
203 609572576 642511377
294 177336585 618687061
23 136363893 147244043
236 356576572 610854657
9 811601133 851312074
277 82212918 945250046
200 775382218 869784593
14 368457277 994850469
114 638233275 888996542
219 422302935 522564088
17 212742681 423595933
63 223131306 714960104
74 262800720 847716273
224 140201067 245886422
100 643609869 886618042
113 207282787 642104833
80 318306644 390500233
4 247129681 984188471
271 231598396 435378391
68 108747496 318792598
129 96532589 783730322
41 117671722 813617297
119 317169961 942119062
31 853015045 998294982
245 573870629 960587254
215 584708972 908585224
176 322652306 569672468
178 19874789 760612341
299 208847532 932113845
98 311181861 906734391
182 933540337 989864705
72 654076326 816454699
267 701006439 776383286
147 644974251 790695039
284 625929384 799516569
137 400899729 584790229
264 110751871 985926356
126 544599888 794073496
163 126405074 354973474
207 353585347 386362466
289 72380798 726657376
147 258364093 781349303
158 54613400 375030655
128 838493173 879370971
211 902023990 953972085
193 360950934 470051629
22 64981580 145686469
220 168519103 423604463
241 614203577 678400977
197 674305273 857251482
120 855920193 959175172
15 482498952 973862542
264 93662566 152975240
258 99683041 211522170
253 80663626 723987007
198 441265375 888100525
97 982852352 994194561
98 470088488 829450028
154 739853020 936497645
258 622580098 936144564
173 32902436 392837100
129 434512576 763224863
1 622540132 981424976
151 10510439 847223169
151 270035628 751025827
11 953590361 958809513
147 625551360 714208042
68 618928515 928567625
274 454451305 731601872
97 185740681 660507428
283 604575205 870889719
95 140065092 413089620
186 182845621 696436345
110 418071238 895072732
144 647961935 865583809
9 16461392 548612967
264 767736151 861254558
82 237353567 329884910
208 438303504 865331571
88 131440463 398477425
54 549161202 741599813
89 387986983 837113223
117 293998123 947864041
29 76322489 743456663
286 163417465 333426600
186 267244156 749668389
29 686893178 951717045
193 677822763 811043452
112 866412703 882204389
63 502651245 749910293
18 121037697 357777376
94 549061332 659944955
68 48682009 657858787
75 185009048 427551767
235 77354755 544930192
97 248231852 414310344
90 45283407 183069366
224 40396632 303508608
245 136189663 858637669
292 122160542 948576783
215 499788247 727932067
266 296459778 726496089
243 45555905 927162743
29 435499134 964361475
131 199863669 221649517
128 622009516 626138004
249 322807799 983532663
222 80468993 442972624
298 98014461 284667075
275 566999338 653211127
262 158678615 674398406
178 264055511 699071966
89 674094285 921890303
12 841749039 850771601
257 637257115 917625643
208 277756833 830193435
34 92137955 407327488
88 141516648 209850083
132 591732887 991790447
298 268583303 373624050
154 86146788 288938519
91 309717487 773535128
8 40024791 620603698
283 42902450 429781779
194 361129184 804076649
296 51015372 863199283
103 141861450 283242132
296 659138198 980650875
287 663634331 927575388
93 812243910 914138866
251 180666896 758313166
297 6143839 140613299
223 309495179 560576660
191 404371237 496702580
86 250142005 974689125
138 477125680 555877062
57 201309918 234879402
245 236287642 371100184
212 520470665 981919506
88 486390280 487038630
196 7957310 637971189
124 118043307 681590022
239 10314105 320908421
74 655397728 767390666
127 92637368 790155376
97 64863532 94871396
270 336897637 405351215
284 507397203 772655035
280 125087659 153184975
210 56126752 465504703
47 315612156 546413347
94 228845656 960588663
221 215970373 509252798
129 313814485 789783007
40 486094740 556067943
253 718085712 757755542
45 510115476 855898456
153 98207007 264458906
286 88989750 486122026
178 610896311 825950032
9 409040666 704027374
258 646104 100099492
237 95938188 910587264
178 44766713 251267892
271 165243455 912872460
218 123044155 667807669
43 199958686 414546381
168 336512628 498403574
118 73692971 516502809
105 56913867 776397292
141 611679161 782564697
137 31287119 660308310
230 39264082 522115849
233 645525139 767676907
136 495041825 842234588
150 375536769 481682096
27 103170317 130660777
284 383926414 971915562
226 439346245 474548553
62 171035626 664417922
252 679497107 940203635
181 158873447 928752557
101 610172166 856743585
272 548601336 702438166
230 157309609 970608937
139 284792539 583816568
196 367612200 401320091
53 582204640 990479257
111 117579094 582992591
11 692590169 795346471
167 155977347 836549004
133 445730700 619426297
217 67399236 299170196
126 629858213 747823988
282 5336239 931917842
170 534883098 577014142
81 134211075 895171639
272 621776613 718594858
213 258265681 510296238
233 299212910 547269997
11 96198408 482995231
291 821660401 979403780
139 710788280 875291038
175 202682740 449364097
279 107454594 275425036
291 285033944 318758166
104 209344592 441666970
245 484916219 913258960
215 264654980 410686802
262 641467300 882479511
92 497966376 611858848
152 421511039 436714445
277 460538557 998947990
80 34777114 844762012
102 405213729 967876412
124 323609559 366571013
195 78628415 492322391
7 305944919 960209978
87 488394420 928881081
106 70237769 828318376
100 425756844 659800444
175 109379076 479298284
187 816288949 830112555
181 217639060 491880986
244 629305253 980603278
94 216128966 741030088
266 188472801 407378193
232 388573514 634435948
16 485872837 766362413
43 56389493 117880601
293 356341381 921585211
114 399457495 845147409
52 182770901 852425369
175 431376905 535577228
238 539304312 762270338
115 544130915 565501359
273 244503920 327612968
122 598921654 602325868
194 462535915 816366161
169 277699349 885242303
152 204587445 427130657
224 226767564 545129144
153 260594122 483484098
66 427094311 834876692
256 687815424 972951998
253 214225078 492506234
154 377089636 900991127
182 576162958 740151389
265 465890884 751355433
106 684852578 825530686
285 559436890 932898067
59 160672242 436624020
176 16050215 798725623
107 13556454 532869078
177 343116153 560479852
63 652763095 689063463
57 246994129 904892654
23 100813418 180590424
172 253626204 583258099
19 205578892 955473867
151 158382231 283828366
52 359034233 679857374
51 468071078 791592800
221 209111179 312083205
184 440390482 675901980
234 106749339 324905176
58 595741238 623617602
143 307487082 928045564
284 42523744 376008928
106 191206905 848456864
207 65447290 867226310
158 192167337 968502539
164 243874961 796355810
129 62777092 264988790
13 388089652 826680569
116 389199361 968609347
173 72865370 722937317
187 378312314 665307006
83 710810917 934377617
115 310221381 767432932
56 242265699 426629280
